target_system	training_system	rank_corr	rank_corr_std	spear_corr	spear_corr_std
MTBLS20	MTBLS20	0.6283	0.2186	0.7522	0.2111
