"inchi","V1","V2","V3","V4","V5","V6","V7","V8","V9","V10","V11","V12","V13","V14","V15","V16","V17","V18","V19","V20","V21","V22","V23","V24","V25","V26","V27","V28","V29","V30","V31","V32","V33","V34","V35","V36","V37","V38","V39","V40","V41","V42","V43","V44","V45","V46","V47","V48","V49","V50","V51","V52","V53","V54","V55","V56","V57","V58","V59","V60","V61","V62","V63","V64","V65","V66","V67","V68","V69","V70","V71","V72","V73","V74","V75","V76","V77","V78","V79","V80","V81","V82","V83","V84","V85","V86","V87","V88","V89","V90","V91","V92","V93","V94","V95","V96","V97","V98","V99","V100","V101","V102","V103","V104","V105","V106","V107","V108","V109","V110","V111","V112","V113","V114","V115","V116","V117","V118","V119","V120","V121","V122","V123","V124","V125","V126","V127","V128","V129","V130","V131","V132","V133","V134","V135","V136","V137","V138","V139","V140","V141","V142","V143","V144","V145","V146","V147","V148","V149","V150","V151","V152","V153","V154","V155","V156","V157","V158","V159","V160","V161","V162","V163","V164","V165","V166"
"InChI=1S/C11H12N4O3S/c1-18-6-5-12-11-13-10(14-19-11)8-3-2-4-9(7-8)15(16)17/h2-4,7H,5-6H2,1H3,(H,12,13,14)",0,0,0,0,0,0,0,0,0,0,0,0,0,0,0,0,0,0,0,0,0,0,0,0,0,0,0,0,0,0,0,1,1,0,0,1,0,1,0,0,0,0,0,0,1,0,1,0,0,1,0,0,0,0,0,1,0,0,0,0,0,1,1,0,0,0,1,0,0,1,1,0,0,0,0,1,1,1,1,0,1,0,1,0,0,1,0,1,0,0,1,0,1,1,1,1,0,0,1,1,0,1,0,0,0,1,0,0,1,0,1,0,0,0,1,1,0,1,1,1,1,1,0,1,1,1,0,0,0,1,1,1,1,0,1,1,1,1,0,1,1,1,0,0,1,1,1,1,1,0,1,0,1,0,1,1,1,1,1,1,1,0,1,1,1,1
"InChI=1S/C11H12N4O3S/c16-9(17)7-19-11-14-13-10(18)15(11)6-4-8-3-1-2-5-12-8/h1-3,5H,4,6-7H2,(H,13,18)(H,16,17)",0,0,0,0,0,0,0,0,0,0,0,0,0,0,0,0,0,0,0,0,0,0,0,0,0,0,0,0,0,0,0,0,0,0,0,0,1,0,0,0,0,0,0,0,1,0,1,0,0,0,0,1,0,0,0,0,0,0,1,0,0,0,0,1,1,0,0,0,0,0,0,0,0,0,1,1,1,1,1,1,1,0,1,0,1,0,0,1,0,1,1,0,0,1,1,1,0,1,1,1,0,0,0,1,0,1,0,0,0,1,1,0,1,0,0,0,1,1,1,1,1,1,1,1,1,0,1,1,0,1,1,1,0,0,0,1,1,1,1,1,0,1,1,1,1,1,1,1,0,1,0,0,1,1,1,1,1,1,1,0,1,0,1,1,1,1
"InChI=1S/C11H12N4O3S/c1-6-3-9(16)14-11(12-6)19-5-10(17)13-8-4-7(2)18-15-8/h3-4H,5H2,1-2H3,(H,12,14,16)(H,13,15,17)",0,0,0,0,0,0,0,0,0,0,0,0,0,0,0,0,0,0,0,0,0,0,0,1,0,0,0,0,0,0,0,0,0,0,0,0,0,1,0,0,0,0,0,0,1,0,1,0,0,0,0,0,0,0,0,0,1,0,1,0,0,0,0,1,1,0,0,0,0,0,1,0,0,0,0,1,1,1,0,0,1,0,1,0,0,0,0,1,0,0,1,1,0,1,1,1,1,1,1,0,0,1,0,0,0,1,0,0,0,1,1,0,1,0,0,0,1,0,1,1,1,0,0,1,1,0,1,0,0,1,1,1,1,0,0,1,1,1,1,1,1,1,1,0,1,1,0,0,1,0,1,1,1,1,1,1,1,1,1,1,1,0,1,1,1,1
"InChI=1S/C11H12N4O3S/c1-8-10(11(16)14-19(2,17)18)7-15(13-8)9-4-3-5-12-6-9/h3-7H,1-2H3,(H,14,16)",0,0,0,0,0,0,0,0,0,0,0,0,0,0,0,0,0,0,0,0,0,0,0,0,0,0,0,0,0,0,0,1,1,0,0,0,0,0,0,0,0,0,0,0,1,0,0,0,0,1,1,1,0,0,1,0,0,1,0,1,1,1,0,0,1,0,1,0,0,0,0,0,1,0,1,1,0,1,1,1,0,0,1,0,0,0,0,1,1,0,0,1,1,1,0,1,1,1,1,0,0,1,0,0,0,1,0,1,0,1,0,1,0,0,0,0,1,0,1,1,1,1,0,1,1,0,0,0,0,1,1,0,1,0,1,1,1,0,1,1,1,1,0,1,1,1,0,1,1,1,0,0,0,0,0,1,1,1,1,1,1,0,1,1,1,1
"InChI=1S/C11H12N4O3S/c1-6(12-10(17)8-4-3-5-18-8)9(16)13-11-15-14-7(2)19-11/h3-6H,1-2H3,(H,12,17)(H,13,15,16)",0,0,0,0,0,0,0,0,0,0,0,0,0,0,0,0,0,0,0,0,0,0,0,0,0,0,0,0,0,0,0,0,0,0,0,1,0,0,0,0,0,0,0,0,0,0,1,0,0,0,0,1,0,1,0,0,1,0,0,0,0,0,0,0,1,0,0,0,0,0,0,1,0,0,0,1,1,1,1,1,1,0,1,0,0,0,0,1,0,0,0,1,0,1,1,1,1,0,1,0,0,0,0,0,0,1,0,0,0,1,0,0,0,0,0,0,1,0,1,1,1,0,0,1,1,0,0,0,0,1,1,0,1,0,1,1,1,0,1,1,1,1,0,0,0,1,0,0,1,0,1,1,0,1,0,1,1,1,1,1,1,0,0,1,1,1
"InChI=1S/C11H12N4O3S/c1-7-3-11(14(2)13-7)19-6-10(16)9-4-8(5-12-9)15(17)18/h3-5,12H,6H2,1-2H3",0,0,0,0,0,0,0,0,0,0,0,0,0,0,0,0,0,0,0,0,1,0,0,0,0,0,0,0,0,0,0,0,0,0,0,0,0,0,0,0,0,0,0,0,1,0,1,0,0,0,0,1,0,0,0,1,0,0,1,0,0,0,1,1,1,0,0,0,0,1,1,0,0,0,1,1,0,1,1,1,1,0,1,0,0,0,0,1,0,1,0,0,1,1,1,1,1,0,1,0,0,1,0,0,0,0,0,1,0,0,0,0,0,0,0,0,0,0,1,1,1,1,0,1,1,0,0,0,0,1,1,1,1,0,1,1,1,1,0,1,1,1,0,1,0,1,0,1,1,1,1,1,1,1,1,1,0,1,1,1,1,0,0,1,1,1
"InChI=1S/C11H12N4O3S/c1-7-13-6-10(14-7)19(17,18)15-9-4-2-8(3-5-9)11(12)16/h2-6,15H,1H3,(H2,12,16)(H,13,14)",0,0,0,0,0,0,0,0,0,0,0,0,0,0,0,0,0,0,0,0,1,0,0,0,0,0,0,0,0,0,0,1,1,0,0,0,0,1,0,0,0,0,0,0,1,0,1,0,0,1,1,0,0,1,1,0,0,1,1,1,1,0,0,1,1,0,1,0,0,0,0,0,1,0,0,1,1,1,1,1,1,0,1,1,0,0,0,1,0,0,0,1,0,1,1,1,1,0,1,0,0,1,0,0,0,1,0,1,0,1,0,1,0,0,0,0,1,0,1,1,1,0,0,1,1,0,0,0,0,1,1,0,1,0,1,1,1,0,0,1,1,1,0,0,1,1,0,1,1,0,1,0,0,1,0,1,0,1,1,1,1,0,1,1,1,1
"InChI=1S/C11H12N4O3S/c1-2-19-11-14-8(12)7(10(17)15-11)13-9(16)6-4-3-5-18-6/h3-5H,2H2,1H3,(H,13,16)(H3,12,14,15,17)",0,0,0,0,0,0,0,0,0,0,0,0,0,0,0,0,0,0,0,0,1,0,0,0,0,0,0,0,0,0,0,0,0,0,0,0,0,1,0,0,0,0,0,0,1,0,1,0,0,0,0,0,1,1,0,0,1,0,1,0,0,0,0,1,1,0,0,0,0,0,0,1,0,0,0,1,1,1,1,1,1,0,1,1,0,0,0,1,0,0,0,1,0,0,1,1,1,1,1,0,0,0,0,0,0,1,0,0,0,1,0,0,1,1,0,0,1,0,1,1,1,0,0,0,1,0,1,0,0,0,1,0,1,0,1,1,1,1,1,1,1,1,1,1,1,1,0,0,1,1,1,1,1,1,1,1,1,1,1,1,1,0,1,1,1,1
"InChI=1S/C11H12N4O3S/c1-15-10(5-6-13-15)11(16)14-8-3-2-4-9(7-8)19(12,17)18/h2-7H,1H3,(H,14,16)(H2,12,17,18)",0,0,0,0,0,0,0,0,0,0,0,0,0,0,0,0,0,0,0,0,0,0,0,0,0,0,0,0,0,0,0,1,1,0,0,0,0,0,0,0,0,0,0,0,1,0,0,0,0,0,1,1,0,0,1,0,0,1,1,1,1,0,0,1,1,0,1,0,0,0,0,0,1,0,1,1,0,1,1,1,1,0,1,1,0,0,0,1,0,0,0,1,1,1,1,1,1,0,1,0,0,1,0,0,0,1,0,1,0,1,0,1,0,0,0,0,1,0,1,1,1,1,0,1,1,0,0,0,0,1,1,0,1,0,1,1,1,0,0,1,1,1,0,1,1,1,0,1,1,1,1,0,0,1,0,1,0,1,1,1,1,0,1,1,1,1
"InChI=1S/C11H12N4O3S/c12-19(17,18)6-5-15-11(16)8-1-2-9-10(7-8)14-4-3-13-9/h1-4,7H,5-6H2,(H,15,16)(H2,12,17,18)",0,0,0,0,0,0,0,0,0,0,0,0,0,0,0,0,0,0,0,0,0,0,0,0,0,1,0,0,0,0,0,1,1,0,0,0,0,0,0,0,0,0,0,0,1,0,0,0,0,1,1,0,0,0,1,0,0,1,0,1,1,0,0,0,1,0,1,0,0,0,0,0,1,0,0,1,0,1,1,1,0,0,0,1,0,0,0,1,0,1,1,1,0,1,0,0,1,1,1,1,0,1,0,1,1,1,0,0,0,1,1,1,0,0,0,0,1,1,1,1,1,0,0,1,1,0,0,0,0,1,1,1,0,0,0,1,1,1,1,1,0,1,0,0,1,1,1,1,0,0,1,0,1,0,1,1,1,1,1,0,1,0,1,1,1,1
"InChI=1S/C11H12N4O3S/c1-15-10(17)13-14-11(15)19-8-4-3-6(5-7(8)12)9(16)18-2/h3-5H,12H2,1-2H3,(H,13,17)",0,0,0,0,0,0,0,0,0,0,0,0,0,0,0,0,0,0,0,0,0,0,0,0,0,0,0,0,0,0,0,0,0,0,0,0,1,0,0,0,0,0,0,0,1,0,1,0,0,1,0,1,0,0,0,0,0,0,1,0,0,0,0,1,1,0,0,0,0,0,0,0,0,0,1,1,1,1,1,0,1,0,1,1,1,0,0,1,0,0,0,0,1,1,1,1,0,0,1,0,0,0,0,0,0,1,0,1,0,1,0,0,1,0,0,0,1,0,1,1,1,1,1,1,1,1,1,0,0,1,1,0,1,0,1,1,1,0,1,1,1,1,1,1,1,1,0,1,1,1,1,0,0,1,0,1,1,1,1,1,1,0,1,1,1,1
"InChI=1S/C11H12N4O3S/c1-2-7-14-8-5-3-4-6-9(8)15-10(14)12-13-11(15)19(16,17)18/h3-6H,2,7H2,1H3,(H,16,17,18)",0,0,0,0,0,0,0,0,0,0,0,0,0,0,0,0,0,0,0,0,0,0,0,0,1,1,0,0,0,0,0,0,0,0,0,0,0,0,1,1,0,0,0,0,1,0,1,1,0,0,1,1,0,0,1,0,0,1,1,1,1,0,0,1,1,0,1,0,0,0,0,0,1,0,1,1,1,1,1,1,1,0,1,0,1,0,0,1,0,0,0,0,0,1,1,1,1,0,1,1,0,1,0,0,1,1,0,0,0,0,1,1,0,1,1,0,0,1,1,1,1,1,0,1,1,0,0,0,0,1,1,0,0,0,0,1,1,1,1,1,1,1,0,0,1,1,1,1,1,0,0,0,1,0,1,1,0,1,1,1,1,0,1,1,1,1
"InChI=1S/C11H12N4O3S/c1-19(17,18)10-4-2-8(3-5-10)14-11(16)15-9-6-12-13-7-9/h2-7H,1H3,(H,12,13)(H2,14,15,16)",0,0,0,0,0,0,0,0,0,0,0,0,0,0,0,0,0,0,0,0,0,0,0,0,0,0,0,0,0,0,0,0,0,0,0,0,1,0,0,0,0,0,1,0,1,0,0,0,0,0,1,1,0,0,1,0,0,1,1,1,1,0,0,1,1,0,1,0,0,0,0,0,1,0,0,1,1,1,1,1,1,0,1,0,0,0,0,1,0,0,0,0,1,1,0,1,0,0,1,0,0,1,0,0,0,1,0,1,0,1,0,1,0,0,0,0,1,0,1,1,1,0,0,1,1,0,0,0,0,1,1,0,1,0,1,1,1,0,1,1,1,1,0,0,1,1,0,1,1,0,1,0,0,0,0,1,1,1,1,1,1,0,1,1,1,1
"InChI=1S/C11H12N4O3S/c1-8(16)14-9-3-2-4-10(5-9)15-19(17,18)11-6-12-13-7-11/h2-7,15H,1H3,(H,12,13)(H,14,16)",0,0,0,0,0,0,0,0,0,0,0,0,0,0,0,0,0,0,0,0,0,0,0,0,0,0,0,0,0,0,0,1,1,0,0,0,0,0,0,0,0,0,0,0,1,0,0,0,0,0,1,1,1,0,1,0,0,1,1,1,1,0,0,1,1,0,1,0,0,0,0,0,1,0,0,1,0,1,0,1,1,0,1,0,0,0,0,1,0,0,0,1,0,1,0,1,1,0,1,0,0,1,0,0,0,1,0,1,0,1,0,1,0,0,0,0,1,0,1,1,1,0,0,1,1,0,0,0,0,1,1,0,1,0,1,1,1,0,1,1,1,1,0,0,1,1,0,1,1,0,1,0,0,0,0,1,1,1,1,1,1,0,1,1,1,1
"InChI=1S/C11H12N4O3S/c1-17-7-4-3-6(5-8(7)18-2)9-10(16)15(12)11(19)14-13-9/h3-5,9H,12H2,1-2H3",0,0,0,0,0,0,0,0,0,0,0,0,0,0,0,0,0,0,0,0,0,0,0,0,0,0,0,0,0,0,0,0,0,0,0,0,0,0,0,0,0,0,0,0,0,0,1,0,0,1,0,1,0,0,0,0,0,0,0,0,0,1,0,1,0,0,0,0,0,0,0,1,1,0,1,1,1,0,1,1,1,0,0,1,0,0,0,1,0,0,0,1,1,1,1,0,1,1,1,0,0,0,0,0,0,1,0,1,0,1,0,0,1,0,0,0,1,0,1,1,1,1,0,1,1,1,1,0,0,1,1,0,1,0,0,1,1,0,0,1,1,1,1,1,1,1,0,1,1,1,1,1,0,1,0,1,1,1,1,1,1,0,1,1,1,1
"InChI=1S/C11H12N4O3S/c1-5-9(11(16)17)10(13-6(2)12-5)19-4-8-14-7(3)18-15-8/h4H2,1-3H3,(H,16,17)",0,0,0,0,0,0,0,0,0,0,0,0,0,0,0,0,0,0,0,0,0,0,0,1,0,0,0,0,0,0,0,0,0,0,0,0,0,1,0,0,0,0,0,0,1,0,1,0,0,1,0,0,0,0,0,0,1,0,1,0,0,0,0,1,1,0,0,0,0,0,1,0,0,0,0,1,1,1,1,1,1,0,1,0,0,0,0,1,0,0,0,1,0,1,1,1,1,1,1,0,0,1,0,0,0,0,0,1,0,1,1,0,0,0,0,0,1,0,1,1,1,0,1,1,1,0,0,0,0,1,1,0,0,0,0,1,1,1,1,1,1,1,0,1,1,1,0,0,1,1,0,0,1,1,1,1,1,1,1,1,1,0,1,1,1,1
"InChI=1S/C11H12N4O3S/c1-7-2-3-8(19-7)4-12-11(18)9-5-15(14-13-9)6-10(16)17/h2-3,5H,4,6H2,1H3,(H,12,18)(H,16,17)",0,0,0,0,0,0,0,0,0,0,0,0,0,0,0,0,0,0,0,0,0,0,0,0,0,0,0,0,0,0,0,0,0,0,0,1,0,0,0,0,0,0,0,0,1,0,0,0,0,0,0,1,0,0,0,0,0,0,0,0,0,0,0,0,1,0,0,0,0,1,0,0,0,0,1,1,1,1,1,1,1,0,1,0,0,0,0,1,0,1,0,1,0,1,1,1,1,0,1,1,0,0,0,1,0,0,0,1,0,1,1,0,0,0,0,0,1,0,1,1,1,1,1,1,1,0,0,0,0,1,1,1,0,0,0,1,1,1,1,1,1,1,0,0,0,1,0,1,1,0,0,0,1,1,1,1,1,1,1,1,1,0,0,1,1,1
"InChI=1S/C11H12N4O3S/c1-2-18-11(16)10(13-17)9-4-3-8(19-9)7-15-6-5-12-14-15/h3-6,10H,2,7H2,1H3",0,0,0,0,0,0,0,0,0,0,0,0,0,0,0,0,0,0,0,0,0,0,0,0,0,0,0,0,0,0,0,0,0,0,0,1,0,0,0,0,0,0,0,0,1,0,0,0,0,0,0,1,0,0,0,0,0,0,0,0,0,0,1,0,1,0,0,0,0,1,1,0,0,0,1,1,1,0,0,1,1,0,1,0,0,0,0,1,1,0,0,0,0,1,1,1,0,0,1,1,0,1,0,0,0,0,0,1,1,0,1,0,0,1,0,0,0,0,1,1,1,1,1,1,1,1,0,0,0,1,0,0,0,0,0,1,1,1,0,1,1,1,0,0,0,1,0,1,1,0,0,0,1,1,1,1,1,1,1,1,1,0,0,1,1,1
"InChI=1S/C11H12N4O3S/c16-10(5-8-1-4-19-7-8)12-2-3-15-6-9(11(17)18)13-14-15/h1,4,6-7H,2-3,5H2,(H,12,16)(H,17,18)",0,0,0,0,0,0,0,0,0,0,0,0,0,0,0,0,0,0,0,0,0,0,0,0,0,0,0,0,0,0,0,0,0,0,0,1,0,0,0,0,0,0,0,0,1,0,0,0,0,1,0,1,0,0,0,0,0,0,0,0,0,0,0,0,1,0,0,0,0,1,0,0,0,0,1,1,1,1,1,1,0,0,1,0,0,0,0,1,0,1,1,1,0,1,1,1,1,0,1,1,0,0,0,1,0,0,0,0,0,1,1,0,0,0,0,0,1,1,1,1,1,1,1,1,1,0,0,1,1,1,1,1,0,0,0,1,1,1,1,1,0,1,0,0,0,1,1,1,0,0,0,0,1,1,1,1,1,1,1,0,1,0,0,1,1,1
"InChI=1S/C11H12N4O3S/c1-6-3-7(2)10(9(4-6)15(16)17)18-5-8-11(12)19-14-13-8/h3-4H,5,12H2,1-2H3",0,0,0,0,0,0,0,0,0,0,0,0,0,0,0,0,0,0,0,0,1,0,0,0,0,0,0,0,0,0,0,1,1,0,0,1,0,0,0,0,0,0,0,0,1,0,1,0,0,1,0,1,0,0,0,1,0,0,0,0,0,0,1,0,1,0,1,0,0,1,1,0,0,0,0,1,0,0,1,1,1,0,1,1,0,0,0,1,1,1,0,0,0,1,1,1,1,0,1,0,0,1,0,0,0,0,0,1,1,0,1,0,1,0,0,0,0,0,1,1,1,1,0,1,1,1,1,0,0,1,1,0,1,0,1,1,1,1,0,1,1,1,1,1,1,1,0,1,1,1,1,1,1,0,1,1,1,1,1,1,1,0,1,1,1,1
"InChI=1S/C11H12N4O3S/c1-18-9-5-3-2-4-8(9)7-19-11-12-13-14-15(11)6-10(16)17/h2-5H,6-7H2,1H3,(H,16,17)",0,0,0,0,0,0,0,0,0,0,0,0,0,0,0,0,0,0,0,0,0,0,0,0,0,0,0,0,0,0,0,0,0,0,0,0,0,0,0,0,0,0,0,0,0,0,1,0,0,1,0,1,0,0,0,0,0,0,1,0,0,0,0,1,1,0,0,0,0,1,0,0,0,0,1,1,1,1,1,1,1,0,1,0,0,0,0,1,0,0,0,0,1,1,1,1,1,0,1,1,0,0,0,1,0,1,0,1,0,0,1,0,1,0,0,0,0,0,1,1,1,1,1,1,1,1,1,1,0,1,1,1,0,0,0,1,1,1,1,1,1,1,1,1,1,1,0,1,1,1,0,1,1,1,1,1,1,1,1,1,1,0,1,1,1,1
"InChI=1S/C11H12N4O3S/c1-7-5-8(2)14-11(13-7)15-19(17,18)9-3-4-10(16)12-6-9/h3-6H,1-2H3,(H,12,16)(H,13,14,15)",0,0,0,0,0,0,0,0,0,0,0,0,0,0,0,0,0,0,0,0,0,0,0,0,1,0,0,0,0,0,0,1,1,0,0,0,0,0,0,0,0,0,0,0,1,0,0,0,0,0,1,0,0,0,1,0,0,1,1,1,1,0,0,1,1,0,1,0,0,0,0,0,1,0,0,1,1,1,0,1,1,0,0,0,0,0,0,1,0,0,0,1,0,1,0,0,1,1,1,0,0,1,0,0,0,1,0,0,0,1,0,1,1,0,0,0,1,0,1,1,1,0,0,1,1,0,1,0,0,1,1,0,1,0,1,1,1,0,1,1,1,1,1,0,1,1,0,1,1,0,1,0,0,0,0,1,1,1,1,1,1,0,1,1,1,1
"InChI=1S/C11H12N4O3S/c1-18-9-3-2-7(6-8(9)15(16)17)11-14-13-10(19-11)4-5-12/h2-3,6H,4-5,12H2,1H3",0,0,0,0,0,0,0,0,0,0,0,0,0,0,0,0,0,0,0,0,0,0,0,0,0,0,0,0,0,0,0,0,0,0,0,1,0,0,0,0,0,0,0,0,1,0,1,0,0,1,0,1,0,0,0,1,0,0,0,0,0,1,1,0,1,0,0,0,0,1,1,0,0,0,0,1,0,1,0,1,1,1,1,1,0,0,0,1,1,0,0,0,1,1,1,1,0,0,1,1,0,1,0,1,0,0,0,1,0,0,1,0,1,0,0,0,0,1,1,1,1,1,0,1,1,1,1,0,0,1,1,0,1,0,1,1,1,1,0,1,1,1,1,1,1,1,1,1,1,1,1,1,1,0,1,1,1,1,1,1,1,0,1,1,1,1
"InChI=1S/C11H12N4O3S/c1-7-2-4-8(5-3-7)19(17,18)15-11-9(10(12)16)6-13-14-11/h2-6H,1H3,(H2,12,16)(H2,13,14,15)",0,0,0,0,0,0,0,0,0,0,0,0,0,0,0,0,0,0,0,0,0,0,0,0,0,0,0,0,0,0,0,1,1,0,0,0,0,1,0,0,0,0,1,0,1,0,0,0,0,1,1,1,1,1,1,0,0,1,1,1,1,0,0,1,1,0,1,0,0,0,0,0,1,0,0,1,1,1,1,1,1,0,1,0,0,0,0,1,0,0,0,1,0,1,0,1,1,0,1,0,0,1,0,0,0,1,0,0,0,1,0,1,0,0,0,0,1,0,1,1,1,0,0,1,1,0,0,0,0,1,1,0,1,0,1,1,1,0,1,1,1,1,0,1,1,1,0,1,1,1,1,0,0,0,0,1,1,1,1,1,1,0,1,1,1,1
"InChI=1S/C11H12N4O3S/c1-7-13-14-11(19-6-10(16)17)15(7)8-3-4-9(18-2)12-5-8/h3-5H,6H2,1-2H3,(H,16,17)",0,0,0,0,0,0,0,0,0,0,0,0,0,0,0,0,0,0,0,0,0,0,0,0,0,0,0,0,0,0,0,0,0,0,0,0,0,1,0,0,0,0,0,0,1,0,1,0,0,0,0,1,0,0,0,0,0,0,1,0,0,1,0,1,1,0,0,0,0,0,0,0,0,0,1,1,1,1,1,0,1,0,1,0,1,0,0,1,0,0,0,1,1,1,0,1,0,1,1,0,0,0,0,1,0,1,0,1,0,1,0,0,1,0,0,0,1,0,1,1,1,1,1,1,1,1,1,0,0,1,1,1,1,0,1,1,1,1,1,1,1,1,1,1,1,1,0,1,1,1,0,0,1,1,1,1,1,1,1,1,1,0,1,1,1,1
"InChI=1S/C11H12N4O3S/c1-18-11-5-2-8(6-14-11)15-19(16,17)9-3-4-10(12)13-7-9/h2-7,15H,1H3,(H2,12,13)",0,0,0,0,0,0,0,0,0,0,0,0,0,0,0,0,0,0,0,0,0,0,0,0,0,0,0,0,0,0,0,1,1,0,0,0,0,1,0,0,0,0,1,0,1,0,0,0,0,0,1,0,1,0,1,0,0,1,1,1,1,0,0,1,1,0,1,0,0,0,0,0,1,0,0,1,1,1,1,1,1,0,0,0,0,0,0,1,0,0,0,1,1,1,0,0,1,1,1,0,0,1,0,0,0,1,0,1,0,1,0,1,1,0,0,0,1,0,1,1,1,0,0,1,1,1,1,0,0,1,1,0,1,0,1,1,1,0,0,1,1,1,1,0,1,1,0,1,1,0,1,0,0,0,0,1,1,1,1,1,1,0,1,1,1,1
"InChI=1S/C11H12N4O3S/c1-8-13-11(18-14-8)9-6-15(7-9)19(16,17)10-3-2-4-12-5-10/h2-5,9H,6-7H2,1H3",0,0,0,0,0,0,0,1,0,0,1,0,0,0,0,0,0,0,0,0,0,0,0,1,0,0,0,0,0,0,0,1,1,0,0,0,0,1,0,0,0,0,0,0,1,0,0,0,0,0,1,0,0,0,1,0,1,1,1,1,1,1,0,1,1,0,1,0,0,0,1,0,1,0,1,1,1,1,1,1,1,0,1,0,0,1,0,1,0,0,0,1,0,1,0,1,1,1,1,1,0,1,0,0,0,1,0,1,0,1,0,1,0,0,0,0,1,0,1,1,1,1,0,1,1,0,0,0,0,1,0,0,0,0,0,1,1,1,0,1,1,1,0,0,1,1,0,1,1,0,0,0,1,0,0,1,1,1,1,1,1,0,1,1,1,1
"InChI=1S/C11H12N4O3S/c1-19(17,18)8-4-2-3-7(5-8)13-11(16)9-6-10(12)15-14-9/h2-6H,1H3,(H,13,16)(H3,12,14,15)",0,0,0,0,0,0,0,0,0,0,0,0,0,0,0,0,0,0,0,0,0,0,0,0,0,0,0,0,0,0,0,0,0,0,0,0,0,1,0,0,0,0,1,0,1,0,0,0,0,0,1,1,1,1,1,0,0,1,1,1,1,0,0,1,1,0,1,1,1,0,0,0,1,0,0,1,1,1,1,1,1,0,1,0,0,0,0,1,0,0,0,1,1,1,1,1,1,0,1,0,0,1,0,0,0,0,0,1,0,1,0,1,0,0,0,0,1,0,1,1,1,0,0,1,1,0,0,0,0,1,1,0,1,0,1,1,1,0,1,1,1,1,0,0,1,1,0,1,1,0,1,0,0,0,0,1,1,1,1,1,1,0,1,1,1,1
"InChI=1S/C11H12N4O3S/c1-18-8-4-2-3-7(5-8)10-13-14-11(15(10)12)19-6-9(16)17/h2-5H,6,12H2,1H3,(H,16,17)",0,0,0,0,0,0,0,0,0,0,0,0,0,0,0,0,0,0,0,0,0,0,0,0,0,0,0,0,0,0,0,0,0,0,0,0,0,1,0,0,0,0,0,0,0,0,1,0,0,1,0,1,0,0,0,0,0,0,1,0,0,1,0,1,1,0,0,0,0,0,0,0,0,0,1,1,1,1,1,1,1,0,1,1,0,0,0,1,0,0,1,0,1,1,0,1,0,0,1,0,0,0,0,1,0,1,0,1,0,0,0,0,1,0,0,0,0,0,1,1,1,1,1,1,1,1,1,0,0,1,1,1,1,0,1,1,1,1,1,1,1,1,1,1,1,1,0,1,1,1,1,1,1,1,1,1,1,1,1,1,1,0,1,1,1,1
"InChI=1S/C11H12N4O3S/c1-3-7-9(19-15-12-7)11(17)14-13-10(16)8-5-4-6(2)18-8/h4-5H,3H2,1-2H3,(H,13,16)(H,14,17)",0,0,0,0,0,0,0,0,0,0,0,0,0,0,0,0,0,0,0,0,0,0,0,0,0,0,0,0,0,0,0,1,1,0,0,1,0,0,0,0,0,0,0,0,1,0,1,0,0,0,0,1,0,1,0,0,1,0,0,0,0,0,0,0,1,0,1,0,0,1,0,1,0,0,0,1,0,1,0,1,1,0,1,0,0,0,0,1,0,0,1,1,0,1,1,1,1,0,1,0,0,0,0,0,0,0,0,1,0,1,1,0,0,1,0,0,1,0,1,1,1,0,0,1,1,0,0,0,0,1,1,0,0,0,0,1,1,0,1,1,1,1,0,1,0,1,0,0,1,1,1,1,0,1,1,1,1,1,1,1,1,0,0,1,1,1
"InChI=1S/C11H12N4O3S/c12-8(16)6-2-1-3-14(6)9-7(10(17)18)15-4-5-19-11(15)13-9/h4-6H,1-3H2,(H2,12,16)(H,17,18)",0,0,0,0,0,0,0,0,0,0,0,0,0,0,0,0,0,0,0,0,1,0,0,0,0,0,0,0,0,0,0,0,0,0,0,1,0,1,0,0,0,0,1,0,1,0,1,0,0,0,0,0,0,0,0,0,0,0,0,0,0,1,0,0,1,0,0,0,0,0,0,0,0,0,1,1,1,1,1,1,1,0,1,0,1,0,0,1,0,1,1,1,0,0,1,1,1,0,1,1,0,0,0,0,1,1,0,0,0,1,1,0,0,0,0,0,1,0,1,1,1,1,1,0,1,0,0,0,0,0,1,0,1,0,1,1,1,1,1,1,0,1,0,1,0,1,0,1,0,1,1,0,1,1,0,1,1,1,1,0,1,0,0,1,1,1
"InChI=1S/C11H12N4O3S/c1-18-8-6-13-11(14-7-8)15-19(16,17)10-5-3-2-4-9(10)12/h2-7H,12H2,1H3,(H,13,14,15)",0,0,0,0,0,0,0,0,0,0,0,0,0,0,0,0,0,0,0,0,0,0,0,0,1,0,0,0,0,0,0,1,1,0,0,0,0,0,0,0,0,0,0,0,1,0,0,0,0,0,1,0,1,0,1,0,0,1,1,1,1,0,0,1,1,0,1,0,0,0,0,0,1,0,0,1,1,1,0,1,1,0,0,1,0,0,0,1,0,0,0,0,1,1,1,0,1,1,1,0,0,1,0,0,0,1,0,0,0,0,0,1,1,0,0,0,1,0,1,1,1,0,0,1,1,1,1,0,0,1,1,0,1,0,1,1,1,0,0,1,1,1,1,1,1,1,0,1,1,1,1,1,0,0,0,1,1,1,1,1,1,0,1,1,1,1
"InChI=1S/C11H12N4O3S/c1-8(16)14-9-2-3-10(11(6-9)15(17)18)13-5-4-12-7-19/h2-3,6,13H,4-5H2,1H3,(H,14,16)",0,0,0,0,0,0,0,0,0,0,0,0,0,0,0,0,0,0,0,0,0,0,0,0,0,0,0,0,0,0,0,0,0,0,0,0,0,0,0,0,0,0,0,0,1,0,1,0,0,0,0,0,0,0,0,1,0,0,0,0,0,0,1,0,0,0,0,0,0,1,1,0,1,0,0,1,0,1,1,1,0,1,0,0,0,0,0,1,0,0,0,1,0,1,0,0,1,0,1,1,0,1,0,1,0,0,0,1,0,1,1,0,0,0,0,0,1,1,1,0,0,1,0,1,1,0,0,0,0,1,1,0,1,0,1,1,0,1,1,1,1,1,0,1,1,1,1,1,1,1,1,0,1,0,1,1,1,1,1,1,1,0,1,1,1,1
"InChI=1S/C11H12N4O3S/c1-12-10(16)8-2-4-9(5-3-8)19(17,18)15-11-13-6-7-14-11/h2-7H,1H3,(H,12,16)(H2,13,14,15)",0,0,0,0,0,0,0,0,0,0,0,0,0,0,0,0,0,0,0,0,0,0,0,0,1,0,0,0,0,0,0,1,1,0,0,0,0,0,0,0,0,0,1,0,1,0,0,0,0,1,1,0,0,0,1,0,0,1,1,1,1,0,0,1,1,0,1,0,0,0,0,0,1,0,0,1,1,1,0,0,1,0,1,0,0,0,0,1,0,0,0,1,1,1,0,1,1,0,1,0,0,1,0,0,0,1,0,1,0,1,0,1,0,0,0,0,1,0,1,1,1,0,0,1,1,0,0,0,0,1,1,0,1,0,1,1,1,0,0,1,1,1,0,0,1,1,0,1,1,0,1,0,0,1,0,1,0,1,1,1,1,0,1,1,1,1
"InChI=1S/C11H12N4O3S/c1-2-18-11(17)6-3-4-19-10(6)14-9(16)8-7(12)5-13-15-8/h3-5H,2,12H2,1H3,(H,13,15)(H,14,16)",0,0,0,0,0,0,0,0,0,0,0,0,0,0,0,0,0,0,0,0,1,0,0,0,0,0,0,0,0,0,0,0,0,0,0,1,0,0,0,0,0,0,0,0,1,0,1,0,0,1,0,1,1,1,0,0,0,0,0,0,0,0,0,0,1,0,0,0,0,0,0,0,0,0,0,1,0,1,1,1,1,0,1,1,0,0,0,1,0,0,0,1,0,1,1,1,1,0,1,0,0,0,0,0,0,0,0,0,1,1,0,0,0,1,0,0,1,0,1,1,1,0,1,1,1,1,0,0,0,1,1,0,1,0,1,1,1,1,0,1,1,1,0,1,0,1,0,0,1,1,1,0,1,1,1,1,1,1,1,1,1,0,0,1,1,1
"InChI=1S/C11H12N4O3S/c1-19-9-13-15(10(16)14(9)12)11(17)18-7-8-5-3-2-4-6-8/h2-6H,7,12H2,1H3",0,0,0,0,0,0,0,0,0,0,0,0,0,0,0,0,0,0,0,0,0,0,1,0,0,0,0,0,0,0,0,0,0,0,0,0,1,0,0,0,0,0,0,0,0,0,1,0,0,1,0,1,0,0,0,0,0,0,1,0,0,0,0,1,1,0,0,0,0,0,0,0,0,0,1,1,1,1,1,1,1,0,1,1,0,0,0,1,1,0,0,0,1,1,1,1,1,0,1,0,0,0,0,0,0,1,0,0,1,1,0,0,1,0,0,0,1,0,1,1,1,1,1,1,1,1,1,0,0,1,1,0,1,0,1,1,1,1,0,1,1,1,1,1,1,1,0,1,1,1,1,0,1,1,1,1,1,1,1,1,1,0,1,1,1,1
"InChI=1S/C11H12N4O3S/c1-2-6-15-10(18)13-14-11(15)19-8-7(9(16)17)4-3-5-12-8/h3-5H,2,6H2,1H3,(H,13,18)(H,16,17)",0,0,0,0,0,0,0,0,0,0,0,0,0,0,0,0,0,0,0,0,1,0,0,0,0,0,0,0,0,0,0,0,0,0,0,0,1,0,0,0,0,0,0,0,1,0,1,0,0,1,0,1,0,0,0,0,0,0,1,0,0,0,0,1,1,0,0,0,0,0,0,0,0,0,1,1,1,1,1,1,1,0,1,0,1,0,0,1,0,1,1,0,0,1,1,1,1,1,1,1,0,0,0,0,0,1,0,0,0,1,1,0,1,1,1,0,1,1,1,1,1,1,1,1,1,0,1,0,0,1,1,0,0,0,0,1,1,1,1,1,1,1,1,1,1,1,1,1,1,1,0,0,1,1,1,1,1,1,1,1,1,0,1,1,1,1
"InChI=1S/C11H12N4O3S/c1-18-10(16)7-15-11(12-13-14-15)8-3-5-9(6-4-8)19(2)17/h3-6H,7H2,1-2H3",0,0,0,0,0,0,0,0,0,0,0,0,0,0,0,0,0,0,0,0,0,0,0,0,0,0,0,0,0,0,0,0,0,0,0,0,0,1,0,0,0,0,0,0,0,0,0,0,0,1,1,1,0,0,0,0,0,0,1,1,1,1,0,1,1,0,1,0,0,1,0,0,1,0,1,1,1,1,1,1,1,0,1,0,0,0,0,1,0,0,0,0,1,1,1,1,1,0,1,1,0,1,0,0,0,0,0,1,0,0,1,0,0,0,0,1,0,0,1,1,1,1,1,1,1,1,0,0,0,1,0,1,0,0,0,1,1,1,0,1,1,1,0,1,1,1,0,1,1,1,0,0,1,1,1,1,1,1,1,1,1,0,1,1,1,1
"InChI=1S/C11H12N4O3S/c1-5-4-7(16)13-11(12-5)19-9-8(10(17)18)6(2)14-15(9)3/h4H,1-3H3,(H,17,18)(H,12,13,16)",0,0,0,0,0,0,0,0,0,0,0,0,0,0,0,0,0,0,0,0,1,0,0,0,0,0,0,0,0,0,0,0,0,0,0,0,0,0,0,0,0,0,0,0,1,0,1,0,0,1,0,1,0,0,0,0,0,0,1,0,0,0,0,1,1,0,0,0,0,0,0,0,0,0,1,1,1,1,0,1,1,0,1,0,0,0,0,1,0,0,0,1,1,1,0,1,1,1,1,0,0,0,0,0,0,1,0,0,0,1,0,0,1,0,0,0,1,0,1,1,1,1,1,1,1,0,1,0,0,1,1,0,0,0,0,1,1,0,1,1,1,1,1,1,1,1,0,1,1,1,0,0,0,1,0,1,1,1,1,1,1,0,1,1,1,1
"InChI=1S/C11H12N4O3S/c12-11-13-7-5-9(15(16)17)8(6-10(7)19-11)14-1-3-18-4-2-14/h5-6H,1-4H2,(H2,12,13)",0,0,0,0,0,0,0,0,0,0,0,0,0,0,0,0,0,0,0,0,0,0,0,0,0,1,0,0,0,0,0,0,0,0,0,1,0,0,0,0,0,0,1,0,1,0,1,0,0,0,0,0,0,0,0,1,1,0,0,0,0,1,1,0,1,0,0,0,0,1,1,0,0,0,1,1,1,1,1,1,1,0,1,0,1,1,0,1,0,0,0,0,0,1,1,1,1,1,1,1,0,1,0,0,1,1,0,0,1,0,1,0,0,0,0,0,0,1,1,1,1,1,0,1,1,0,0,0,1,1,1,1,1,0,1,1,1,1,0,1,0,1,0,1,1,1,1,1,0,1,1,0,1,0,0,1,1,1,1,0,1,0,1,1,1,1
"InChI=1S/C11H12N4O3S/c16-8-4-5-9-19(17,18)11-12-13-14-15(11)10-6-2-1-3-7-10/h1-3,6-8H,4-5,9H2",0,0,0,0,0,0,0,0,0,0,0,0,0,0,0,0,0,0,0,0,0,0,0,0,0,0,0,0,0,0,0,0,0,0,0,0,0,0,0,0,0,0,0,0,1,0,1,0,0,0,1,1,0,0,1,0,0,1,1,1,1,1,0,1,1,0,1,0,0,1,0,0,1,0,1,1,1,1,1,1,1,0,1,0,0,0,0,1,0,0,0,0,0,1,1,1,1,0,1,0,0,1,0,0,0,1,0,0,0,0,0,1,0,0,0,0,0,1,1,1,1,1,0,1,1,0,0,0,0,1,0,1,1,0,1,1,1,1,0,1,0,1,0,1,1,1,1,1,0,1,0,0,1,1,1,1,0,1,1,0,1,0,1,1,1,1
"InChI=1S/C11H12N4O3S/c1-19(17,18)15-10-5-3-2-4-9(10)14-11(16)8-6-12-13-7-8/h2-7,15H,1H3,(H,12,13)(H,14,16)",0,0,0,0,0,0,0,0,0,0,0,0,0,0,0,0,0,0,0,0,0,0,0,0,0,0,0,0,0,0,0,1,1,0,0,0,0,0,0,0,0,0,0,0,1,0,0,0,0,1,1,1,1,0,1,0,0,1,0,1,1,0,0,0,1,0,1,0,0,0,0,0,1,0,0,1,0,1,1,1,0,0,1,0,0,0,0,1,0,0,0,1,1,1,0,1,1,0,1,0,0,1,0,0,0,1,0,1,0,1,0,1,0,0,0,0,1,0,1,1,1,0,0,1,1,0,0,0,0,1,1,0,1,0,1,1,1,0,1,1,1,1,0,1,1,1,0,1,1,1,1,0,0,0,0,1,1,1,1,1,1,0,1,1,1,1
"InChI=1S/C11H12N4O3S/c1-5-4-8(7(3)18-5)10(16)13-14-11(17)9-6(2)12-15-19-9/h4H,1-3H3,(H,13,16)(H,14,17)",0,0,0,0,0,0,0,0,0,0,0,0,0,0,0,0,0,0,0,0,0,0,0,0,0,0,0,0,0,0,0,1,1,0,0,1,0,0,0,0,0,0,0,0,1,0,1,0,0,1,0,1,0,0,0,0,1,0,0,0,0,0,0,0,1,0,1,0,0,1,0,0,0,0,0,1,0,1,0,1,1,0,1,0,0,0,0,1,1,0,0,1,0,1,1,1,1,0,1,0,0,0,0,0,0,0,0,1,0,1,0,0,0,0,0,0,1,0,1,1,1,0,0,1,1,0,0,0,0,1,1,0,0,0,0,0,1,0,1,1,1,1,0,1,0,1,0,0,1,1,0,1,0,0,0,1,1,1,1,1,1,0,0,1,1,1
"InChI=1S/C11H12N4O3S/c1-7-14-15-9(18-7)6-13-11(17)10(16)12-5-8-3-2-4-19-8/h2-4H,5-6H2,1H3,(H,12,16)(H,13,17)",0,0,0,0,0,0,0,0,0,0,0,0,0,0,0,0,0,0,0,0,0,0,0,0,0,0,0,0,0,0,0,0,0,0,0,1,0,0,0,0,0,0,0,0,0,0,0,0,0,0,0,1,0,1,0,0,1,0,0,0,0,0,0,0,1,0,0,0,0,0,0,1,0,0,0,1,0,1,1,1,1,1,1,0,0,0,0,1,0,0,1,1,0,1,1,1,0,0,1,1,0,0,0,0,0,0,0,1,0,1,1,0,0,0,0,0,1,0,1,1,1,0,0,1,1,0,0,0,0,1,1,1,0,0,0,1,1,1,0,1,1,1,0,0,0,1,0,0,1,0,1,0,1,1,1,1,1,1,1,1,1,0,0,1,1,1
"InChI=1S/C11H12N4O3S/c16-9(17)4-11(1-2-11)5-19-8-3-7-13-14-10(18)15(7)6-12-8/h3,6H,1-2,4-5H2,(H,14,18)(H,16,17)",0,0,0,0,0,0,0,0,0,0,0,0,0,0,0,0,0,0,0,0,1,1,0,0,0,0,0,0,0,0,0,0,0,0,0,0,1,1,0,0,0,0,0,0,1,0,1,0,0,0,0,1,0,0,0,0,0,0,1,0,0,0,0,1,1,1,0,0,0,0,0,0,0,0,0,1,1,1,1,1,1,0,1,0,1,0,0,1,0,0,1,0,0,1,1,1,1,1,1,0,0,0,0,1,1,1,0,0,0,1,0,1,1,0,0,0,1,0,1,1,1,1,1,1,1,0,1,0,0,1,1,1,0,0,0,1,1,1,1,1,0,1,1,0,1,1,0,1,0,0,0,0,1,1,1,1,1,1,1,0,1,0,1,1,1,1
"InChI=1S/C11H12N4O3S/c1-6-4-7(9(12)8(5-6)15(17)18)10(16)14-11-13-2-3-19-11/h4-5H,2-3,12H2,1H3,(H,13,14,16)",0,0,0,0,0,0,0,0,0,0,0,0,0,0,0,0,0,0,0,0,0,0,0,0,0,0,0,0,0,0,0,0,0,0,0,1,0,0,0,0,0,0,0,0,1,0,1,0,0,1,0,0,1,0,0,1,0,0,0,0,0,0,1,0,0,0,0,0,0,1,1,0,0,0,0,1,1,1,1,1,1,0,1,1,0,0,0,1,0,0,0,1,0,1,0,1,1,0,1,1,0,1,0,0,0,1,0,0,0,1,0,0,0,0,0,0,1,0,1,1,1,1,0,1,1,0,0,0,0,1,1,0,1,0,1,1,1,1,1,1,1,1,0,1,1,1,0,1,1,1,1,0,1,0,0,1,1,1,1,1,1,0,1,1,1,1
"InChI=1S/C11H12N4O3S/c1-18-11(17)8-7-6-9(12-4-13-10(6)19-8)15(2-3-16)5-14-7/h4-5,7-8,16H,2-3H2,1H3",0,0,0,0,0,0,0,0,0,0,0,0,0,0,0,0,0,0,0,0,1,0,0,0,0,1,0,0,0,0,0,0,0,0,0,1,0,1,0,0,0,0,0,0,1,0,1,0,0,1,0,0,0,0,0,0,0,0,1,0,0,0,0,0,1,0,0,0,0,0,0,0,0,0,1,1,1,1,0,1,1,1,1,0,1,0,0,1,0,0,0,0,1,0,1,1,1,1,1,1,0,0,0,1,1,0,0,1,1,0,1,0,0,0,0,0,0,1,1,1,1,1,1,0,1,1,0,0,0,0,1,1,0,0,1,1,1,1,1,1,1,1,0,1,1,1,1,1,1,0,0,0,1,1,1,1,1,1,1,1,1,0,1,1,1,1
"InChI=1S/C11H12N4O3S/c1-5-8(11(17)18)10(19-14-5)13-9(16)7-4-12-15(3)6(7)2/h4H,1-3H3,(H,13,16)(H,17,18)",0,0,0,0,0,0,0,0,0,0,0,0,0,0,0,0,0,0,0,0,1,0,0,0,0,0,0,0,0,0,0,1,1,0,0,1,0,0,0,0,0,0,0,0,1,0,1,0,0,1,0,1,0,0,0,0,0,0,0,0,0,0,0,0,1,0,1,0,0,0,0,0,0,0,1,1,0,1,1,1,1,0,1,0,0,0,0,1,0,0,0,1,1,1,0,1,1,0,1,0,0,0,0,0,0,0,0,1,0,1,0,0,0,0,0,0,1,0,1,1,1,1,1,1,1,0,0,0,0,1,1,0,1,0,1,1,1,0,1,1,1,1,0,1,0,1,0,1,1,1,0,0,0,1,0,1,1,1,1,1,1,0,0,1,1,1
"InChI=1S/C11H12N4O3S/c1-6-3-8(11(17)18)10(19-6)14-9(16)7(2)15-5-12-4-13-15/h3-5,7H,1-2H3,(H,14,16)(H,17,18)",0,0,0,0,0,0,0,0,0,0,0,0,0,0,0,0,0,0,0,0,1,0,0,0,0,0,0,0,0,0,0,0,0,0,0,1,0,0,0,0,0,0,0,0,1,0,1,0,0,1,0,1,0,0,0,0,0,0,0,0,0,0,0,0,1,0,0,0,0,0,0,0,0,0,1,1,1,1,1,1,1,0,1,0,0,0,0,1,0,0,0,1,0,1,1,1,1,0,1,0,0,0,0,0,0,0,0,1,0,1,0,0,0,0,0,0,1,0,1,1,1,1,1,1,1,0,0,0,0,1,1,0,1,0,1,1,1,0,1,1,1,1,0,1,0,1,0,1,1,1,0,0,0,1,0,1,1,1,1,1,1,0,0,1,1,1
"InChI=1S/C11H12N4O3S/c1-5-4-7(16)8(10(18)15(5)3)9(17)13-11-12-6(2)14-19-11/h4,16H,1-3H3,(H,12,13,14,17)",0,0,0,0,0,0,0,0,0,0,0,0,0,0,0,0,0,0,0,0,0,0,0,0,0,0,0,0,0,0,0,1,1,0,0,1,0,1,0,0,0,0,0,0,1,0,1,0,0,1,0,0,0,0,0,0,0,0,0,0,0,0,0,0,1,0,1,0,0,0,0,0,0,0,1,1,1,1,1,1,1,0,1,0,1,0,0,1,1,0,0,1,1,1,0,1,1,1,1,0,0,0,0,0,0,1,0,0,0,1,0,0,1,0,0,0,1,0,1,1,1,1,0,1,1,0,1,0,0,1,1,0,1,0,0,1,1,0,1,1,1,1,1,1,1,1,0,1,1,1,1,1,0,1,0,1,1,1,1,1,1,0,1,1,1,1
"InChI=1S/C11H12N4O3S/c12-5-1-7-15(8-2-6-13)19(17,18)10-3-4-11(16)14-9-10/h3-4,9H,1-2,7-8H2,(H,14,16)",0,0,0,0,0,0,0,0,0,0,0,0,0,0,0,0,0,0,0,0,0,0,0,0,0,0,0,0,0,0,0,1,1,0,0,0,0,0,0,0,1,0,0,0,1,0,0,0,0,0,1,0,0,0,1,0,0,1,1,1,1,0,0,1,1,0,1,0,0,0,0,0,1,0,0,1,0,1,0,1,1,0,0,0,0,1,0,1,0,0,0,1,0,1,0,0,1,1,1,1,0,1,0,0,0,1,0,0,0,1,1,1,1,0,0,0,1,1,1,1,1,1,0,1,1,0,1,1,1,1,1,0,0,0,0,1,1,1,1,1,0,1,1,0,1,1,1,1,0,0,0,0,1,0,1,1,1,1,1,0,1,0,1,1,1,1
"InChI=1S/C11H12N4O3S/c12-7(10(18)14-11-15-13-5-19-11)3-6-1-2-8(16)9(17)4-6/h1-2,4-5,7,16-17H,3,12H2,(H,14,15,18)",0,0,0,0,0,0,0,0,0,0,0,0,0,0,0,0,0,0,0,0,0,0,0,0,0,0,0,0,0,0,0,0,0,0,0,1,0,0,0,0,0,0,0,0,0,0,1,0,0,1,0,1,0,1,0,0,0,0,0,0,0,0,0,0,1,0,0,0,0,0,0,1,0,0,0,1,1,1,1,1,1,0,1,1,0,0,0,1,0,1,1,1,0,1,1,1,1,0,1,0,0,0,0,1,0,1,0,0,0,1,1,0,1,0,0,0,1,0,1,1,1,0,0,1,1,0,1,0,0,1,1,0,1,0,1,0,1,0,1,1,0,1,1,1,1,1,0,0,0,1,1,1,0,0,1,1,1,1,1,0,1,0,1,1,1,1
"InChI=1S/C11H12N4O3S/c1-7-2-3-8(6-10(7)19(12,17)18)14-11(16)9-4-5-13-15-9/h2-6H,1H3,(H,13,15)(H,14,16)(H2,12,17,18)",0,0,0,0,0,0,0,0,0,0,0,0,0,0,0,0,0,0,0,0,0,0,0,0,0,0,0,0,0,0,0,1,1,0,0,0,0,0,0,0,0,0,0,0,1,0,0,0,0,1,1,1,1,0,1,0,0,1,1,1,1,0,0,1,1,0,1,0,0,0,0,0,1,0,0,1,0,1,1,1,1,0,1,1,0,0,0,1,0,0,0,1,0,1,1,1,1,0,1,0,0,1,0,0,0,1,0,0,0,1,0,1,0,0,0,0,1,0,1,1,1,0,0,1,1,0,0,0,0,1,1,0,1,0,1,1,1,0,0,1,1,1,0,1,1,1,0,1,1,1,1,0,0,1,0,1,0,1,1,1,1,0,1,1,1,1
"InChI=1S/C11H12N4O3S/c1-6-8(10(16)17)9(14-11(18)13-6)19-5-7-3-12-15(2)4-7/h3-4H,5H2,1-2H3,(H,16,17)(H,13,14,18)",0,0,0,0,0,0,0,0,0,0,0,0,0,0,0,0,0,0,0,0,0,0,0,0,0,0,0,0,0,0,0,0,0,0,0,0,1,0,0,0,0,0,0,0,1,0,1,0,0,1,0,1,0,0,0,0,0,0,1,0,0,0,0,1,1,0,0,0,0,0,0,0,0,0,1,1,1,1,0,0,1,0,1,0,0,0,0,1,0,0,0,0,1,1,0,1,1,1,1,0,0,0,0,0,0,1,0,1,0,1,0,0,1,0,0,0,1,0,1,1,1,1,1,1,1,0,1,0,0,1,1,0,0,0,0,1,1,1,1,1,1,1,1,1,1,1,0,1,1,1,0,0,1,1,1,1,1,1,1,1,1,0,1,1,1,1
"InChI=1S/C11H12N4O3S/c1-2-18-9-5-3-8(4-6-9)15-11(12-13-14-15)19-7-10(16)17/h3-6H,2,7H2,1H3,(H,16,17)",0,0,0,0,0,0,0,0,0,0,0,0,0,0,0,0,0,0,0,0,0,0,0,0,0,0,0,0,0,0,0,0,0,0,0,0,0,0,0,0,0,0,0,0,1,0,1,0,0,0,0,1,0,0,0,0,0,0,1,0,0,1,0,1,1,0,0,0,0,1,0,0,0,0,1,1,1,1,1,1,1,0,1,0,0,0,0,1,0,0,0,0,0,1,0,1,0,0,1,0,0,0,0,1,0,1,0,1,1,0,0,0,1,1,0,0,0,0,1,1,1,1,1,1,1,1,1,0,0,1,1,1,1,0,1,1,1,1,1,1,1,1,1,1,1,1,0,1,1,1,0,1,1,1,1,1,1,1,1,1,1,0,1,1,1,1
"InChI=1S/C11H12N4O3S/c1-6-4-7(2)13-11(12-6)19-5-8(16)9-10(17)18-14-15(9)3/h4H,5H2,1-3H3",0,0,0,0,0,0,0,0,0,0,0,0,0,0,0,0,0,0,0,0,0,0,0,1,0,0,0,0,0,0,0,0,0,0,0,0,0,0,0,0,0,0,0,0,1,0,1,0,0,0,0,1,0,0,0,0,1,0,1,0,0,0,0,1,1,0,0,0,0,1,1,0,0,0,1,1,1,1,0,1,1,0,1,0,0,0,0,1,1,0,0,0,1,1,1,1,1,1,1,0,0,1,0,0,0,1,0,1,0,0,0,0,0,0,0,0,1,0,1,1,1,1,1,1,1,0,1,0,0,1,0,1,0,0,0,1,1,1,0,1,1,1,1,0,1,1,0,1,1,1,0,1,1,1,1,1,1,1,1,1,1,0,1,1,1,1
"InChI=1S/C11H12N4O3S/c12-5-1-7-15(8-2-6-13)19(17,18)10-3-4-11(16)14-9-10/h3-4,9-10H,1-2,7-8H2",0,0,0,0,0,0,0,0,0,0,0,0,0,0,0,0,0,0,0,0,0,0,0,0,0,0,0,0,0,0,0,1,1,0,0,0,0,0,0,0,1,0,0,0,0,0,0,0,0,0,1,0,0,0,1,0,0,1,0,1,1,0,0,1,0,0,1,0,0,0,0,0,1,0,0,0,0,1,0,1,1,0,0,0,0,1,0,1,0,0,0,1,0,1,0,0,1,1,1,1,0,1,0,0,0,1,0,0,0,1,1,1,0,0,0,0,1,1,1,1,1,1,0,1,0,0,1,1,1,1,0,0,0,0,0,1,1,1,0,1,0,1,1,0,1,1,1,1,0,0,0,0,1,1,1,1,0,1,1,0,1,0,1,1,1,1
"InChI=1S/C11H12N4O3S/c1-2-15-10(18)13-14-11(15)19-6-7-4-3-5-12-8(7)9(16)17/h3-5H,2,6H2,1H3,(H,13,18)(H,16,17)",0,0,0,0,0,0,0,0,0,0,0,0,0,0,0,0,0,0,0,0,0,0,0,0,0,0,0,0,0,0,0,0,0,0,0,0,1,0,0,0,0,0,0,0,1,0,1,0,0,1,0,1,0,0,0,0,0,0,1,0,0,0,0,1,1,0,0,0,0,0,0,0,0,0,1,1,1,1,1,0,1,0,1,0,1,0,0,1,0,1,1,0,0,1,1,1,0,1,1,1,0,0,0,0,0,1,0,0,0,1,0,0,1,1,0,0,1,0,1,1,1,1,1,1,1,0,1,1,0,1,1,0,0,0,0,1,1,1,1,1,1,1,1,1,1,1,0,1,1,1,0,0,1,1,1,1,1,1,1,1,1,0,1,1,1,1
"InChI=1S/C11H12N4O3S/c1-6-3-10(14-11(17)12-6)19-5-9(16)13-8-4-7(2)18-15-8/h3-4H,5H2,1-2H3,(H,12,14,17)(H,13,15,16)",0,0,0,0,0,0,0,0,0,0,0,0,0,0,0,0,0,0,0,0,0,0,0,1,0,0,0,0,0,0,0,0,0,0,0,0,1,1,0,0,0,0,0,0,1,0,1,0,0,0,0,0,0,0,0,0,1,0,1,0,0,0,0,1,1,0,0,0,0,0,1,0,0,0,0,1,1,1,0,0,1,0,1,0,0,0,0,1,0,0,1,1,0,1,1,1,1,1,1,0,0,1,0,0,0,1,0,0,0,1,1,0,1,0,0,0,1,0,1,1,1,0,0,1,1,0,1,0,0,1,1,1,1,0,0,1,1,1,1,1,1,1,1,0,1,1,0,0,1,0,1,1,1,1,1,1,1,1,1,1,1,0,1,1,1,1
"InChI=1S/C11H12N4O3S/c1-5-6(2)19-11(13-5)14-9(16)8-7(10(17)18)4-12-15(8)3/h4H,1-3H3,(H,17,18)(H,13,14,16)",0,0,0,0,0,0,0,0,0,0,0,0,0,0,0,0,0,0,0,0,0,0,0,0,0,0,0,0,0,0,0,0,0,0,0,1,0,0,0,0,0,0,0,0,1,0,1,0,0,1,0,1,0,0,0,0,0,0,0,0,0,0,0,0,1,0,0,0,0,0,0,0,0,0,1,1,1,1,1,1,1,0,1,0,0,0,0,1,0,0,0,1,1,1,1,1,1,0,1,0,0,0,0,0,0,1,0,0,0,1,0,0,0,0,0,0,1,0,1,1,1,1,1,1,1,0,0,0,0,1,1,0,1,0,1,1,1,0,1,1,1,1,0,1,0,1,0,1,1,1,1,0,0,1,0,1,1,1,1,1,1,0,0,1,1,1
"InChI=1S/C11H12N4O3S/c1-19(17,18)8-4-2-3-7(5-8)14-11(16)10-9(12)6-13-15-10/h2-6H,12H2,1H3,(H,13,15)(H,14,16)",0,0,0,0,0,0,0,0,0,0,0,0,0,0,0,0,0,0,0,0,0,0,0,0,0,0,0,0,0,0,0,0,0,0,0,0,0,0,0,0,0,0,0,0,1,0,0,0,0,0,1,1,1,1,1,0,0,1,1,1,1,0,0,1,1,0,1,0,0,0,0,0,1,0,0,1,0,1,1,1,1,0,1,1,0,0,0,1,0,0,0,1,1,1,1,1,1,0,1,0,0,1,0,0,0,0,0,1,0,1,0,1,0,0,0,0,1,0,1,1,1,0,0,1,1,0,0,0,0,1,1,0,1,0,1,1,1,0,0,1,1,1,0,1,1,1,0,1,1,1,1,0,0,1,0,1,0,1,1,1,1,0,1,1,1,1
"InChI=1S/C11H12N4O3S/c1-18-9-2-3-11(10(14)8-9)19(16,17)15(6-4-12)7-5-13/h2-3,8H,6-7,14H2,1H3",0,0,0,0,0,0,0,0,0,0,0,0,0,0,0,0,0,0,0,0,0,0,0,0,0,0,0,0,0,0,0,1,1,0,0,0,0,0,0,0,1,0,0,0,1,0,0,0,0,0,1,0,0,0,1,0,0,1,1,1,1,0,0,1,0,0,1,0,0,0,0,0,1,0,0,1,0,0,1,1,1,0,0,1,0,1,0,1,0,0,0,0,1,1,0,0,1,0,1,1,0,1,0,0,0,1,0,1,0,0,1,1,1,0,0,0,1,0,0,0,0,1,0,1,1,1,1,0,0,1,1,0,1,0,1,1,0,1,0,1,1,1,1,1,1,1,0,1,1,1,1,1,1,0,1,1,1,1,1,1,1,0,1,1,1,1
"InChI=1S/C11H12N4O3S/c1-2-12-11-10(13-14-19-11)7-18-9-5-3-4-8(6-9)15(16)17/h3-6,12H,2,7H2,1H3",0,0,0,0,0,0,0,0,0,0,0,0,0,0,0,0,0,0,0,0,1,0,0,0,0,0,0,0,0,0,0,1,1,0,0,1,0,0,0,0,0,0,0,0,1,0,1,0,0,0,0,1,0,0,0,1,0,0,0,0,0,0,1,0,1,0,1,0,0,1,1,0,0,0,0,1,0,0,1,1,1,1,1,0,0,0,0,1,0,1,0,0,0,1,1,1,1,0,1,1,0,1,0,0,0,0,0,0,1,0,1,0,1,1,0,0,0,0,1,1,1,1,0,1,1,1,1,1,0,1,1,0,1,0,1,1,1,1,0,1,1,1,1,1,1,1,0,1,1,1,1,1,1,0,1,1,1,1,1,1,1,0,1,1,1,1
"InChI=1S/C11H12N4O3S/c1-2-18-11(17)8-3-4-19-10(8)14-9(16)5-15-7-12-6-13-15/h3-4,6-7H,2,5H2,1H3,(H,14,16)",0,0,0,0,0,0,0,0,0,0,0,0,0,0,0,0,0,0,0,0,1,0,0,0,0,0,0,0,0,0,0,0,0,0,0,1,0,0,0,0,0,0,0,0,1,0,1,0,0,1,0,1,0,0,0,0,0,0,0,0,0,0,0,0,1,0,0,0,0,0,0,0,0,0,1,1,1,1,1,1,1,0,1,0,0,0,0,1,0,0,0,1,0,1,1,1,1,0,1,1,0,0,0,1,0,0,0,0,1,1,1,0,0,1,0,0,1,0,1,1,1,1,1,1,1,1,0,0,0,1,1,1,1,0,1,1,1,1,1,1,1,1,0,1,0,1,0,1,1,1,0,0,1,1,1,1,1,1,1,1,1,0,0,1,1,1
"InChI=1S/C11H12N4O3S/c1-15-9(10(16)17)8(6-13-15)14-11(19)12-5-7-3-2-4-18-7/h2-4,6H,5H2,1H3,(H,16,17)(H2,12,14,19)",0,0,0,0,0,0,0,0,0,0,0,0,0,0,0,0,0,0,0,0,0,0,0,0,0,0,0,0,0,0,0,0,0,0,0,0,0,0,0,0,0,0,1,0,1,0,1,0,0,0,0,1,1,0,0,0,1,0,0,0,0,0,0,0,1,0,0,0,0,0,0,0,0,0,1,1,1,1,1,1,1,0,1,0,0,0,0,1,0,1,0,0,1,1,1,1,1,0,1,1,0,0,0,0,0,1,0,0,0,0,0,0,0,0,0,0,0,0,1,1,1,1,1,1,1,0,0,0,0,1,1,1,1,0,1,1,1,1,1,1,1,1,0,1,0,1,0,1,1,1,1,1,1,1,1,1,1,1,1,1,1,0,0,1,1,1
"InChI=1S/C11H12N4O3S/c1-8(16)14-9-2-3-10(11(6-9)15(17)18)13-4-5-19-7-12/h2-3,6,13H,4-5H2,1H3,(H,14,16)",0,0,0,0,0,0,0,0,0,0,0,0,0,0,0,0,0,0,0,0,0,0,0,0,0,0,0,0,0,0,0,0,0,0,0,0,0,0,0,0,1,0,0,0,1,0,1,0,0,0,0,0,0,0,0,1,0,0,0,0,0,0,1,0,0,0,0,0,0,1,1,0,0,0,0,1,0,1,1,1,0,1,0,0,0,0,0,1,0,0,0,1,0,1,0,0,1,0,1,1,0,1,0,1,0,0,0,1,0,1,1,0,0,0,0,0,1,1,1,0,0,1,0,1,1,0,0,0,0,1,1,0,1,0,1,1,0,1,1,1,1,1,0,1,1,1,1,1,1,1,1,0,1,0,1,1,1,1,1,1,1,0,1,1,1,1
"InChI=1S/C11H12N4O3S/c1-15-5-7(10(14-15)18-2)9(17)13-11-6(8(12)16)3-4-19-11/h3-5H,1-2H3,(H2,12,16)(H,13,17)",0,0,0,0,0,0,0,0,0,0,0,0,0,0,0,0,0,0,0,0,1,0,0,0,0,0,0,0,0,0,0,0,0,0,0,1,0,0,0,0,0,0,0,0,1,0,1,0,0,1,0,1,0,0,0,0,0,0,0,0,0,0,0,0,1,0,0,0,0,0,0,0,0,0,1,1,0,1,0,1,1,0,1,1,0,0,0,1,1,0,0,1,1,1,1,1,1,0,1,0,0,0,0,0,0,0,0,0,0,1,0,0,1,0,0,0,1,0,1,1,1,1,0,1,1,1,1,0,0,1,1,0,1,0,1,1,1,0,1,1,1,1,1,1,0,1,0,1,1,1,1,0,0,1,0,1,1,1,1,1,1,0,0,1,1,1
"InChI=1S/C11H12N4O3S/c1-18-7-6-12-11-13-10(14-19-11)8-2-4-9(5-3-8)15(16)17/h2-5H,6-7H2,1H3,(H,12,13,14)",0,0,0,0,0,0,0,0,0,0,0,0,0,0,0,0,0,0,0,0,0,0,0,0,0,0,0,0,0,0,0,1,1,0,0,1,0,1,0,0,0,0,0,0,1,0,1,0,0,1,0,0,0,0,0,1,0,0,0,0,0,1,1,0,0,0,1,0,0,1,1,0,0,0,0,1,1,1,1,0,1,0,1,0,0,1,0,1,0,1,1,0,1,1,1,1,0,0,1,1,0,1,0,0,0,1,0,0,1,0,1,0,0,0,1,1,0,1,1,1,1,1,0,1,1,1,0,0,0,1,1,1,1,0,1,1,1,1,0,1,1,1,0,0,1,1,1,1,1,0,1,0,1,0,1,1,1,1,1,1,1,0,1,1,1,1
"InChI=1S/C11H12N4O3S/c1-17-10(16)8-4-5-18-9(8)6-19-11-12-13-14-15(11)7-2-3-7/h4-5,7H,2-3,6H2,1H3",0,0,0,0,0,0,0,0,0,0,0,0,0,0,0,0,0,0,0,0,0,1,0,0,0,0,0,0,0,0,0,0,0,0,0,0,0,0,0,0,0,0,0,0,0,0,1,0,0,1,0,1,0,0,0,0,1,0,1,0,0,1,0,1,1,0,0,0,0,1,0,0,0,0,1,1,1,1,1,1,1,0,1,0,0,0,0,1,1,0,0,0,1,1,0,1,0,0,1,0,0,0,0,0,0,1,0,1,0,0,1,0,0,0,0,0,0,0,1,1,1,1,1,1,1,1,0,0,0,1,0,1,1,0,0,1,1,1,0,1,1,1,0,1,0,1,0,1,1,1,0,1,1,1,1,1,1,1,1,1,1,0,0,1,1,1
"InChI=1S/C11H12N4O3S/c1-2-9-14-15-11(19-9)13-8(16)5-12-10(17)7-3-4-18-6-7/h3-4,6H,2,5H2,1H3,(H,12,17)(H,13,15,16)",0,0,0,0,0,0,0,0,0,0,0,0,0,0,0,0,0,0,0,0,0,0,0,0,0,0,0,0,0,0,0,0,0,0,0,1,0,0,0,0,0,0,0,0,0,0,1,0,0,1,0,1,0,0,0,0,1,0,0,0,0,0,0,0,1,0,0,0,0,0,0,0,0,0,0,1,1,1,1,1,1,0,1,0,0,0,0,1,1,1,0,1,0,1,1,1,1,0,1,1,0,0,0,1,0,1,0,0,0,1,1,0,0,1,0,0,1,0,1,1,1,0,0,1,1,0,0,0,0,1,1,1,1,0,1,0,1,1,1,1,1,1,0,0,0,1,0,0,1,0,0,0,1,0,1,1,1,1,1,1,1,0,0,1,1,1
"InChI=1S/C11H12N4O3S/c12-10(16)5-8-1-3-9(4-2-8)15-19(17,18)11-6-13-7-14-11/h1-4,6-7,15H,5H2,(H2,12,16)(H,13,14)",0,0,0,0,0,0,0,0,0,0,0,0,0,0,0,0,0,0,0,0,1,0,0,0,0,0,0,0,0,0,0,1,1,0,0,0,0,0,0,0,0,0,1,0,1,0,1,0,0,1,1,0,0,1,1,0,0,1,1,1,1,0,0,1,1,0,1,0,0,0,0,0,1,0,0,1,1,1,1,1,1,0,1,0,0,0,0,1,0,0,0,1,0,1,1,1,1,0,1,0,0,1,0,1,0,1,0,0,0,1,1,1,0,0,0,0,1,0,1,1,1,0,0,1,1,0,0,0,0,1,1,1,1,0,1,1,1,0,1,1,0,1,0,0,1,1,0,1,0,0,1,0,0,0,1,1,1,1,1,0,1,0,1,1,1,1
"InChI=1S/C11H12N4O3S/c1-7-10(6-13-14-7)19(17,18)15-9-4-2-8(3-5-9)11(12)16/h2-6,15H,1H3,(H2,12,16)(H,13,14)",0,0,0,0,0,0,0,0,0,0,0,0,0,0,0,0,0,0,0,0,0,0,0,0,0,0,0,0,0,0,0,1,1,0,0,0,0,0,0,0,0,0,0,0,1,0,0,0,0,1,1,1,1,0,1,0,0,1,1,1,1,0,0,1,1,0,1,0,0,0,0,0,1,0,0,1,0,1,0,1,1,0,1,1,0,0,0,1,0,0,0,1,0,1,0,1,1,0,1,0,0,1,0,0,0,1,0,1,0,1,0,1,0,0,0,0,1,0,1,1,1,0,0,1,1,0,0,0,0,1,1,0,1,0,1,1,1,0,0,1,1,1,0,1,1,1,0,1,1,1,1,0,0,1,0,1,0,1,1,1,1,0,1,1,1,1
"InChI=1S/C11H12N4O3S/c1-6-4-19-7(15-6)2-3-12-10(16)8-9(11(17)18)14-5-13-8/h4-5H,2-3H2,1H3,(H,12,16)(H,13,14)(H,17,18)",0,0,0,0,0,0,0,0,0,0,0,0,0,0,0,0,0,0,0,0,0,0,0,0,0,0,0,0,0,0,0,0,0,0,0,1,0,0,0,0,0,0,0,0,1,0,1,0,0,0,0,0,1,1,0,0,0,0,0,0,0,0,0,0,1,0,0,0,0,0,0,0,0,0,0,1,1,1,1,1,1,0,1,0,0,0,0,1,0,1,1,1,0,0,1,1,1,0,1,1,0,0,0,0,0,0,0,1,0,1,1,0,0,0,0,0,1,1,1,1,1,0,1,0,1,0,0,0,0,0,1,0,0,0,0,1,1,1,1,1,1,1,0,1,0,1,1,0,1,1,1,0,1,1,1,1,1,1,1,1,1,0,0,1,1,1
"InChI=1S/C11H12N4O3S/c16-9(2-5-15-4-1-3-13-15)12-6-10-14-8(7-19-10)11(17)18/h1,3-4,7H,2,5-6H2,(H,12,16)(H,17,18)",0,0,0,0,0,0,0,0,0,0,0,0,0,0,0,0,0,0,0,0,0,0,0,0,0,0,0,0,0,0,0,0,0,0,0,1,0,0,0,0,0,0,0,0,1,0,1,0,0,0,0,1,0,0,0,0,0,0,0,0,0,0,0,0,1,0,0,0,0,0,0,0,0,0,1,1,0,1,1,1,1,0,1,0,0,0,0,1,0,1,0,1,0,1,1,1,1,0,1,1,0,0,0,1,0,0,0,0,0,1,1,0,0,0,0,0,1,1,1,1,1,1,1,1,1,0,0,1,1,1,1,1,0,0,0,1,1,1,1,1,0,1,0,0,0,1,1,1,0,0,0,0,1,1,1,1,1,1,1,0,1,0,0,1,1,1
"InChI=1S/C11H12N4O3S/c1-2-18-11(16)10(14-17)9-4-3-8(19-9)7-15-12-5-6-13-15/h3-6,10H,2,7H2,1H3",0,0,0,0,0,0,0,0,0,0,0,0,0,0,0,0,0,0,0,0,0,0,0,0,0,0,0,0,0,0,0,0,0,0,0,1,0,0,0,0,0,0,0,0,0,0,0,0,0,0,0,1,0,0,0,0,0,0,0,0,0,0,1,0,1,0,0,0,0,1,1,0,0,0,1,1,1,1,0,1,1,0,1,0,0,0,0,1,1,0,0,0,0,1,1,1,0,0,1,1,0,1,0,0,0,0,0,1,1,0,1,0,0,1,0,0,0,0,1,1,1,1,1,1,1,1,0,0,0,1,0,0,0,0,0,1,1,1,0,1,1,1,0,0,0,1,0,1,1,0,0,0,1,1,1,1,1,1,1,1,1,0,0,1,1,1
"InChI=1S/C11H12N4O3S/c12-8-4-9(16)15-11(14-8)19-6-10(17)13-5-7-2-1-3-18-7/h1-4H,5-6H2,(H,13,17)(H3,12,14,15,16)",0,0,0,0,0,0,0,0,0,0,0,0,0,0,0,0,0,0,0,0,1,0,0,0,0,0,0,0,0,0,0,0,0,0,0,0,0,1,0,0,0,0,0,0,1,0,1,0,0,0,0,0,1,0,0,0,1,0,1,0,0,0,0,1,1,0,0,0,0,0,0,0,0,0,0,1,1,1,0,1,1,0,1,1,0,0,0,1,0,1,0,1,0,0,1,1,1,1,1,1,0,0,0,1,0,1,0,0,0,1,1,0,1,0,0,0,1,0,1,1,1,0,0,0,1,0,1,0,1,0,1,1,1,0,1,0,1,1,1,1,0,1,1,0,1,1,0,0,0,0,1,1,1,0,1,1,1,1,1,0,1,0,1,1,1,1
"InChI=1S/C11H12N4O3S/c12-19(17,18)10-4-2-9(3-5-10)14-11(16)8-15-7-1-6-13-15/h1-7H,8H2,(H,14,16)(H2,12,17,18)",0,0,0,0,0,0,0,0,0,0,0,0,0,0,0,0,0,0,0,0,0,0,0,0,0,0,0,0,0,0,0,1,1,0,0,0,0,0,0,0,0,0,0,0,1,0,0,0,0,0,1,1,0,0,1,0,0,1,1,1,1,0,0,1,1,0,1,0,0,0,0,0,1,0,1,1,0,1,1,1,1,0,1,1,0,0,0,1,0,0,0,1,0,1,1,1,1,0,1,1,0,1,0,1,0,1,0,0,0,1,1,1,0,0,0,0,1,0,1,1,1,1,0,1,1,0,0,0,0,1,1,1,1,0,1,1,1,1,0,1,0,1,0,0,1,1,0,1,0,0,1,0,1,1,1,1,0,1,1,0,1,0,1,1,1,1
"InChI=1S/C11H12N4O3S/c1-18-9-4-2-8(3-5-9)7-19-11-12-13-14-15(11)6-10(16)17/h2-5H,6-7H2,1H3,(H,16,17)",0,0,0,0,0,0,0,0,0,0,0,0,0,0,0,0,0,0,0,0,0,0,0,0,0,0,0,0,0,0,0,0,0,0,0,0,0,0,0,0,0,0,0,0,0,0,1,0,0,1,0,1,0,0,0,0,0,0,1,0,0,0,0,1,1,0,0,0,0,1,0,0,0,0,1,1,1,1,1,1,1,0,1,0,0,0,0,1,0,0,0,0,1,1,1,1,1,0,1,1,0,0,0,1,0,1,0,1,0,0,1,0,1,0,0,0,0,0,1,1,1,1,1,1,1,1,1,1,0,1,1,1,0,0,0,1,1,1,1,1,1,1,1,1,1,1,0,1,1,1,0,1,1,1,1,1,1,1,1,1,1,0,1,1,1,1
"InChI=1S/C11H12N4O3S/c1-18-11-7-6-10(14-15-11)13-8-2-4-9(5-3-8)19(12,16)17/h2-7H,1H3,(H,13,14)(H2,12,16,17)",0,0,0,0,0,0,0,0,0,0,0,0,0,0,0,0,0,0,0,0,0,0,0,0,0,0,0,0,0,0,0,1,1,0,0,0,0,1,0,0,0,0,0,0,1,0,0,0,0,0,1,1,0,0,1,0,0,1,1,1,1,0,0,1,1,0,1,0,0,0,0,0,1,0,0,1,1,1,1,0,1,0,0,1,0,0,0,1,0,0,0,1,1,1,1,0,0,1,1,0,0,1,0,0,0,1,0,1,0,1,0,1,1,0,0,0,1,0,1,1,1,0,0,1,1,1,1,0,0,1,1,0,1,0,1,1,1,0,0,1,1,1,1,0,1,1,0,1,1,0,1,0,0,0,0,1,1,1,1,1,1,0,1,1,1,1
"InChI=1S/C11H12N4O3S/c12-19(17,18)10-3-1-8(2-4-10)5-13-11(16)9-6-14-15-7-9/h1-4,6-7H,5H2,(H,13,16)(H,14,15)(H2,12,17,18)",0,0,0,0,0,0,0,0,0,0,0,0,0,0,0,0,0,0,0,0,0,0,0,0,0,0,0,0,0,0,0,1,1,0,0,0,0,0,0,0,0,0,0,0,1,0,0,0,0,1,1,1,1,0,1,0,0,1,1,1,1,0,0,1,1,0,1,0,0,0,0,0,1,0,0,1,0,1,0,1,1,0,1,1,0,0,0,1,0,1,0,1,0,1,0,1,1,0,1,1,0,1,0,0,0,1,0,0,0,1,0,1,0,0,0,0,1,0,1,1,1,0,0,1,1,0,0,0,0,1,1,0,0,0,0,1,1,1,1,1,0,1,0,0,1,1,0,1,0,0,1,0,1,0,1,1,1,1,1,0,1,0,1,1,1,1
"InChI=1S/C11H12N4O3S/c1-18-8-2-3-10(9(12)6-8)19(16,17)15-11-7-13-4-5-14-11/h2-7H,12H2,1H3,(H,14,15)",0,0,0,0,0,0,0,0,0,0,0,0,0,0,0,0,0,0,0,0,0,0,0,0,0,0,0,0,0,0,0,1,1,0,0,0,0,1,0,0,0,0,0,0,1,0,0,0,0,0,1,0,0,0,1,0,0,1,1,1,1,0,0,1,0,0,1,0,0,0,0,0,1,0,0,1,1,1,1,1,1,0,0,1,0,0,0,1,0,0,0,0,1,1,0,0,1,1,1,0,0,1,0,0,0,1,0,1,0,0,0,1,1,0,0,0,1,0,1,1,1,0,0,1,1,1,1,0,0,1,1,0,1,0,1,1,1,0,0,1,1,1,1,1,1,1,0,1,1,1,1,1,0,0,0,1,1,1,1,1,1,0,1,1,1,1
"InChI=1S/C11H12N4O3S/c1-18-11(17)10-7(3-5-19-10)13-9(16)6-15-4-2-8(12)14-15/h2-5H,6H2,1H3,(H2,12,14)(H,13,16)",0,0,0,0,0,0,0,0,0,0,0,0,0,0,0,0,0,0,0,0,0,0,0,0,0,0,0,0,0,0,0,0,0,0,0,1,0,1,0,0,0,0,1,0,1,0,0,0,0,0,0,1,1,0,0,0,0,0,0,0,0,0,0,0,1,0,0,0,0,0,0,0,0,0,1,1,1,1,1,1,1,0,1,0,0,0,0,1,0,0,1,1,1,1,1,1,1,0,1,1,0,0,0,1,0,0,0,0,0,1,1,0,0,0,0,0,1,0,1,1,1,1,1,1,1,1,0,0,0,1,1,1,1,0,1,1,1,1,1,1,1,1,0,1,0,1,0,1,1,1,1,0,1,1,1,1,1,1,1,1,1,0,0,1,1,1
"InChI=1S/C11H12N4O3S/c1-19-3-2-12-9-5-8-7(4-10(9)15(17)18)11(16)14-6-13-8/h4-6,12H,2-3H2,1H3,(H,13,14,16)",0,0,0,0,0,0,0,0,0,0,0,0,0,0,0,0,0,0,0,0,0,0,0,0,0,1,0,0,0,0,0,0,0,0,0,0,0,0,0,0,0,0,0,0,1,0,0,0,0,1,0,0,0,0,0,1,0,0,0,0,0,0,1,0,1,0,0,0,0,1,1,0,0,0,0,1,1,1,1,1,0,1,0,0,0,1,0,1,0,0,0,1,1,1,0,0,1,1,1,1,0,1,0,1,1,0,0,0,0,1,1,0,1,0,1,1,1,1,1,1,1,1,0,1,1,0,1,0,0,1,1,0,1,0,1,1,1,1,1,1,1,1,1,1,1,1,1,1,1,1,1,0,1,0,1,1,1,1,1,1,1,0,1,1,1,1
"InChI=1S/C11H12N4O3S/c1-6-7(4-8(18-6)10(17)15-12)5-19-11-13-3-2-9(16)14-11/h2-4H,5,12H2,1H3,(H,15,17)(H,13,14,16)",0,0,0,0,0,0,0,0,0,0,0,0,0,0,0,0,0,0,0,0,0,0,0,0,0,0,0,0,0,0,0,0,0,0,0,0,0,0,0,0,0,0,0,0,1,0,1,0,0,1,0,1,0,0,0,0,1,0,1,0,0,0,0,1,1,0,0,1,1,0,0,1,0,0,0,1,1,1,0,0,1,0,1,1,0,0,0,1,0,0,0,1,0,1,1,1,1,1,1,0,0,0,0,0,0,1,0,1,0,1,0,0,1,0,0,1,1,0,1,1,1,0,0,1,1,0,1,0,0,1,1,0,0,0,0,1,1,1,1,1,1,1,1,1,1,1,0,0,1,1,1,1,1,1,1,1,1,1,1,1,1,0,1,1,1,1
"InChI=1S/C11H12N4O3S/c1-2-15-10(18)13-14-11(15)19-6-3-4-8(12)7(5-6)9(16)17/h3-5H,2,12H2,1H3,(H,13,18)(H,16,17)",0,0,0,0,0,0,0,0,0,0,0,0,0,0,0,0,0,0,0,0,0,0,0,0,0,0,0,0,0,0,0,0,0,0,0,0,1,0,0,0,0,0,0,0,1,0,1,0,0,1,0,1,1,0,0,0,0,0,1,0,0,0,0,1,1,0,0,0,0,0,0,0,0,0,1,1,1,1,1,0,1,0,1,1,1,0,0,1,0,1,0,0,0,1,1,1,1,0,1,1,0,0,0,0,0,1,0,0,0,1,0,0,1,1,0,0,1,0,1,1,1,1,1,1,1,0,1,0,0,1,1,0,1,0,1,1,1,1,1,1,1,1,1,1,1,1,0,1,1,1,1,0,1,1,1,1,1,1,1,1,1,0,1,1,1,1
"InChI=1S/C11H12N4O3S/c1-7-4-2-3-5-9(7)19(17,18)15-11-13-6-8(12)10(16)14-11/h2-6H,12H2,1H3,(H2,13,14,15,16)",0,0,0,0,0,0,0,0,0,0,0,0,0,0,0,0,0,0,0,0,0,0,0,0,1,0,0,0,0,0,0,1,1,0,0,0,0,0,0,0,0,0,0,0,1,0,0,0,0,1,1,0,1,1,1,0,0,1,1,1,1,0,0,1,1,0,1,0,0,0,0,0,1,0,0,1,1,1,1,0,1,0,0,1,0,0,0,1,0,0,0,1,0,1,1,0,1,1,1,0,0,1,0,0,0,1,0,1,0,1,0,1,1,0,0,0,1,0,1,1,1,0,0,1,1,0,1,0,0,1,1,0,1,0,1,1,1,0,1,1,1,1,1,1,1,1,0,1,1,1,1,0,0,0,0,1,1,1,1,1,1,0,1,1,1,1
"InChI=1S/C11H12N4O3S/c1-6-12-3-7(19-6)4-15(2)10(16)8-9(11(17)18)14-5-13-8/h3,5H,4H2,1-2H3,(H,13,14)(H,17,18)",0,0,0,0,0,0,0,0,0,0,0,0,0,0,0,0,0,0,0,0,0,0,0,0,0,0,0,0,0,0,0,0,0,0,0,1,0,0,0,0,0,0,0,0,1,0,1,0,0,0,0,0,0,1,0,0,0,0,0,0,0,0,0,0,1,0,0,0,0,0,0,0,0,0,0,1,1,1,1,1,1,0,1,0,1,1,0,1,0,0,0,1,1,0,1,1,1,0,1,1,0,0,0,0,0,0,0,1,0,1,0,0,0,0,1,0,1,0,1,1,1,1,1,0,1,0,0,0,0,0,1,0,0,0,0,1,1,1,1,1,1,1,0,1,0,1,0,1,1,1,1,0,1,1,1,1,1,1,1,1,1,0,0,1,1,1
"InChI=1S/C11H12N4O3S/c1-12-11(16)8-2-4-9(5-3-8)19(17,18)15-10-6-7-13-14-10/h2-7H,1H3,(H,12,16)(H2,13,14,15)",0,0,0,0,0,0,0,0,0,0,0,0,0,0,0,0,0,0,0,0,0,0,0,0,0,0,0,0,0,0,0,1,1,0,0,0,0,1,0,0,0,0,0,0,1,0,0,0,0,1,1,1,0,1,1,0,0,1,1,1,1,0,0,1,1,0,1,0,0,0,0,0,1,0,0,1,1,1,1,0,1,0,1,0,0,0,0,1,0,0,0,1,1,1,0,1,1,0,1,0,0,1,0,0,0,1,0,1,0,1,0,1,0,0,0,0,1,0,1,1,1,0,0,1,1,0,0,0,0,1,1,0,1,0,1,1,1,0,0,1,1,1,0,0,1,1,0,1,1,0,1,0,0,1,0,1,0,1,1,1,1,0,1,1,1,1
"InChI=1S/C11H12N4O3S/c1-17-7-4-3-6(5-8(7)18-2)13-11-9(10(12)16)14-15-19-11/h3-5,13H,1-2H3,(H2,12,16)",0,0,0,0,0,0,0,0,0,0,0,0,0,0,0,0,0,0,0,0,1,0,0,0,0,0,0,0,0,0,0,1,1,0,0,1,0,0,0,0,0,0,0,0,1,0,1,0,0,0,0,1,1,0,0,0,0,0,0,0,0,0,0,0,1,0,1,0,0,1,0,1,0,0,0,1,0,0,1,1,1,0,1,1,0,0,0,1,0,0,0,1,1,1,1,1,1,0,1,0,0,0,0,0,0,0,0,1,0,1,0,0,1,0,0,0,1,0,1,1,1,0,0,1,1,1,1,0,0,1,1,0,1,0,1,1,1,0,0,1,1,1,1,1,1,1,0,0,1,1,1,1,0,1,0,1,1,1,1,1,1,0,1,1,1,1
"InChI=1S/C11H12N4O3S/c12-8-6(9(16)15-11(13)14-8)3-1-5-2-4-7(19-5)10(17)18/h2,4H,1,3H2,(H,17,18)(H5,12,13,14,15,16)",0,0,0,0,0,0,0,0,0,0,0,0,0,0,0,0,0,0,0,0,1,0,0,0,1,0,0,0,0,0,0,0,0,0,0,1,0,1,0,0,0,0,1,0,1,0,0,0,0,1,0,0,1,0,0,0,0,0,0,0,0,0,0,0,1,0,0,0,0,0,0,0,0,0,0,1,1,1,0,1,1,0,1,1,0,0,0,1,0,1,1,1,0,0,0,1,1,1,1,0,0,0,0,0,0,1,0,0,0,1,0,0,1,0,0,0,1,1,1,1,1,0,1,0,1,0,1,0,0,0,1,0,1,0,1,1,1,0,1,1,0,1,1,1,1,1,1,0,0,1,1,0,0,1,1,1,1,1,1,0,1,0,1,1,1,1
"InChI=1S/C11H12N4O3S/c1-18-9-4-2-8(3-5-9)15-19(16,17)10-6-13-11(12)14-7-10/h2-7,15H,1H3,(H2,12,13,14)",0,0,0,0,0,0,0,0,0,0,0,0,0,0,0,0,0,0,0,0,0,0,0,0,1,0,0,0,0,0,0,1,1,0,0,0,0,0,0,0,0,0,1,0,1,0,0,0,0,0,1,0,1,0,1,0,0,1,1,1,1,0,0,1,1,0,1,0,0,0,0,0,1,0,0,1,1,1,0,1,1,0,0,0,0,0,0,1,0,0,0,0,1,1,0,0,1,1,1,0,0,1,0,0,0,1,0,1,0,0,0,1,1,0,0,0,1,0,1,1,1,0,0,1,1,1,1,0,0,1,1,0,1,0,1,1,1,0,0,1,1,1,1,0,1,1,0,1,1,0,1,1,0,0,0,1,1,1,1,1,1,0,1,1,1,1
"InChI=1S/C11H12N4O3S/c1-6-4-8(15-18-6)12-9(16)5-19-11-14-13-10(17-11)7-2-3-7/h4,7H,2-3,5H2,1H3,(H,12,15,16)",0,0,0,0,0,0,0,0,0,0,0,0,0,0,0,0,0,0,0,0,0,1,0,1,0,0,0,0,0,0,0,0,0,0,0,0,0,1,0,0,0,0,0,0,0,0,1,0,0,0,0,1,0,0,0,0,1,0,1,0,0,1,0,1,1,0,0,0,0,0,1,0,0,0,0,1,1,1,0,0,1,0,1,0,0,0,0,1,0,0,1,1,0,1,1,1,1,0,1,0,0,1,0,0,0,1,0,0,0,1,1,0,0,0,0,0,1,0,1,1,1,0,0,1,1,0,0,0,0,1,1,1,1,0,0,1,1,1,0,1,1,1,0,0,0,1,0,0,1,0,1,1,1,1,1,1,1,1,1,1,1,0,0,1,1,1
"InChI=1S/C11H12N4O3S/c1-3-9-14-15-11(19-9)13-10(17)6-4-7(16)8(18-2)5-12-6/h4-5,8H,3H2,1-2H3,(H,13,15,17)",0,0,0,0,0,0,0,0,0,0,0,0,0,0,0,0,0,0,0,0,0,0,0,0,0,0,0,0,0,0,0,0,0,0,0,1,0,0,0,0,0,0,0,0,1,0,1,0,0,0,0,1,0,0,0,0,0,0,0,0,0,0,0,0,1,0,0,0,0,0,0,1,0,0,0,1,1,1,1,1,1,0,1,0,0,0,0,1,0,0,0,1,1,1,1,1,1,1,1,0,0,0,0,0,0,1,0,1,0,1,1,0,0,1,0,0,1,0,1,1,1,0,0,1,1,1,1,0,0,1,1,0,1,0,1,1,1,0,1,1,1,1,1,0,1,1,0,0,1,1,0,1,0,1,1,1,1,1,1,1,1,0,1,1,1,1
"InChI=1S/C11H12N4O3S/c1-4-8(5(2)18-15-4)7-3-6(9(12)16)10(19-7)14-11(13)17/h3H,1-2H3,(H2,12,16)(H3,13,14,17)",0,0,0,0,0,0,0,0,0,0,0,0,0,0,0,0,0,0,0,0,1,0,0,1,0,0,0,0,0,0,0,0,0,0,0,1,1,0,0,0,0,0,1,0,1,0,1,0,0,1,0,0,1,0,0,0,1,0,0,0,0,1,0,0,1,0,0,0,0,0,1,0,0,0,0,1,1,1,0,1,1,0,1,0,0,0,0,1,0,0,0,1,0,1,0,1,1,0,1,0,0,1,0,0,0,1,0,1,0,1,0,0,0,0,0,0,1,0,1,1,1,0,0,1,1,0,0,0,0,1,1,0,1,0,1,0,1,0,1,1,1,1,0,1,0,1,0,0,1,1,1,1,0,0,0,1,1,1,1,1,1,0,0,1,1,1
"InChI=1S/C11H12N4O3S/c16-10(7-6-9-4-2-1-3-5-9)8-15-13-11(12-14-15)19(17)18/h1-5H,6-8H2,(H,17,18)",0,0,0,0,0,0,0,0,0,0,0,0,0,0,0,0,0,0,0,0,0,0,0,0,0,0,0,0,0,0,0,0,0,0,0,0,0,0,0,1,0,0,0,0,0,0,1,0,0,1,1,1,0,0,1,0,0,1,1,1,1,0,0,1,1,0,1,0,0,1,0,0,1,0,1,1,1,1,1,1,1,0,1,0,0,0,0,1,0,0,0,0,0,1,1,1,1,0,1,1,0,1,0,0,0,1,0,0,0,0,1,0,0,0,0,0,0,1,1,1,1,1,0,1,1,0,0,0,1,1,1,1,0,0,0,1,1,1,1,1,0,1,0,0,1,1,1,1,0,0,0,1,1,1,1,1,0,1,1,0,1,0,1,1,1,1
"InChI=1S/C11H12N4O3S/c1-19(17,18)9-4-2-8(3-5-9)11(16)12-6-10-13-7-14-15-10/h2-5,7H,6H2,1H3,(H,12,16)(H,13,14,15)",0,0,0,0,0,0,0,0,0,0,0,0,0,0,0,0,0,0,0,0,0,0,0,0,0,0,0,0,0,0,0,0,0,0,0,0,0,1,0,0,0,0,0,0,0,0,0,0,0,1,1,1,1,0,1,0,0,1,1,1,1,0,0,1,1,0,1,0,0,0,0,0,1,0,0,1,1,1,1,1,1,1,1,0,0,0,0,1,0,1,0,1,1,1,0,1,0,0,1,1,0,1,0,0,0,0,0,1,0,1,1,1,0,0,0,0,1,0,1,1,1,0,0,1,1,0,0,0,0,1,1,0,0,0,0,1,1,1,0,1,1,1,0,0,1,1,0,1,1,0,1,0,1,1,1,1,0,1,1,1,1,0,1,1,1,1
"InChI=1S/C11H12N4O3S/c1-8(15-10(19)12-13-14-15)18-11(16)17-7-9-5-3-2-4-6-9/h2-6,8H,7H2,1H3,(H,12,14,19)",0,0,0,0,0,0,0,0,0,0,0,0,0,0,1,0,0,0,0,0,0,0,0,0,0,0,0,0,0,0,0,0,0,0,0,0,0,0,0,0,0,0,0,0,0,0,1,0,0,1,0,1,0,0,0,0,0,0,1,0,0,0,0,1,1,0,0,0,0,1,0,0,0,0,1,1,1,1,1,1,1,0,1,0,0,0,0,1,0,0,0,1,0,1,1,1,1,0,1,0,0,0,0,0,0,1,0,0,1,1,0,0,0,0,0,0,1,0,1,1,1,1,1,1,1,1,0,0,0,1,1,0,0,0,0,1,1,1,0,1,1,1,0,1,1,1,0,1,1,1,0,0,1,1,1,1,1,1,1,1,1,0,1,1,1,1
"InChI=1S/C11H12N4O3S/c1-18-11-10(6-7-13-14-11)15-19(16,17)9-4-2-8(12)3-5-9/h2-7H,12H2,1H3,(H,13,15)",0,0,0,0,0,0,0,0,0,0,0,0,0,0,0,0,0,0,0,0,1,0,0,0,0,0,0,0,0,0,0,1,1,0,0,0,0,0,0,0,0,0,0,0,1,0,0,0,0,0,1,1,0,0,1,0,0,1,1,1,1,0,0,1,1,0,1,0,0,0,0,0,1,0,0,1,0,0,1,1,1,0,0,1,0,0,0,1,0,0,0,1,1,1,1,0,0,1,1,0,0,1,0,0,0,1,0,1,0,1,0,1,1,0,0,0,1,0,1,1,1,0,0,1,1,1,1,0,0,1,1,0,1,0,1,1,1,0,0,1,1,1,1,1,1,1,0,1,1,1,1,0,0,0,0,1,1,1,1,1,1,0,1,1,1,1
"InChI=1S/C11H12N4O3S/c1-18-9-5-3-2-4-8(9)6-15-11(12-13-14-15)19-7-10(16)17/h2-5H,6-7H2,1H3,(H,16,17)",0,0,0,0,0,0,0,0,0,0,0,0,0,0,0,0,0,0,0,0,0,0,0,0,0,0,0,0,0,0,0,0,0,0,0,0,0,0,0,0,0,0,0,0,0,0,1,0,0,1,0,1,0,0,0,0,0,0,1,0,0,0,0,1,1,0,0,0,0,1,0,0,0,0,1,1,1,1,1,1,1,0,1,0,0,0,0,1,0,0,0,0,1,1,0,1,1,0,1,1,0,0,0,1,0,1,0,1,0,0,1,0,1,0,0,0,0,0,1,1,1,1,1,1,1,1,1,1,0,1,1,1,0,0,0,1,1,1,1,1,1,1,1,1,1,1,0,1,1,1,0,1,1,1,1,1,1,1,1,1,1,0,1,1,1,1
"InChI=1S/C11H12N4O3S/c16-9-7-8(12-5-13-9)14-11(19-7)15-4-2-1-3-6(15)10(17)18/h5-6H,1-4H2,(H,17,18)(H,12,13,16)",0,0,0,0,0,0,0,0,0,0,0,0,0,0,0,0,0,0,0,0,1,0,0,0,0,1,0,0,0,0,0,0,0,0,0,1,0,1,0,0,0,0,0,0,1,0,1,0,0,0,0,0,0,0,0,0,0,0,0,0,0,1,0,0,1,0,0,0,0,0,0,0,0,0,1,1,1,1,0,1,1,0,1,0,1,0,0,1,0,1,1,1,0,0,1,1,1,1,1,1,0,0,0,0,1,1,0,0,0,1,1,0,1,0,0,0,1,1,1,1,1,1,1,0,1,0,1,0,1,0,1,0,1,0,1,1,1,1,1,1,0,1,1,0,1,1,1,1,0,1,0,0,1,1,0,1,1,1,1,0,1,0,1,1,1,1
"InChI=1S/C11H12N4O3S/c1-8-12-11(14-13-8)19-7-6-18-10-5-3-2-4-9(10)15(16)17/h2-5H,6-7H2,1H3,(H,12,13,14)",0,0,0,0,0,0,0,0,0,0,0,0,0,0,0,0,0,0,0,0,0,0,0,0,0,0,0,0,0,0,0,0,0,0,0,0,0,1,0,0,0,0,0,0,1,0,1,0,0,0,0,1,0,0,0,1,0,0,1,0,0,0,1,1,1,0,0,0,0,1,1,0,0,0,0,1,1,1,1,0,1,0,1,0,0,0,0,1,1,0,1,0,0,1,1,1,0,0,1,0,0,1,0,0,0,1,0,0,1,0,0,0,1,0,0,0,0,1,1,1,1,1,0,1,1,1,1,0,0,1,1,1,1,0,1,1,1,1,0,1,1,1,1,1,1,1,1,1,1,1,1,1,1,0,1,1,1,1,1,1,1,0,1,1,1,1
"InChI=1S/C11H12N4O3S/c1-6-7(2)19-10(12-6)13-9(17)5-15-4-3-8(16)14-11(15)18/h3-4H,5H2,1-2H3,(H,12,13,17)(H,14,16,18)",0,0,0,0,0,0,0,0,0,0,0,0,0,0,0,0,0,0,0,0,0,0,0,0,0,0,0,0,0,0,0,0,0,0,0,1,1,0,0,0,0,0,0,0,1,0,1,0,0,0,0,0,0,0,0,0,0,0,0,0,0,0,0,0,1,0,0,0,0,0,0,0,0,0,1,1,1,1,1,0,1,0,1,0,1,0,0,1,1,0,0,1,0,0,1,1,1,1,1,1,0,0,0,1,0,1,0,0,0,1,1,0,1,0,0,0,1,0,1,1,1,1,0,0,1,0,1,0,0,0,1,1,1,0,1,1,1,1,1,1,1,1,1,1,1,1,0,1,1,1,0,0,1,1,1,1,1,1,1,1,1,0,1,1,1,1
"InChI=1S/C11H12N4O3S/c16-9(17)5-11(3-4-11)6-19-8-2-1-7-12-13-10(18)15(7)14-8/h1-2H,3-6H2,(H,13,18)(H,16,17)",0,0,0,0,0,0,0,0,0,0,0,0,0,0,0,0,0,0,0,0,0,1,0,0,0,0,0,0,0,0,0,0,0,0,0,0,1,1,0,0,0,0,0,0,0,0,1,0,0,0,0,1,0,0,0,0,0,0,0,0,0,0,0,1,1,1,0,0,0,0,0,0,0,0,0,0,1,1,1,1,1,0,1,0,0,0,0,1,0,0,1,0,0,1,1,1,0,1,1,0,0,0,0,1,1,1,0,0,0,1,0,1,1,0,0,0,1,0,1,1,1,1,1,1,1,0,1,0,0,1,1,1,0,0,1,1,1,1,1,1,0,1,1,1,1,1,0,1,0,0,0,0,1,1,1,1,1,1,1,0,1,0,1,1,1,1
"InChI=1S/C11H12N4O3S/c1-5-6(2)19-9(8(5)10(16)17)15-11(18)14-7-3-12-13-4-7/h3-4H,1-2H3,(H,12,13)(H,16,17)(H2,14,15,18)",0,0,0,0,0,0,0,0,0,0,0,0,0,0,0,0,0,0,0,0,1,0,0,0,0,0,0,0,0,0,0,0,0,0,0,1,1,0,0,0,0,0,1,0,1,0,1,0,0,1,0,1,1,0,0,0,0,0,0,0,0,0,0,0,1,0,0,0,0,0,0,0,0,0,0,1,1,1,1,1,1,0,1,0,0,0,0,1,0,0,0,0,0,1,0,1,1,0,1,0,0,0,0,0,0,1,0,0,0,1,0,0,0,0,0,0,1,0,1,1,1,0,1,1,1,0,0,0,0,1,1,0,1,0,1,1,1,0,1,1,1,1,0,1,0,1,0,0,1,1,1,0,0,1,0,1,1,1,1,1,1,0,0,1,1,1
"InChI=1S/C11H12N4O3S/c1-5-9(6(2)15-14-5)10(16)12-3-8-13-7(4-19-8)11(17)18/h4H,3H2,1-2H3,(H,12,16)(H,14,15)(H,17,18)",0,0,0,0,0,0,0,0,0,0,0,0,0,0,0,0,0,0,0,0,0,0,0,0,0,0,0,0,0,0,0,0,0,0,0,1,0,0,0,0,0,0,0,0,1,0,1,0,0,1,0,1,1,0,0,0,0,0,0,0,0,0,0,0,1,0,0,0,0,0,0,0,0,0,0,1,0,1,1,1,1,0,1,0,0,0,0,1,0,1,0,1,0,1,1,1,1,0,1,1,0,0,0,0,0,0,0,0,0,1,1,0,0,0,0,0,1,0,1,1,1,0,1,1,1,0,0,0,0,1,1,0,0,0,0,1,1,1,1,1,1,1,0,1,0,1,0,0,1,1,1,0,1,1,1,1,1,1,1,1,1,0,0,1,1,1
"InChI=1S/C11H12N4O3S/c1-8(16)14-9-2-4-10(5-3-9)19(17,18)15-11-12-6-7-13-11/h2-7H,1H3,(H,14,16)(H2,12,13,15)",0,0,0,0,0,0,0,0,0,0,0,0,0,0,0,0,0,0,0,0,0,0,0,0,1,0,0,0,0,0,0,1,1,0,0,0,0,0,0,0,0,0,1,0,1,0,0,0,0,0,1,0,0,0,1,0,0,1,1,1,1,0,0,1,1,0,1,0,0,0,0,0,1,0,0,1,1,1,0,0,1,0,1,0,0,0,0,1,0,0,0,1,0,1,0,1,1,0,1,0,0,1,0,0,0,1,0,1,0,1,0,1,0,0,0,0,1,0,1,1,1,0,0,1,1,0,0,0,0,1,1,0,1,0,1,1,1,0,1,1,1,1,0,0,1,1,0,1,1,0,1,0,0,0,0,1,1,1,1,1,1,0,1,1,1,1
"InChI=1S/C11H12N4O3S/c16-9-7-8(12-5-13-9)14-11(19-7)15-3-1-2-6(4-15)10(17)18/h5-7H,1-4H2,(H,17,18)",0,0,0,0,0,0,0,0,0,0,0,0,0,0,0,0,0,0,0,0,0,0,0,0,0,0,0,0,0,0,0,0,0,0,0,1,0,1,0,0,0,0,0,0,0,0,1,0,0,0,0,0,0,0,0,0,0,0,0,0,0,1,0,0,0,0,0,0,0,0,0,0,0,0,1,0,1,1,0,1,1,0,1,0,1,1,0,1,0,1,1,1,0,0,0,1,1,1,0,1,0,0,0,0,1,1,0,0,0,1,1,0,0,0,0,0,1,1,1,1,1,1,1,0,0,0,1,0,1,0,1,0,1,0,0,1,1,1,1,1,0,1,1,0,1,1,1,1,0,0,0,0,1,1,0,1,1,1,1,0,1,0,1,1,1,1
"InChI=1S/C11H12N4O3S/c12-11(16)8-1-3-10(4-2-8)19(17,18)15-6-9-5-13-7-14-9/h1-5,7,15H,6H2,(H2,12,16)(H,13,14)",0,0,0,0,0,0,0,0,0,0,0,0,0,0,0,0,0,0,0,0,0,0,0,0,0,0,0,0,0,0,0,1,1,0,0,0,0,0,0,0,0,0,0,0,1,0,0,0,0,1,1,0,0,1,1,0,0,1,1,1,1,0,0,1,1,0,1,0,0,0,0,0,1,0,0,1,1,1,1,1,1,1,1,1,0,0,0,1,0,0,0,1,0,1,0,1,0,0,1,1,0,1,0,1,0,1,0,0,0,1,1,1,0,0,0,0,1,0,1,1,1,0,0,1,1,0,0,0,0,1,1,0,0,0,0,1,1,1,0,1,0,1,0,0,1,1,0,1,0,0,1,0,1,1,1,1,0,1,1,0,1,0,1,1,1,1
"InChI=1S/C11H12N4O3S/c16-11(9-2-3-10(19-9)15(17)18)13-4-1-6-14-7-5-12-8-14/h2-3,5,7-8H,1,4,6H2,(H,13,16)",0,0,0,0,0,0,0,0,0,0,0,0,0,0,0,0,0,0,0,0,1,0,0,0,0,0,0,0,0,0,0,0,0,0,0,1,0,0,0,0,0,0,0,0,1,0,1,0,0,0,0,0,0,0,0,1,0,0,0,0,0,0,1,0,1,0,0,0,0,1,1,0,0,0,1,1,1,1,0,1,1,1,1,0,1,0,0,1,0,1,0,1,0,1,0,1,0,0,1,1,0,1,0,1,0,0,0,0,0,1,1,0,0,0,0,0,1,1,1,1,1,1,0,1,1,0,0,0,0,1,1,0,1,0,1,1,1,1,0,1,0,1,0,0,0,1,1,1,0,0,1,0,1,1,1,1,0,1,1,0,1,0,0,1,1,1
"InChI=1S/C11H12N4O3S/c1-19(17,18)15-10-4-2-9(3-5-10)14-11(16)8-6-12-13-7-8/h2-7,15H,1H3,(H,12,13)(H,14,16)",0,0,0,0,0,0,0,0,0,0,0,0,0,0,0,0,0,0,0,0,0,0,0,0,0,0,0,0,0,0,0,1,1,0,0,0,0,0,0,0,0,0,0,0,1,0,0,0,0,1,1,1,1,0,1,0,0,1,0,1,1,0,0,0,1,0,1,0,0,0,0,0,1,0,0,1,0,1,0,1,0,0,1,0,0,0,0,1,0,0,0,1,1,1,0,1,1,0,1,0,0,1,0,0,0,1,0,1,0,1,0,1,0,0,0,0,1,0,1,1,1,0,0,1,1,0,0,0,0,1,1,0,1,0,1,1,1,0,0,1,1,1,0,0,1,1,0,1,1,0,1,0,0,1,0,1,0,1,1,1,1,0,1,1,1,1
"InChI=1S/C11H12N4O3S/c1-5-13-9(18-15-5)6-4-7(11(16)17)14-8(6)10-12-2-3-19-10/h2-3,6-8,14H,4H2,1H3,(H,16,17)",0,0,0,0,0,0,0,0,0,0,0,0,0,0,0,0,0,0,0,0,0,0,0,1,0,0,0,0,0,0,0,0,0,0,0,1,0,1,0,0,0,0,0,0,1,0,1,0,0,0,0,0,0,1,0,0,1,0,0,0,0,1,0,0,1,0,0,0,0,0,1,0,0,0,0,0,1,1,1,1,1,0,1,0,0,0,0,1,0,1,0,1,0,1,1,1,1,0,1,0,0,1,0,0,0,0,0,1,0,1,0,0,0,0,0,0,1,0,1,1,1,0,1,1,1,0,0,0,0,1,1,0,0,0,0,1,1,0,1,1,1,1,0,0,0,1,0,0,1,1,1,0,0,1,0,1,1,1,1,1,1,0,0,1,1,1
"InChI=1S/C11H12N4O3S/c1-7(16)6-15-19(17,18)10-2-8(4-12)11(14)9(3-10)5-13/h2-3,7,15-16H,6,14H2,1H3",0,0,0,0,0,0,0,0,0,0,0,0,0,0,0,0,0,0,0,0,0,0,0,0,0,0,0,0,0,0,0,1,1,0,0,0,0,0,0,0,1,0,0,0,1,0,0,0,0,1,1,0,0,1,1,0,0,1,1,1,1,0,0,1,0,0,1,0,0,0,0,0,1,0,0,1,0,0,0,1,1,1,0,1,0,0,0,1,0,0,0,0,0,1,1,0,0,0,1,1,0,1,0,1,0,1,0,0,0,0,0,1,0,0,1,0,1,0,0,0,0,0,0,1,1,0,0,0,0,1,1,1,1,0,1,1,0,1,1,1,1,1,0,1,1,1,0,1,1,1,1,1,1,0,1,1,1,1,1,1,1,0,1,1,1,1
"InChI=1S/C11H12N4O3S/c1-13(10-12-4-6-19-10)9(17)7-15-5-3-8(16)14(2)11(15)18/h3-6H,7H2,1-2H3",0,0,0,0,0,0,0,0,0,0,0,0,0,0,0,0,0,0,0,0,0,0,0,0,0,0,0,0,0,0,0,0,0,0,0,1,1,0,0,0,0,0,0,0,1,0,1,0,0,0,0,0,0,0,0,0,0,0,0,0,0,0,0,0,1,0,0,0,0,0,0,0,0,0,1,0,1,1,1,0,1,0,1,0,1,0,0,1,1,0,0,1,1,0,1,1,1,1,1,1,0,0,0,0,0,1,0,1,0,1,1,0,1,0,0,1,1,0,1,1,1,1,0,0,1,0,1,0,0,0,0,1,1,0,1,1,1,1,0,1,1,1,1,1,1,1,0,1,1,1,0,0,1,1,1,1,0,1,1,1,1,0,1,1,1,1
"InChI=1S/C11H12N4O3S/c1-12-8-3-2-7(6-9(8)15(17)18)10(16)14-11-13-4-5-19-11/h2-3,6,12H,4-5H2,1H3,(H,13,14,16)",0,0,0,0,0,0,0,0,0,0,0,0,0,0,0,0,0,0,0,0,0,0,0,0,0,0,0,0,0,0,0,0,0,0,0,1,0,0,0,0,0,0,0,0,1,0,1,0,0,1,0,0,0,0,0,1,0,0,0,0,0,0,1,0,0,0,0,0,0,1,1,0,0,0,0,1,1,1,1,0,1,0,1,0,0,0,0,1,0,0,0,1,1,1,0,1,1,0,1,1,0,1,0,0,0,1,0,1,0,1,0,0,0,0,0,0,1,0,1,1,1,1,0,1,1,0,0,0,0,1,1,0,1,0,1,1,1,1,1,1,1,1,0,1,1,1,0,1,1,1,1,0,1,0,0,1,1,1,1,1,1,0,1,1,1,1
"InChI=1S/C11H12N4O3S/c12-10-15(3-5-19-10)7-9(16)14-11(17)13-6-8-2-1-4-18-8/h1-5,12H,6-7H2,(H2,13,14,16,17)",0,0,0,0,0,0,0,0,0,0,0,0,0,0,0,0,0,0,0,0,0,0,0,0,0,0,0,0,0,0,0,0,0,0,0,1,1,0,0,0,0,0,0,0,1,0,1,0,0,0,0,0,1,0,0,0,1,0,0,0,0,0,0,0,1,0,0,0,0,0,0,0,0,0,1,1,1,1,1,0,1,0,1,0,1,0,0,1,1,1,1,1,0,0,1,1,1,0,1,1,0,0,0,1,0,1,0,0,0,1,1,0,0,0,0,0,1,0,1,1,1,1,0,0,1,0,0,0,0,0,1,1,1,0,1,0,1,1,1,1,0,1,0,1,0,1,0,1,0,1,1,1,1,0,1,1,1,1,1,0,1,0,0,1,1,1
"InChI=1S/C11H12N4O3S/c1-18-7-10-13-14-11(19-10)12-9(17)5-15-4-2-3-8(15)6-16/h2-4,6H,5,7H2,1H3,(H,12,14,17)",0,0,0,0,0,0,0,0,0,0,0,0,0,0,0,0,0,0,0,0,0,0,0,0,0,0,0,0,0,0,0,0,0,0,0,1,0,0,0,0,0,0,0,0,1,0,1,0,0,0,0,1,0,0,0,0,0,0,0,0,0,0,0,0,1,0,0,0,0,0,0,0,0,0,1,1,1,1,1,1,1,0,1,0,1,1,0,1,0,0,0,1,1,1,1,1,1,0,1,1,0,0,0,1,0,1,0,0,1,1,1,0,0,0,1,0,1,0,1,1,1,1,0,1,1,1,0,0,0,1,1,1,1,0,1,1,1,1,1,1,1,1,0,1,0,1,0,1,1,1,0,0,1,1,1,1,1,1,1,1,1,0,0,1,1,1
"InChI=1S/C11H12N4O3S/c1-7-13-6-10(14-7)19(17,18)15-9-4-2-3-8(5-9)11(12)16/h2-6,15H,1H3,(H2,12,16)(H,13,14)",0,0,0,0,0,0,0,0,0,0,0,0,0,0,0,0,0,0,0,0,1,0,0,0,0,0,0,0,0,0,0,1,1,0,0,0,0,1,0,0,0,0,1,0,1,0,1,0,0,1,1,0,0,1,1,0,0,1,1,1,1,0,0,1,1,0,1,0,0,0,0,0,1,0,0,1,1,1,1,1,1,0,1,0,0,0,0,1,0,0,0,1,0,1,1,1,1,0,1,0,0,1,0,0,0,1,0,1,0,1,0,1,0,0,0,0,1,0,1,1,1,0,0,1,1,0,0,0,0,1,1,0,1,0,1,1,1,0,1,1,1,1,0,0,1,1,0,1,1,0,1,0,0,0,0,1,1,1,1,1,1,0,1,1,1,1
"InChI=1S/C11H12N4O3S/c1-2-18-11(17)15-14-10(16)8-6-7(12-13-8)9-4-3-5-19-9/h3-6H,2H2,1H3,(H,12,13)(H,14,16)(H,15,17)",0,0,0,0,0,0,0,0,0,0,0,0,0,0,0,0,0,0,0,0,0,0,1,0,0,0,0,0,0,0,0,0,0,0,0,1,0,0,0,0,0,0,0,0,1,0,0,0,0,0,0,1,1,1,0,0,0,0,0,0,0,1,0,0,1,0,0,0,0,0,0,0,0,0,0,1,0,1,1,1,1,0,1,0,0,0,0,1,0,1,1,1,0,1,1,1,1,0,1,0,0,0,0,0,0,1,0,0,1,1,0,0,0,1,0,0,1,0,1,1,1,0,1,1,1,1,0,0,0,1,1,0,0,0,0,1,1,1,1,1,1,1,0,0,0,1,0,0,1,0,1,0,1,1,1,1,1,1,1,1,1,0,0,1,1,1
"InChI=1S/C11H12N4O3S/c1-19(16,17)8-3-4-10-9(7-8)14-11(18-10)15(13)6-2-5-12/h3-4,7H,2,6,13H2,1H3",0,0,0,0,0,0,0,0,0,0,0,0,0,0,0,0,0,0,0,0,0,0,0,0,0,1,0,0,0,0,0,0,0,0,0,0,1,0,0,0,1,0,0,0,1,0,0,0,0,0,1,1,0,0,1,0,1,1,1,1,1,0,0,1,1,0,1,0,0,0,0,0,1,0,0,1,1,1,1,1,1,0,1,1,0,0,0,1,0,1,0,0,1,1,1,1,0,0,1,1,0,1,0,1,1,1,0,1,0,1,1,1,0,0,0,0,1,1,1,1,1,1,0,1,1,0,0,0,0,1,1,0,1,0,1,1,1,1,0,1,1,1,0,0,1,1,1,1,1,0,1,1,1,0,1,1,1,1,1,1,1,0,1,1,1,1
"InChI=1S/C11H12N4O3S/c12-19(17,18)10-4-1-3-9(7-10)14-11(16)8-15-6-2-5-13-15/h1-7H,8H2,(H,14,16)(H2,12,17,18)",0,0,0,0,0,0,0,0,0,0,0,0,0,0,0,0,0,0,0,0,0,0,0,0,0,0,0,0,0,0,0,1,1,0,0,0,0,0,0,0,0,0,0,0,1,0,0,0,0,0,1,1,0,0,1,0,0,1,1,1,1,0,0,1,1,0,1,0,0,0,0,0,1,0,1,1,0,1,1,1,1,0,1,1,0,0,0,1,0,0,0,1,0,1,1,1,1,0,1,1,0,1,0,1,0,1,0,0,0,1,1,1,0,0,0,0,1,0,1,1,1,1,0,1,1,0,0,0,0,1,1,1,1,0,1,1,1,1,1,1,0,1,0,0,1,1,0,1,0,0,1,0,1,0,1,1,1,1,1,0,1,0,1,1,1,1
"InChI=1S/C11H12N4O3S/c1-19(17,18)11-8(10(13)16)9(12)15(14-11)7-5-3-2-4-6-7/h2-6H,12H2,1H3,(H2,13,16)",0,0,0,0,0,0,0,0,0,0,0,0,0,0,0,0,0,0,0,0,1,0,0,0,0,0,0,0,0,0,0,0,0,0,0,0,0,1,0,0,0,0,1,0,1,0,1,0,0,1,1,1,1,0,1,0,0,1,1,1,1,1,0,1,1,0,1,0,0,0,0,0,1,0,1,1,1,1,1,1,1,0,1,1,0,0,0,1,0,0,0,1,1,1,1,1,1,0,1,0,0,1,0,0,0,0,0,0,0,1,0,1,0,0,0,0,1,0,1,1,1,1,0,1,1,0,0,0,0,1,1,0,1,0,1,1,1,0,1,1,1,1,0,1,1,1,0,1,1,1,1,0,0,0,0,1,1,1,1,1,1,0,1,1,1,1
"InChI=1S/C11H12N4O3S/c16-7-8-3-1-2-4-13(8)9-10(15(17)18)14-5-6-19-11(14)12-9/h5-8H,1-4H2",0,0,0,0,0,0,0,0,0,0,0,0,0,0,0,0,0,0,0,0,1,0,0,0,0,0,0,0,0,0,0,0,0,0,0,1,0,1,0,0,0,0,0,0,1,0,1,0,0,0,0,0,0,0,0,1,0,0,0,0,0,1,1,0,1,0,0,0,0,1,1,0,0,0,1,1,1,1,1,1,1,0,1,0,1,0,0,1,0,0,0,0,0,1,1,1,1,1,1,1,0,1,0,0,1,1,0,0,0,0,1,0,0,0,0,0,0,1,1,1,1,1,0,1,1,0,0,0,1,1,0,0,1,0,1,1,1,1,0,1,0,1,0,1,1,1,1,1,0,1,0,0,1,1,0,1,0,1,1,0,1,0,1,1,1,1
"InChI=1S/C11H12N4O3S/c12-11(16)8-1-3-10(4-2-8)19(17,18)14-7-9-5-6-13-15-9/h1-6,14H,7H2,(H2,12,16)(H,13,15)",0,0,0,0,0,0,0,0,0,0,0,0,0,0,0,0,0,0,0,0,0,0,0,0,0,0,0,0,0,0,0,1,1,0,0,0,0,0,0,0,0,0,0,0,1,0,0,0,0,1,1,1,1,0,1,0,0,1,1,1,1,0,0,1,1,0,1,0,0,0,0,0,1,0,0,1,0,1,1,1,1,1,1,1,0,0,0,1,0,1,0,1,0,1,0,1,0,0,1,1,0,1,0,0,0,1,0,0,0,1,1,1,0,0,0,0,1,0,1,1,1,0,0,1,1,0,0,0,0,1,1,0,0,0,0,1,1,1,0,1,0,1,0,0,1,1,0,1,0,0,1,0,1,1,1,1,0,1,1,0,1,0,1,1,1,1
"InChI=1S/C11H12N4O3S/c1-2-5-19-11(12)14-13-7-8-6-9(15(17)18)3-4-10(8)16/h2-4,6-7,13H,1,5H2,(H2,12,14)",0,0,0,0,0,0,0,0,0,0,0,0,0,0,0,0,0,0,0,0,0,0,0,0,0,0,0,0,0,0,0,0,0,1,0,0,0,0,0,0,0,0,1,0,1,0,1,0,0,1,0,1,0,1,0,1,0,0,0,0,0,0,1,0,0,0,0,1,1,1,1,0,0,0,0,1,1,1,1,0,1,0,0,0,0,0,0,1,0,1,1,0,0,1,0,0,1,0,1,0,0,1,0,0,0,1,0,0,0,0,0,0,0,0,0,0,0,0,1,0,0,1,0,1,0,0,1,0,0,1,1,0,1,0,0,1,0,1,0,1,0,1,1,0,1,1,0,1,0,1,1,1,1,1,1,1,0,1,1,0,1,0,1,1,1,1
"InChI=1S/C11H12N4O3S/c1-17-10(16)9-7(4-5-18-9)6-19-11-12-13-14-15(11)8-2-3-8/h4-5,8H,2-3,6H2,1H3",0,0,0,0,0,0,0,0,0,0,0,0,0,0,0,0,0,0,0,0,0,1,0,0,0,0,0,0,0,0,0,0,0,0,0,0,0,0,0,0,0,0,0,0,0,0,1,0,0,1,0,1,0,0,0,0,1,0,1,0,0,1,0,1,1,0,0,0,0,1,0,1,0,0,1,1,1,1,1,1,1,0,1,0,0,0,0,1,0,0,0,0,1,1,0,1,0,0,1,0,0,0,0,0,0,1,0,0,0,0,1,0,0,0,0,0,0,0,1,1,1,1,1,1,1,1,0,0,0,1,0,0,1,0,0,1,1,1,0,1,1,1,0,1,0,1,0,1,1,1,0,1,1,1,1,1,1,1,1,1,1,0,0,1,1,1
"InChI=1S/C11H12N4O3S/c16-8-3-7(14-11-15(8)13-5-19-11)4-12-9(10(17)18)6-1-2-6/h3,5-6,9,12H,1-2,4H2,(H,17,18)",0,0,0,0,0,0,0,0,0,0,0,0,0,0,0,0,0,0,0,0,0,1,0,0,0,0,0,0,0,0,0,0,0,0,0,1,0,0,0,0,0,0,0,0,1,0,1,0,0,0,0,1,0,1,0,0,0,0,0,0,0,0,0,0,1,0,0,0,0,0,0,0,0,0,0,1,1,1,1,1,1,1,1,0,0,0,0,1,0,1,1,1,0,1,1,1,1,1,1,1,0,0,0,0,1,1,0,0,0,1,1,0,1,0,0,0,1,0,1,1,1,1,1,1,1,0,1,1,0,1,1,0,0,0,0,1,1,1,1,1,0,1,1,0,1,1,0,1,0,0,1,0,1,1,1,1,1,1,1,0,1,0,1,1,1,1
"InChI=1S/C11H12N4O3S/c1-8(16)14-9-3-2-4-10(5-9)15-19(17,18)11-6-12-7-13-11/h2-7,15H,1H3,(H,12,13)(H,14,16)",0,0,0,0,0,0,0,0,0,0,0,0,0,0,0,0,0,0,0,0,1,0,0,0,0,0,0,0,0,0,0,1,1,0,0,0,0,0,0,0,0,0,0,0,1,0,1,0,0,0,1,0,0,1,1,0,0,1,1,1,1,0,0,1,1,0,1,0,0,0,0,0,1,0,0,1,1,1,1,1,1,0,1,0,0,0,0,1,0,0,0,1,0,1,1,1,1,0,1,0,0,1,0,0,0,1,0,1,0,1,0,1,0,0,0,0,1,0,1,1,1,0,0,1,1,0,0,0,0,1,1,0,1,0,1,1,1,0,1,1,1,1,0,0,1,1,0,1,1,0,1,0,0,0,0,1,1,1,1,1,1,0,1,1,1,1
"InChI=1S/C11H12N4O3S/c1-7-3-4-8(15(16)17)5-10(7)18-6-9-11(12-2)19-14-13-9/h3-5,12H,6H2,1-2H3",0,0,0,0,0,0,0,0,0,0,0,0,0,0,0,0,0,0,0,0,1,0,0,0,0,0,0,0,0,0,0,1,1,0,0,1,0,0,0,0,0,0,0,0,1,0,1,0,0,1,0,1,0,0,0,1,0,0,0,0,0,0,1,0,1,0,1,0,0,1,1,0,0,0,0,1,0,0,1,1,1,0,1,0,0,0,0,1,0,1,0,0,1,1,1,1,1,0,1,0,0,1,0,0,0,0,0,1,1,0,1,0,1,0,0,0,0,0,1,1,1,1,0,1,1,1,1,0,0,1,1,0,1,0,1,1,1,1,0,1,1,1,1,1,1,1,0,1,1,1,1,1,1,0,1,1,1,1,1,1,1,0,1,1,1,1
"InChI=1S/C11H12N4O3S/c1-7-2-3-9(4-10(7)19(12,17)18)15-11(16)8-5-13-14-6-8/h2-6H,1H3,(H,13,14)(H,15,16)(H2,12,17,18)",0,0,0,0,0,0,0,0,0,0,0,0,0,0,0,0,0,0,0,0,0,0,0,0,0,0,0,0,0,0,0,1,1,0,0,0,0,0,0,0,0,0,0,0,1,0,0,0,0,1,1,1,1,0,1,0,0,1,1,1,1,0,0,1,1,0,1,0,0,0,0,0,1,0,0,1,0,1,0,1,1,0,1,1,0,0,0,1,0,0,0,1,0,1,0,1,1,0,1,0,0,1,0,0,0,1,0,0,0,1,0,1,0,0,0,0,1,0,1,1,1,0,0,1,1,0,0,0,0,1,1,0,1,0,1,1,1,0,1,1,1,1,0,1,1,1,0,1,1,1,1,0,0,0,0,1,1,1,1,1,1,0,1,1,1,1
"InChI=1S/C11H12N4O3S/c1-2-7-12-11(19)14-13-10(16)8-5-3-4-6-9(8)15(17)18/h2-6H,1,7H2,(H,13,16)(H2,12,14,19)",0,0,0,0,0,0,0,0,0,0,0,0,0,0,0,0,0,0,0,0,0,0,0,0,0,0,0,0,0,0,0,0,0,1,0,0,0,0,0,0,0,0,1,0,1,0,1,0,0,1,0,1,0,1,0,1,0,0,0,0,0,0,1,0,0,0,0,0,1,1,1,0,0,0,0,1,1,1,1,1,1,0,0,0,0,0,0,1,0,1,0,1,0,1,1,0,1,0,1,1,0,1,0,0,0,1,0,0,0,1,0,0,0,0,0,0,1,0,1,0,0,1,0,1,1,0,0,0,0,1,1,0,1,0,1,1,0,1,1,1,0,1,0,1,1,1,0,1,0,1,1,0,1,0,1,1,1,1,1,0,1,0,1,1,1,1
"InChI=1S/C11H12N4O3S/c1-7-13-14-11(18-7)19-6-8-5-9(15(16)17)3-4-10(8)12-2/h3-5,12H,6H2,1-2H3",0,0,0,0,0,0,0,0,0,0,0,0,0,0,0,0,0,0,0,0,0,0,0,0,0,0,0,0,0,0,0,0,0,0,0,0,0,0,0,0,0,0,0,0,1,0,1,0,0,1,0,1,0,0,0,1,1,0,1,0,0,0,1,1,1,0,0,0,0,1,1,0,0,0,0,1,0,1,0,0,1,0,1,0,0,0,0,1,0,1,0,1,1,1,1,1,0,0,1,0,0,1,0,0,0,1,0,1,0,1,0,0,0,0,0,0,1,0,1,1,1,1,0,1,1,0,0,0,0,1,1,0,1,0,1,1,1,1,0,1,1,1,0,1,1,1,0,1,1,1,1,0,1,0,1,1,1,1,1,1,1,0,1,1,1,1
"InChI=1S/C11H12N4O3S/c1-2-12-11-8(13-14-19-11)7-18-10-6-4-3-5-9(10)15(16)17/h3-6,12H,2,7H2,1H3",0,0,0,0,0,0,0,0,0,0,0,0,0,0,0,0,0,0,0,0,1,0,0,0,0,0,0,0,0,0,0,1,1,0,0,1,0,0,0,0,0,0,0,0,1,0,1,0,0,0,0,1,0,0,0,1,0,0,0,0,0,0,1,0,1,0,1,0,0,1,1,0,0,0,0,1,0,0,1,1,1,1,1,0,0,0,0,1,1,1,0,0,0,1,1,1,1,0,1,1,0,1,0,0,0,0,0,0,1,0,1,0,1,1,0,0,0,0,1,1,1,1,0,1,1,1,1,1,0,1,1,0,1,0,1,1,1,1,0,1,1,1,1,1,1,1,0,1,1,1,1,1,1,0,1,1,1,1,1,1,1,0,1,1,1,1
"InChI=1S/C11H12N4O3S/c1-7-13-8(6-19-7)2-10(16)14-9-3-12-15(4-9)5-11(17)18/h3-4,6H,2,5H2,1H3,(H,14,16)(H,17,18)",0,0,0,0,0,0,0,0,0,0,0,0,0,0,0,0,0,0,0,0,0,0,0,0,0,0,0,0,0,0,0,0,0,0,0,1,0,0,0,0,0,0,0,0,1,0,1,0,0,0,0,1,0,0,0,0,0,0,0,0,0,0,0,0,1,0,0,0,0,0,0,0,0,0,1,1,0,1,1,1,1,0,1,0,0,0,0,1,0,0,0,1,0,1,1,1,1,0,1,1,0,0,0,1,0,0,0,1,0,1,1,0,0,0,0,0,1,0,1,1,1,1,1,1,1,0,0,0,0,1,1,1,1,0,1,1,1,1,1,1,1,1,0,0,0,1,0,1,1,0,0,0,1,1,1,1,1,1,1,1,1,0,0,1,1,1
"InChI=1S/C11H12N4O3S/c16-9(17)7-19-11-14-13-10(18)15(11)5-3-8-2-1-4-12-6-8/h1-2,4,6H,3,5,7H2,(H,13,18)(H,16,17)",0,0,0,0,0,0,0,0,0,0,0,0,0,0,0,0,0,0,0,0,0,0,0,0,0,0,0,0,0,0,0,0,0,0,0,0,1,0,0,0,0,0,0,0,1,0,1,0,0,1,0,1,0,0,0,0,0,0,1,0,0,0,0,1,1,0,0,0,0,0,0,0,0,0,1,1,1,1,1,0,1,0,1,0,1,0,0,1,0,1,1,0,0,1,1,1,0,1,1,1,0,0,0,1,0,1,0,0,0,1,1,0,1,0,0,0,1,1,1,1,1,1,1,1,1,0,1,1,0,1,1,1,0,0,0,1,1,1,1,1,0,1,1,1,1,1,1,1,0,1,0,0,1,1,1,1,1,1,1,0,1,0,1,1,1,1
"InChI=1S/C11H12N4O3S/c1-7(4-12)5-14-19(16,17)9-3-10-8(2)15-18-11(10)13-6-9/h3,6-7,14H,5H2,1-2H3",0,0,0,0,0,0,0,0,0,0,0,0,0,0,0,0,0,0,0,0,1,0,0,1,0,1,0,0,0,0,0,1,1,0,0,0,0,0,0,0,1,0,0,0,1,0,0,0,0,1,1,0,0,0,1,0,1,1,1,1,1,0,0,1,1,0,1,0,0,0,1,0,1,0,0,1,0,1,1,1,1,1,1,0,0,0,0,1,0,0,0,1,0,1,0,1,1,1,1,1,0,1,0,0,1,1,0,0,0,1,0,1,0,0,1,0,1,0,1,1,1,0,0,1,1,0,0,0,0,1,1,0,0,0,0,1,1,1,0,1,1,1,0,0,1,1,0,1,1,0,1,0,1,0,1,1,1,1,1,1,1,0,1,1,1,1
"InChI=1S/C11H12N4O3S/c1-5-7(10(17)18-3)6(2)13-8(5)9(16)14-11-15-12-4-19-11/h4,13H,1-3H3,(H,14,15,16)",0,0,0,0,0,0,0,0,0,0,0,0,0,0,0,0,0,0,0,0,0,0,0,0,0,0,0,0,0,0,0,0,0,0,0,1,0,0,0,0,0,0,0,0,1,0,1,0,0,1,0,1,0,0,0,0,0,0,0,0,0,0,0,0,1,0,0,0,1,0,0,0,0,0,0,1,1,1,1,1,1,0,1,0,0,0,0,1,0,0,0,1,1,1,1,1,1,0,1,0,0,0,0,0,0,1,0,0,0,1,0,0,0,0,0,0,1,0,1,1,1,0,1,1,1,1,0,0,0,1,1,0,1,0,0,1,1,0,0,1,1,1,0,1,0,1,0,0,1,1,1,0,0,1,0,1,1,1,1,1,1,0,0,1,1,1
"InChI=1S/C11H12N4O3S/c16-11(15-9-6-12-13-7-9)8-14-19(17,18)10-4-2-1-3-5-10/h1-7,14H,8H2,(H,12,13)(H,15,16)",0,0,0,0,0,0,0,0,0,0,0,0,0,0,0,0,0,0,0,0,0,0,0,0,0,0,0,0,0,0,0,1,1,0,0,0,0,0,0,0,0,0,0,0,1,0,0,0,0,0,1,1,0,1,1,0,0,1,1,1,1,0,0,1,1,0,1,0,0,0,0,0,1,0,0,1,0,1,1,1,1,1,1,0,0,0,0,1,0,0,0,1,0,1,1,1,0,0,1,1,0,1,0,1,0,1,0,0,0,1,1,1,0,0,0,0,1,0,1,1,1,0,0,1,1,0,0,0,0,1,1,1,1,0,1,1,1,1,1,1,0,1,0,0,1,1,0,1,0,0,1,0,1,0,1,1,1,1,1,0,1,0,1,1,1,1
"InChI=1S/C11H12N4O3S/c12-7-5-9(14-6-7)11(16)15-8-3-1-2-4-10(8)19(13,17)18/h1-6,14H,12H2,(H,15,16)(H2,13,17,18)",0,0,0,0,0,0,0,0,0,0,0,0,0,0,0,0,0,0,0,0,0,0,0,0,0,0,0,0,0,0,0,1,1,0,0,0,0,0,0,0,0,0,0,0,1,0,0,0,0,0,1,0,1,1,1,0,0,1,1,1,1,0,0,1,1,0,1,0,0,0,0,0,1,0,0,1,0,0,1,1,1,0,1,1,0,0,0,1,0,0,0,1,0,1,1,1,1,0,1,0,0,1,0,0,0,1,0,0,0,1,0,1,0,0,0,0,1,0,0,1,1,0,0,1,1,0,0,0,0,1,1,0,1,0,1,1,1,0,0,1,0,1,0,1,1,1,0,1,0,1,1,0,0,1,0,1,0,1,1,0,1,0,1,1,1,1
"InChI=1S/C11H12N4O3S/c1-15-7-8(4-5-10(15)16)14-19(17,18)9-3-2-6-13-11(9)12/h2-7,14H,1H3,(H2,12,13)",0,0,0,0,0,0,0,0,0,0,0,0,0,0,0,0,0,0,0,0,1,0,0,0,0,0,0,0,0,0,0,1,1,0,0,0,0,1,0,0,0,0,0,0,1,0,0,0,0,0,1,0,1,0,1,0,0,1,1,1,1,0,0,1,1,0,1,0,0,0,0,0,1,0,1,1,1,1,1,1,1,0,0,1,1,0,0,1,0,0,0,1,1,1,0,0,1,1,1,0,0,1,0,0,0,1,0,1,0,1,0,1,1,0,0,0,1,0,1,1,1,1,0,1,1,0,1,0,0,1,1,0,1,0,1,1,1,0,0,1,1,1,1,1,1,1,0,1,1,1,1,0,0,1,0,1,0,1,1,1,1,0,1,1,1,1
"InChI=1S/C11H12N4O3S/c16-10(17)6-15-5-9(4-13-15)14-11(18)12-3-8-1-2-19-7-8/h1-2,4-5,7H,3,6H2,(H,16,17)(H2,12,14,18)",0,0,0,0,0,0,0,0,0,0,0,0,0,0,0,0,0,0,0,0,0,0,0,0,0,0,0,0,0,0,0,0,0,0,0,1,1,0,0,0,0,0,1,0,1,0,0,0,0,1,0,1,0,0,0,0,0,0,0,0,0,0,0,0,1,0,0,0,0,0,0,0,0,0,1,1,1,1,1,1,0,0,1,0,0,0,0,1,0,1,1,0,0,1,1,1,1,0,1,1,0,0,0,1,0,1,0,0,0,1,1,0,0,0,0,0,1,0,1,1,1,1,1,1,1,0,0,0,0,1,1,1,1,0,1,1,1,1,1,1,0,1,0,0,0,1,0,1,0,0,1,0,1,1,1,1,1,1,1,0,1,0,0,1,1,1
"InChI=1S/C11H12N4O3S/c16-10(17)2-1-7-18-9-5-3-8(4-6-9)15-11(19)12-13-14-15/h3-6H,1-2,7H2,(H,16,17)(H,12,14,19)",0,0,0,0,0,0,0,0,0,0,0,0,0,0,0,0,0,0,0,0,0,0,0,0,0,0,0,0,0,0,0,0,0,0,0,0,0,0,0,0,0,0,0,0,1,0,1,0,0,0,0,1,0,0,0,0,0,0,1,0,0,1,0,1,1,0,0,0,0,1,0,0,0,0,1,1,1,1,1,1,1,0,1,0,0,0,0,1,0,1,1,0,0,1,0,1,0,0,1,0,0,0,0,1,0,1,0,0,1,0,0,0,1,0,0,0,0,1,1,1,1,1,1,1,1,1,1,0,0,1,1,1,1,0,1,1,1,1,1,1,0,1,1,1,1,1,1,1,0,1,0,1,1,1,1,1,1,1,1,0,1,0,1,1,1,1
"InChI=1S/C11H12N4O3S/c1-7-10(6-13-14-7)19(17,18)15-9-5-3-2-4-8(9)11(12)16/h2-6,15H,1H3,(H2,12,16)(H,13,14)",0,0,0,0,0,0,0,0,0,0,0,0,0,0,0,0,0,0,0,0,0,0,0,0,0,0,0,0,0,0,0,1,1,0,0,0,0,0,0,0,0,0,1,0,1,0,0,0,0,1,1,1,1,0,1,0,0,1,1,1,1,0,0,1,1,0,1,0,0,0,0,0,1,0,0,1,0,1,0,1,1,0,1,0,0,0,0,1,0,0,0,1,0,1,0,1,1,0,1,0,0,1,0,0,0,1,0,1,0,1,0,1,0,0,0,0,1,0,1,1,1,0,0,1,1,0,0,0,0,1,1,0,1,0,1,1,1,0,1,1,1,1,0,1,1,1,0,1,1,1,1,0,0,0,0,1,1,1,1,1,1,0,1,1,1,1
"InChI=1S/C11H12N4O3S/c1-17-7-4-3-6(5-8(7)18-2)9(16)13-11-14-10(12)19-15-11/h3-5H,1-2H3,(H3,12,13,14,15,16)",0,0,0,0,0,0,0,0,0,0,0,0,0,0,0,0,0,0,0,0,0,0,0,0,1,0,0,0,0,0,0,1,1,0,0,1,0,0,0,0,0,0,0,0,0,0,1,0,0,1,0,0,1,1,0,0,0,0,0,0,0,0,0,0,1,0,1,0,0,0,0,1,0,0,0,1,1,1,1,1,1,0,1,0,0,0,0,1,0,0,0,1,1,1,0,1,1,0,1,0,0,0,0,0,0,1,0,1,0,1,0,0,1,0,0,0,1,0,1,1,1,0,0,1,1,1,1,0,0,1,1,0,1,0,1,0,1,0,1,1,1,1,1,1,1,1,0,0,1,1,1,1,0,0,0,1,1,1,1,1,1,0,1,1,1,1
"InChI=1S/C11H12N4O3S/c1-6-9(11(17)18)19-8(14-6)5-12-10(16)7-3-4-13-15(7)2/h3-4H,5H2,1-2H3,(H,12,16)(H,17,18)",0,0,0,0,0,0,0,0,0,0,0,0,0,0,0,0,0,0,0,0,0,0,0,0,0,0,0,0,0,0,0,0,0,0,0,1,0,0,0,0,0,0,0,0,1,0,1,0,0,0,0,1,0,0,0,0,0,0,0,0,0,0,0,0,1,0,0,0,0,0,0,0,0,0,1,1,0,1,1,1,1,1,1,0,0,0,0,1,0,0,0,1,1,1,1,1,1,0,1,1,0,0,0,0,0,0,0,1,0,1,1,0,0,0,0,0,1,0,1,1,1,1,1,1,1,0,0,0,0,1,1,0,0,0,0,1,1,1,1,1,1,1,0,1,0,1,0,1,1,1,1,0,1,1,1,1,1,1,1,1,1,0,0,1,1,1
"InChI=1S/C11H12N4O3S/c1-15-7-8(6-13-15)11(16)14-9-3-2-4-10(5-9)19(12,17)18/h2-7H,1H3,(H,14,16)(H2,12,17,18)",0,0,0,0,0,0,0,0,0,0,0,0,0,0,0,0,0,0,0,0,0,0,0,0,0,0,0,0,0,0,0,1,1,0,0,0,0,0,0,0,0,0,0,0,1,0,0,0,0,1,1,1,0,0,1,0,0,1,1,1,1,0,0,1,1,0,1,0,0,0,0,0,1,0,1,1,0,1,0,1,1,0,1,1,0,0,0,1,0,0,0,1,1,1,0,1,1,0,1,0,0,1,0,0,0,1,0,0,0,1,0,1,0,0,0,0,1,0,1,1,1,1,0,1,1,0,0,0,0,1,1,0,1,0,1,1,1,0,1,1,1,1,0,0,1,1,0,1,1,0,1,0,0,0,0,1,1,1,1,1,1,0,1,1,1,1
"InChI=1S/C11H12N4O3S/c1-7-6-10(16)14-11(13-7)15-19(17,18)9-4-2-8(12)3-5-9/h2-6H,12H2,1H3,(H2,13,14,15,16)",0,0,0,0,0,0,0,0,0,0,0,0,0,0,0,0,0,0,0,0,0,0,0,0,1,0,0,0,0,0,0,1,1,0,0,0,0,0,0,0,0,0,0,0,1,0,0,0,0,0,1,0,1,0,1,0,0,1,1,1,1,0,0,1,1,0,1,0,0,0,0,0,1,0,0,1,1,1,0,0,1,0,0,1,0,0,0,1,0,0,0,1,0,1,0,0,1,1,1,0,0,1,0,0,0,1,0,0,0,1,0,1,1,0,0,0,1,0,1,1,1,0,0,1,1,0,1,0,0,1,1,0,1,0,1,1,1,0,1,1,1,1,1,0,1,1,0,1,1,0,1,0,0,0,0,1,1,1,1,1,1,0,1,1,1,1
"InChI=1S/C11H12N4O3S/c1-11(2,3)9-13-14-10(18-9)19-8-5-4-7(6-12-8)15(16)17/h4-6H,1-3H3",0,0,0,0,0,0,0,0,0,0,0,0,0,0,0,0,0,0,0,0,0,0,0,0,0,0,0,0,0,0,0,0,0,0,0,0,0,0,0,0,0,0,0,0,1,0,1,0,0,0,0,1,0,0,0,1,1,0,1,0,0,0,1,1,1,1,0,0,0,1,1,0,0,1,0,1,0,1,1,1,1,0,1,0,0,0,0,1,0,0,0,1,0,1,1,1,1,1,1,0,0,1,0,0,0,1,0,0,0,1,0,1,0,0,0,0,1,0,1,1,1,1,0,1,1,0,0,0,0,1,0,0,1,0,1,1,1,0,0,1,1,1,0,0,1,1,0,1,1,0,0,0,0,0,0,1,1,1,1,1,1,0,1,1,1,1
"InChI=1S/C11H12N4O3S/c1-15-8(3-4-12-15)10(17)14-11-13-7(6-19-11)5-9(16)18-2/h3-4,6H,5H2,1-2H3,(H,13,14,17)",0,0,0,0,0,0,0,0,0,0,0,0,0,0,0,0,0,0,0,0,0,0,0,0,0,0,0,0,0,0,0,0,0,0,0,1,0,0,0,0,0,0,0,0,1,0,1,0,0,0,0,1,0,0,0,0,0,0,0,0,0,0,0,0,1,0,0,0,0,0,0,0,0,0,1,1,1,1,1,1,1,0,1,0,0,0,0,1,0,0,1,1,1,1,1,1,1,0,1,0,0,0,0,0,0,1,0,1,0,1,1,0,0,0,0,1,1,0,1,1,1,1,1,1,1,1,0,0,0,1,1,1,1,0,1,1,1,0,0,1,1,1,0,1,0,1,0,1,1,1,1,0,0,1,1,1,1,1,1,1,1,0,0,1,1,1
"InChI=1S/C11H12N4O3S/c1-6(16)8-5-19-11(12-8)13-10(18)7-3-4-9(17)15(2)14-7/h5H,3-4H2,1-2H3,(H,12,13,18)",0,0,0,0,0,0,0,0,0,0,0,0,0,0,0,0,0,0,0,0,0,0,0,0,0,0,0,0,0,0,0,0,0,0,0,1,0,0,0,0,0,0,0,0,1,0,1,0,0,0,0,1,0,0,0,0,0,0,0,0,0,0,0,0,1,0,0,0,0,0,0,0,0,0,1,1,1,1,1,1,1,0,1,0,0,0,0,1,0,1,1,1,1,1,1,1,1,1,1,0,0,0,0,0,0,1,0,1,0,1,1,0,0,0,0,1,1,1,1,1,1,1,0,1,1,0,1,0,0,1,1,1,1,0,1,1,1,0,0,1,1,1,1,0,1,1,1,1,1,1,1,1,0,1,0,1,0,1,1,1,1,0,1,1,1,1
"InChI=1S/C11H12N4O3S/c1-15-7-8(2-5-11(15)16)14-19(17,18)9-3-4-10(12)13-6-9/h2-7,14H,1H3,(H2,12,13)",0,0,0,0,0,0,0,0,0,0,0,0,0,0,0,0,0,0,0,0,0,0,0,0,0,0,0,0,0,0,0,1,1,0,0,0,0,1,0,0,0,0,1,0,1,0,0,0,0,0,1,0,1,0,1,0,0,1,1,1,1,0,0,1,1,0,1,0,0,0,0,0,1,0,1,1,1,1,1,1,1,0,0,0,1,0,0,1,0,0,0,1,1,1,0,0,1,1,1,0,0,1,0,0,0,1,0,1,0,1,0,1,1,0,0,0,1,0,1,1,1,1,0,1,1,0,1,0,0,1,1,0,1,0,1,1,1,0,0,1,1,1,1,1,1,1,0,1,1,1,1,0,0,1,0,1,0,1,1,1,1,0,1,1,1,1
"InChI=1S/C11H12N4O3S/c1-8(16)9-2-4-10(5-3-9)19(17,18)14-6-11-12-7-13-15-11/h2-5,7,14H,6H2,1H3,(H,12,13,15)",0,0,0,0,0,0,0,0,0,0,0,0,0,0,0,0,0,0,0,0,0,0,0,0,0,0,0,0,0,0,0,1,1,0,0,0,0,1,0,0,0,0,0,0,0,0,0,0,0,1,1,1,1,0,1,0,0,1,1,1,1,0,0,1,1,0,1,0,0,0,0,0,1,0,0,1,1,1,1,1,1,1,1,0,0,0,0,1,0,1,0,0,0,1,0,1,0,0,1,1,0,1,0,0,0,1,0,1,0,0,1,1,0,0,0,0,1,0,1,1,1,0,0,1,1,0,0,0,0,1,1,0,0,0,0,1,1,1,0,1,1,1,0,0,1,1,0,1,1,0,1,1,1,1,1,1,0,1,1,1,1,0,1,1,1,1
"InChI=1S/C11H12N4O3S/c1-5(9(16)15-10(13)17)19-11-14-7-3-2-6(12)4-8(7)18-11/h2-5H,12H2,1H3,(H3,13,15,16,17)",0,0,0,0,0,0,0,0,0,0,0,0,0,0,0,0,0,0,0,0,0,0,0,0,0,1,0,0,0,0,0,0,0,0,0,0,1,0,0,0,0,0,1,0,1,0,1,0,0,0,0,0,1,0,0,0,1,0,1,0,0,0,0,1,1,0,0,0,0,0,0,0,0,0,0,1,1,1,0,0,1,0,1,1,0,0,0,1,1,0,0,1,0,0,0,1,1,0,1,0,0,0,0,0,1,1,0,0,0,1,0,0,0,0,0,0,1,0,1,1,1,0,0,0,1,0,0,0,0,0,1,0,1,0,1,0,1,0,1,1,1,1,0,0,1,1,0,0,1,0,1,1,0,0,0,1,1,1,1,1,1,0,1,1,1,1
"InChI=1S/C11H12N4O3S/c16-9-1-3-10(4-2-9)19(17,18)15-6-5-14-8-12-13-11(14)7-15/h1-4,8,16H,5-7H2",0,0,0,0,0,0,0,0,0,0,0,0,0,0,0,0,0,0,0,0,0,0,0,0,0,0,0,0,0,0,0,1,1,0,0,0,0,1,0,0,0,0,0,0,0,0,0,0,0,0,1,1,0,0,1,0,0,1,1,1,1,0,0,1,1,0,1,0,0,0,0,0,1,0,1,1,1,1,1,1,1,0,1,0,1,1,0,1,0,0,0,0,0,1,0,1,0,1,1,1,0,1,0,0,1,1,0,0,0,0,1,1,1,0,0,0,1,1,1,1,1,1,0,1,1,0,1,0,1,1,1,0,0,0,0,1,1,1,1,1,0,1,1,1,1,1,1,1,0,0,0,1,1,0,0,1,1,1,1,0,1,0,1,1,1,1
"InChI=1S/C11H12N4O3S/c1-7-4-9(2-3-10(7)19(12,17)18)15-11(16)8-5-13-14-6-8/h2-6H,1H3,(H,13,14)(H,15,16)(H2,12,17,18)",0,0,0,0,0,0,0,0,0,0,0,0,0,0,0,0,0,0,0,0,0,0,0,0,0,0,0,0,0,0,0,1,1,0,0,0,0,0,0,0,0,0,0,0,1,0,0,0,0,1,1,1,1,0,1,0,0,1,1,1,1,0,0,1,1,0,1,0,0,0,0,0,1,0,0,1,0,1,0,1,1,0,1,1,0,0,0,1,0,0,0,1,0,1,0,1,1,0,1,0,0,1,0,0,0,1,0,1,0,1,0,1,0,0,0,0,1,0,1,1,1,0,0,1,1,0,0,0,0,1,1,0,1,0,1,1,1,0,0,1,1,1,0,1,1,1,0,1,1,1,1,0,0,1,0,1,0,1,1,1,1,0,1,1,1,1
"InChI=1S/C11H12N4O3S/c1-6-7(9(17)15-10(18)13-6)2-3-8(16)14-11-12-4-5-19-11/h4-5H,2-3H2,1H3,(H,12,14,16)(H2,13,15,17,18)",0,0,0,0,0,0,0,0,0,0,0,0,0,0,0,0,0,0,0,0,0,0,0,0,0,0,0,0,0,0,0,0,0,0,0,1,1,0,0,0,0,0,0,0,1,0,1,0,0,1,0,0,1,0,0,0,0,0,0,0,0,0,0,0,1,0,0,0,0,0,0,0,0,0,0,1,1,1,0,0,1,0,1,0,0,0,0,1,1,1,1,1,0,0,0,1,1,1,1,0,0,0,0,1,0,1,0,1,0,1,1,0,1,0,0,1,1,1,1,1,1,0,0,0,1,0,1,0,0,0,1,1,1,0,1,0,1,0,1,1,1,1,1,1,1,1,1,0,1,1,0,0,0,0,1,1,1,1,1,1,1,0,1,1,1,1
"InChI=1S/C11H12N4O3S/c1-7(2)14-8-5-3-4-6-9(8)15-10(14)12-13-11(15)19(16,17)18/h3-7H,1-2H3,(H,16,17,18)",0,0,0,0,0,0,0,0,0,0,0,0,0,0,0,0,0,0,0,0,0,0,0,0,1,1,0,0,0,0,0,0,0,0,0,0,0,0,1,1,0,0,0,0,1,0,1,1,0,0,1,1,0,0,1,0,0,1,1,1,1,0,0,1,1,0,1,0,0,0,0,0,1,1,1,1,1,1,1,1,1,0,1,0,1,0,0,1,0,0,0,0,0,1,1,1,1,0,1,0,0,1,0,0,1,1,0,1,0,0,0,1,0,0,0,0,0,0,1,1,1,1,0,1,1,0,0,0,0,1,1,0,0,0,0,1,1,0,1,1,1,1,0,0,1,1,0,1,1,0,0,0,0,0,0,1,0,1,1,1,1,0,1,1,1,1
"InChI=1S/C11H12N4O3S/c1-7-4-2-3-5-9(7)19(17,18)15-11-13-6-8(12)10(16)14-11/h2-6,8H,12H2,1H3,(H,14,15,16)",0,0,0,0,0,0,0,0,0,0,0,0,0,0,0,0,0,0,0,0,0,0,0,0,1,0,0,0,0,0,0,1,1,0,0,0,0,0,0,0,0,0,0,0,0,0,0,0,0,1,1,0,0,1,1,0,0,1,1,1,1,0,0,1,0,0,1,0,0,0,0,0,1,0,0,1,1,1,1,0,1,0,0,1,0,0,0,1,0,0,0,1,0,1,1,0,1,1,1,0,0,1,0,0,0,1,0,1,0,1,0,1,0,0,0,0,1,0,1,1,1,0,0,1,1,0,1,0,0,1,1,0,1,0,0,1,1,0,1,1,1,1,1,1,1,1,0,1,1,1,1,0,0,0,0,1,1,1,1,1,1,0,1,1,1,1
"InChI=1S/C11H12N4O3S/c16-9(7-15-4-5-19-11(15)18)13-14-10(17)8-2-1-3-12-6-8/h1-3,6H,4-5,7H2,(H,13,16)(H,14,17)",0,0,0,0,0,0,0,0,0,0,0,0,0,0,0,0,0,0,0,0,0,0,0,0,0,0,0,0,0,0,0,0,0,0,0,1,0,0,0,0,0,0,0,0,1,0,1,0,0,1,0,1,0,0,0,0,0,0,0,0,0,0,0,0,1,0,0,0,0,0,0,0,0,0,1,1,0,1,1,1,1,0,1,0,1,1,0,1,0,0,1,1,0,1,1,1,1,1,1,1,0,0,0,1,0,1,0,0,0,1,1,0,0,0,0,0,1,0,1,1,1,1,0,1,1,0,1,1,0,1,1,1,0,0,0,1,1,1,1,1,0,1,1,0,1,1,0,1,0,1,0,0,1,1,1,1,1,1,1,0,1,0,1,1,1,1
"InChI=1S/C11H12N4O3S/c1-7-8(3-2-4-10(7)19(12,17)18)14-11(16)9-5-6-13-15-9/h2-6H,1H3,(H,13,15)(H,14,16)(H2,12,17,18)",0,0,0,0,0,0,0,0,0,0,0,0,0,0,0,0,0,0,0,0,0,0,0,0,0,0,0,0,0,0,0,1,1,0,0,0,0,0,0,0,0,0,0,0,1,0,0,0,0,1,1,1,1,0,1,0,0,1,1,1,1,0,0,1,1,0,1,0,0,0,0,0,1,0,0,1,0,1,1,1,1,0,1,1,0,0,0,1,0,0,0,1,0,1,1,1,1,0,1,0,0,1,0,0,0,1,0,1,0,1,0,1,0,0,0,0,1,0,1,1,1,0,0,1,1,0,0,0,0,1,1,0,1,0,1,1,1,0,0,1,1,1,0,1,1,1,0,1,1,1,1,0,0,1,0,1,0,1,1,1,1,0,1,1,1,1
"InChI=1S/C11H12N4O3S/c1-15-5-7(4-12-15)10(17)14-11-13-8(6-19-11)3-9(16)18-2/h4-6H,3H2,1-2H3,(H,13,14,17)",0,0,0,0,0,0,0,0,0,0,0,0,0,0,0,0,0,0,0,0,0,0,0,0,0,0,0,0,0,0,0,0,0,0,0,1,0,0,0,0,0,0,0,0,1,0,1,0,0,1,0,1,0,0,0,0,0,0,0,0,0,0,0,0,1,0,0,0,0,0,0,0,0,0,1,1,1,1,0,1,1,0,1,0,0,0,0,1,0,0,0,1,1,1,0,1,1,0,1,0,0,0,0,0,0,1,0,0,0,1,1,0,0,0,0,1,1,0,1,1,1,1,1,1,1,1,0,0,0,1,1,1,1,0,1,1,1,0,1,1,1,1,0,0,0,1,0,1,1,0,0,0,0,1,1,1,1,1,1,1,1,0,0,1,1,1
"InChI=1S/C11H12N4O3S/c12-8-6(9(16)15-11(13)14-8)2-1-5-3-7(10(17)18)19-4-5/h3-4,6H,1-2H2,(H,17,18)(H4,12,13,14,15,16)",0,0,0,0,0,0,0,0,0,0,0,0,0,0,0,0,0,0,0,0,0,0,0,0,1,0,0,0,0,0,0,0,0,0,0,1,0,1,0,0,0,0,1,0,0,0,0,0,0,1,0,0,1,0,0,0,0,0,0,0,0,0,0,0,0,0,0,0,0,0,0,0,0,0,0,1,1,1,0,1,1,0,1,0,0,0,0,1,0,1,1,1,0,0,0,1,1,1,1,0,0,0,0,0,0,1,0,0,0,1,0,0,0,0,0,0,1,1,1,1,1,0,1,0,1,0,1,0,0,0,1,0,1,0,0,1,1,0,1,1,0,1,1,0,1,1,1,0,0,1,1,0,0,1,1,1,1,1,1,0,1,0,1,1,1,1
"InChI=1S/C11H12N4O3S/c1-5-9(11(16)17)10(14-6(2)12-5)19-4-8-13-7(3)15-18-8/h4H2,1-3H3,(H,16,17)",0,0,0,0,0,0,0,0,0,0,0,0,0,0,0,0,0,0,0,0,0,0,0,1,0,0,0,0,0,0,0,0,0,0,0,0,0,1,0,0,0,0,0,0,1,0,1,0,0,1,0,0,0,0,0,0,1,0,1,0,0,0,0,1,1,0,0,0,0,0,1,0,0,0,0,1,1,1,1,1,1,0,1,0,0,0,0,1,0,0,0,1,0,1,0,1,1,1,1,0,0,1,0,0,0,0,0,1,0,1,1,0,0,0,0,0,1,0,1,1,1,0,1,1,1,0,0,0,0,1,1,1,0,0,0,1,1,1,1,1,1,1,0,1,1,1,0,0,1,1,0,0,1,1,1,1,1,1,1,1,1,0,1,1,1,1
"InChI=1S/C11H12N4O3S/c1-7-6-19-11(16)14(7)5-8-4-9(15(17)18)2-3-10(8)13-12/h2-4,6,13H,5,12H2,1H3",0,0,0,0,0,0,0,0,0,0,0,0,0,0,0,0,0,0,0,0,0,0,0,0,0,0,0,0,0,0,0,0,0,0,0,1,0,0,0,0,0,0,0,0,1,0,1,0,0,1,0,1,0,0,0,1,0,0,0,0,0,0,1,0,1,0,0,1,1,1,1,0,0,0,1,1,0,0,0,1,1,0,1,1,1,0,0,1,0,1,1,0,0,1,0,1,0,0,1,1,0,1,0,0,0,1,0,0,0,1,0,0,1,0,0,1,1,0,1,1,1,1,0,1,1,0,1,0,0,1,1,0,1,0,1,1,1,1,0,1,1,1,1,1,1,1,0,1,1,1,1,0,1,1,1,1,0,1,1,1,1,0,1,1,1,1
"InChI=1S/C11H12N4O3S/c1-18-8-4-2-3-7(9(8)16)5-12-10(17)14-11-15-13-6-19-11/h2-4,6,16H,5H2,1H3,(H2,12,14,15,17)",0,0,0,0,0,0,0,0,0,0,0,0,0,0,0,0,0,0,0,0,0,0,0,0,0,0,0,0,0,0,0,0,0,0,0,1,1,0,0,0,0,0,0,0,0,0,1,0,0,1,0,1,1,0,0,0,0,0,0,0,0,0,0,0,0,0,0,0,1,0,0,1,0,0,0,1,1,1,1,1,1,0,1,0,0,0,0,1,0,1,0,0,1,1,0,1,1,0,1,1,0,0,0,0,0,1,0,1,0,1,0,0,1,0,0,0,1,0,1,1,1,0,0,1,1,1,1,0,0,1,1,0,1,0,0,0,1,1,1,1,1,1,1,1,1,1,0,0,1,1,1,1,1,0,1,1,1,1,1,1,1,0,1,1,1,1
"InChI=1S/C11H12N4O3S/c1-2-5-15-10(18)13-14-11(15)19-7-3-4-12-8(6-7)9(16)17/h3-4,6H,2,5H2,1H3,(H,13,18)(H,16,17)",0,0,0,0,0,0,0,0,0,0,0,0,0,0,0,0,0,0,0,0,0,0,0,0,0,0,0,0,0,0,0,0,0,0,0,0,1,0,0,0,0,0,0,0,1,0,1,0,0,0,0,1,0,0,0,0,0,0,1,0,0,0,0,1,1,0,0,0,0,0,0,0,0,0,1,1,1,1,1,0,1,0,1,0,1,0,0,1,0,1,1,0,0,1,1,1,0,1,1,1,0,0,0,0,0,1,0,0,0,1,1,0,1,1,1,0,1,1,1,1,1,1,1,1,1,0,1,0,0,1,1,0,0,0,0,1,1,1,1,1,1,1,1,1,1,1,1,1,1,1,0,0,1,1,1,1,1,1,1,1,1,0,1,1,1,1
"InChI=1S/C11H12N4O3S/c12-8-6(9(16)15-11(13)14-8)2-1-5-3-7(10(17)18)19-4-5/h3-4H,1-2H2,(H,17,18)(H5,12,13,14,15,16)",0,0,0,0,0,0,0,0,0,0,0,0,0,0,0,0,0,0,0,0,1,0,0,0,1,0,0,0,0,0,0,0,0,0,0,1,0,1,0,0,0,0,1,0,1,0,0,0,0,1,0,0,1,0,0,0,0,0,0,0,0,0,0,0,1,0,0,0,0,0,0,0,0,0,0,1,1,1,0,1,1,0,1,1,0,0,0,1,0,1,1,1,0,0,0,1,1,1,1,0,0,0,0,0,0,1,0,0,0,1,0,0,1,0,0,0,1,1,1,1,1,0,1,0,1,0,1,0,0,0,1,0,1,0,1,1,1,0,1,1,0,1,1,1,1,1,1,0,0,1,1,0,0,1,1,1,1,1,1,0,1,0,1,1,1,1
"InChI=1S/C11H12N4O3S/c16-9-7-8(12-5-13-9)14-11(19-7)15-3-1-6(2-4-15)10(17)18/h5-7H,1-4H2,(H,17,18)",0,0,0,0,0,0,0,0,0,0,0,0,0,0,0,0,0,0,0,0,0,0,0,0,0,0,0,0,0,0,0,0,0,0,0,1,0,1,0,0,0,0,0,0,0,0,1,0,0,0,0,0,0,0,0,0,0,0,0,0,0,1,0,0,0,0,0,0,0,0,0,0,0,0,1,0,1,1,0,1,1,0,1,0,1,1,0,1,0,1,1,1,0,0,0,1,1,1,0,1,0,0,0,0,1,1,0,0,0,1,1,0,0,0,0,0,1,1,1,1,1,1,1,0,0,0,1,0,1,0,1,0,1,0,0,1,1,1,1,1,0,1,1,0,1,1,1,1,0,0,0,0,1,1,0,1,1,1,1,0,1,0,1,1,1,1
"InChI=1S/C11H12N4O3S/c16-15(17)10-4-3-8(18-10)11-14-13-9(19-11)5-6-12-7-1-2-7/h3-4,7,12H,1-2,5-6H2",0,0,0,0,0,0,0,0,0,0,0,0,0,0,0,0,0,0,0,0,1,1,0,0,0,0,0,0,0,0,0,0,0,0,0,1,0,0,0,0,0,0,0,0,1,0,1,0,0,0,0,1,0,0,0,1,1,0,0,0,0,1,1,0,1,0,0,0,0,1,1,1,0,0,0,1,0,1,0,1,1,1,1,0,0,0,0,1,0,0,0,1,0,1,1,1,1,0,1,1,0,1,0,1,0,0,0,0,0,1,1,0,0,0,0,0,1,1,1,1,1,1,0,1,1,0,0,1,1,1,1,0,1,0,1,1,1,1,0,1,0,1,0,0,0,1,1,1,0,0,1,1,1,0,1,1,1,1,1,0,1,0,0,1,1,1
"InChI=1S/C11H12N4O3S/c1-7(8-4-2-3-5-12-8)15-10(18)13-14-11(15)19-6-9(16)17/h2-5,7H,6H2,1H3,(H,13,18)(H,16,17)",0,0,0,0,0,0,0,0,0,0,0,0,0,0,0,0,0,0,0,0,0,0,0,0,0,0,0,0,0,0,0,0,0,0,0,0,1,0,0,0,0,0,0,0,1,0,1,0,0,0,0,1,0,0,0,0,0,0,1,0,0,0,0,1,1,0,0,0,0,0,0,0,0,0,1,1,1,1,1,0,1,0,1,0,1,0,0,1,0,0,0,0,0,1,1,1,0,1,1,0,0,0,0,1,0,1,0,1,0,1,0,0,1,0,0,0,1,0,1,1,1,1,1,1,1,0,1,0,0,1,1,1,0,0,0,1,1,1,1,1,1,1,1,1,1,1,0,1,1,1,0,0,1,1,1,1,1,1,1,1,1,0,1,1,1,1
"InChI=1S/C11H12N4O3S/c1-7-9(6-13-15-7)11(16)14-8-3-4-10(12-5-8)19(2,17)18/h3-6H,1-2H3,(H,13,15)(H,14,16)",0,0,0,0,0,0,0,0,0,0,0,0,0,0,0,0,0,0,0,0,0,0,0,0,0,0,0,0,0,0,0,0,0,0,0,0,0,0,0,0,0,0,0,0,1,0,1,0,0,1,1,1,1,0,1,0,0,1,1,1,1,0,0,1,1,0,1,0,0,0,0,0,1,0,0,1,0,1,1,1,1,0,1,0,0,0,0,1,0,0,0,1,1,1,1,1,1,1,1,0,0,1,0,0,0,0,0,1,0,1,0,1,0,0,0,0,1,0,1,1,1,0,0,1,1,0,0,0,0,1,1,0,1,0,1,1,1,0,1,1,1,1,0,1,1,1,0,1,1,1,1,0,0,0,0,1,1,1,1,1,1,0,1,1,1,1
"InChI=1S/C11H12N4O3S/c12-10(16)9-6-14-11(19(13,17)18)15(9)7-8-4-2-1-3-5-8/h1-6H,7H2,(H2,12,16)(H2,13,17,18)",0,0,0,0,0,0,0,0,0,0,0,0,0,0,0,0,0,0,0,0,0,0,0,0,0,0,0,0,0,0,0,1,1,0,0,0,0,0,0,0,0,0,1,0,1,0,1,0,0,1,1,0,0,0,1,0,0,1,1,1,1,0,0,1,1,0,1,0,0,0,0,0,1,0,1,1,1,1,1,1,1,0,1,1,1,0,0,1,0,0,1,1,0,1,1,1,1,0,1,1,0,1,0,0,0,1,0,0,0,1,0,1,0,0,0,0,1,0,1,1,1,1,0,1,1,0,0,0,0,1,1,0,0,0,0,1,1,1,1,1,0,1,0,1,1,1,0,1,0,1,1,0,1,0,1,1,1,1,1,0,1,0,1,1,1,1
"InChI=1S/C11H12N4O3S/c1-3-7-14-6(2)9(11(16)17)10(15-7)19-4-8-12-5-13-18-8/h5H,3-4H2,1-2H3,(H,16,17)",0,0,0,0,0,0,0,0,0,0,0,0,0,0,0,0,0,0,0,0,0,0,0,1,0,0,0,0,0,0,0,0,0,0,0,0,0,1,0,0,0,0,0,0,1,0,1,0,0,1,0,0,0,0,0,0,1,0,1,0,0,0,0,1,1,0,0,0,0,0,1,0,0,0,0,1,1,1,1,1,1,0,1,0,0,0,0,1,0,0,0,1,0,1,0,1,1,1,1,0,0,1,0,0,0,0,0,1,0,1,1,0,0,1,0,0,1,0,1,1,1,0,1,1,1,0,0,0,0,1,1,1,0,0,0,1,1,1,1,1,1,1,0,1,1,1,0,0,1,1,0,0,1,1,1,1,1,1,1,1,1,0,1,1,1,1
"InChI=1S/C11H12N4O3S/c1-8-10(4-7-18-15(16)17)19-11(13-8)14-9-2-5-12-6-3-9/h2-3,5-6H,4,7H2,1H3,(H,12,13,14)",0,0,0,0,0,0,0,0,0,0,0,0,0,0,0,0,0,0,0,0,0,0,0,1,0,0,0,0,0,0,0,0,0,0,0,1,0,0,0,0,0,0,0,0,1,0,1,1,0,0,0,0,0,0,0,0,0,0,0,0,0,0,1,0,1,0,0,0,0,1,1,0,0,0,0,1,1,1,0,1,1,0,1,0,0,0,0,1,0,0,0,0,0,1,0,1,0,1,1,0,0,1,0,0,0,1,0,1,1,0,1,0,0,0,0,1,0,1,1,1,1,1,0,1,1,1,0,0,0,1,1,1,1,0,1,1,1,1,0,1,1,1,0,1,1,1,1,1,1,1,1,0,1,0,1,1,1,1,1,1,1,0,1,1,1,1
"InChI=1S/C11H12N4O3S/c16-10(17)7-15-6-8(4-13-15)14-11(18)12-5-9-2-1-3-19-9/h1-4,6H,5,7H2,(H,16,17)(H2,12,14,18)",0,0,0,0,0,0,0,0,0,0,0,0,0,0,0,0,0,0,0,0,0,0,0,0,0,0,0,0,0,0,0,0,0,0,0,1,1,0,0,0,0,0,1,0,1,0,0,0,0,0,0,1,0,0,0,0,0,0,0,0,0,0,0,0,1,0,0,0,0,0,0,0,0,0,1,1,1,1,1,1,1,0,1,0,0,0,0,1,0,1,1,0,0,1,1,1,1,0,1,1,0,0,0,1,0,1,0,0,0,1,1,0,0,0,0,0,1,0,1,1,1,1,1,1,1,0,0,0,0,1,1,1,1,0,1,1,1,1,1,1,0,1,0,0,0,1,0,1,0,0,1,0,1,1,1,1,1,1,1,0,1,0,0,1,1,1
"InChI=1S/C11H12N4O3S/c12-8(11(17)18)5-19-6-15-10(16)7-3-1-2-4-9(7)13-14-15/h1-4,8H,5-6,12H2,(H,17,18)",0,0,0,0,0,0,0,0,0,0,0,0,0,0,0,0,0,0,0,0,0,0,0,0,0,1,0,1,0,0,0,0,0,0,0,0,0,0,0,0,0,0,0,0,1,0,1,0,0,1,0,1,0,1,0,0,0,0,0,0,0,0,0,0,1,0,0,0,0,1,0,0,0,0,1,1,1,0,0,0,0,0,0,1,0,1,0,1,0,1,1,1,0,1,1,0,1,1,1,0,0,0,0,1,1,0,0,0,0,1,1,0,1,0,0,0,1,0,1,1,1,1,1,1,1,0,1,0,0,1,1,0,0,0,0,1,1,1,1,1,0,1,1,1,1,1,0,1,0,1,1,0,1,1,1,1,1,1,1,0,1,0,1,1,1,1
"InChI=1S/C11H12N4O3S/c1-17-10(16)7-3-2-6(18-7)5-19-11-14-8(12)4-9(13)15-11/h2-4H,5H2,1H3,(H4,12,13,14,15)",0,0,0,0,0,0,0,0,0,0,0,0,0,0,0,0,0,0,0,0,1,0,0,0,0,0,0,0,0,0,0,0,0,0,0,0,0,1,0,0,0,0,1,0,1,0,1,0,0,0,0,0,1,0,0,0,1,0,1,0,0,0,0,1,1,0,0,0,0,0,0,1,0,0,0,1,1,1,0,1,1,0,1,1,0,0,0,1,0,1,0,0,1,0,0,1,0,1,1,0,0,0,0,0,0,1,0,1,0,0,0,0,0,0,0,0,0,0,1,1,1,0,1,0,1,1,0,0,0,0,1,1,1,0,1,1,1,1,0,1,1,1,0,0,1,1,0,0,1,0,1,1,1,1,1,1,1,1,1,1,1,0,1,1,1,1
"InChI=1S/C11H12N4O3S/c1-7-5-8(3-4-9(7)18-2)15-11(12-13-14-15)19-6-10(16)17/h3-5H,6H2,1-2H3,(H,16,17)",0,0,0,0,0,0,0,0,0,0,0,0,0,0,0,0,0,0,0,0,0,0,0,0,0,0,0,0,0,0,0,0,0,0,0,0,0,0,0,0,0,0,0,0,1,0,1,0,0,1,0,1,0,0,0,0,0,0,1,0,0,1,0,1,1,0,0,0,0,1,0,0,0,0,1,1,1,1,1,1,1,0,1,0,0,0,0,1,0,0,0,0,1,1,0,1,0,0,1,0,0,0,0,1,0,1,0,1,0,0,0,0,1,0,0,0,0,0,1,1,1,1,1,1,1,1,1,0,0,1,1,1,1,0,1,1,1,1,1,1,1,1,1,1,1,1,0,1,1,1,0,1,1,1,1,1,1,1,1,1,1,0,1,1,1,1
"InChI=1S/C11H12N4O3S/c1-2-12-8(16)6-13-9(17)7-5-14-11-15(10(7)18)3-4-19-11/h3-5H,2,6H2,1H3,(H,12,16)(H,13,17)",0,0,0,0,0,0,0,0,0,0,0,0,0,0,0,0,0,0,0,0,0,0,0,0,0,0,0,0,0,0,0,0,0,0,0,1,0,0,0,0,0,0,0,0,1,0,1,0,0,1,0,0,0,0,0,0,0,0,0,0,0,0,0,0,1,0,0,0,0,0,0,0,0,0,0,1,1,1,1,1,1,0,1,0,1,0,0,1,1,1,0,1,0,0,1,1,1,1,1,1,0,0,0,1,1,1,0,1,0,1,1,0,1,1,0,0,1,0,1,1,1,1,0,0,1,0,1,0,1,0,1,1,0,0,0,1,1,1,1,1,1,1,1,1,1,1,0,1,1,1,0,0,1,1,1,1,1,1,1,1,1,0,1,1,1,1
"InChI=1S/C11H12N4O3S/c1-6-13-14-11(19-6)12-10(17)7-4-8(16)9(18-3)5-15(7)2/h4-5H,1-3H3,(H,12,14,17)",0,0,0,0,0,0,0,0,0,0,0,0,0,0,0,0,0,0,0,0,0,0,0,0,0,0,0,0,0,0,0,0,0,0,0,1,0,0,0,0,0,0,0,0,1,0,1,0,0,0,0,1,0,0,0,0,0,0,0,0,0,0,0,0,1,0,0,0,0,0,0,1,0,0,1,1,1,1,1,1,1,0,1,0,1,0,0,1,0,0,0,1,1,1,1,1,1,1,1,0,0,0,0,0,0,1,0,1,0,1,0,0,1,0,0,0,1,0,1,1,1,1,0,1,1,1,1,0,0,1,1,0,1,0,1,1,1,0,1,1,1,1,1,1,1,1,0,1,1,1,0,1,0,1,0,1,1,1,1,1,1,0,1,1,1,1
"InChI=1S/C11H12N4O3S/c1-5-6(2)19-9(8(5)10(16)17)14-11(18)13-7-3-4-12-15-7/h3-4H,1-2H3,(H,16,17)(H3,12,13,14,15,18)",0,0,0,0,0,0,0,0,0,0,0,0,0,0,0,0,0,0,0,0,1,0,0,0,0,0,0,0,0,0,0,0,0,0,0,1,1,1,0,0,0,0,0,0,1,0,1,0,0,1,0,1,1,0,0,0,0,0,0,0,0,0,0,0,0,0,0,1,1,0,0,0,0,0,0,1,1,1,1,1,1,0,1,0,0,0,0,1,0,0,0,0,0,1,0,1,1,0,1,0,0,0,0,0,0,1,0,0,0,1,0,0,0,0,0,0,1,0,1,1,1,0,1,1,1,0,0,0,0,1,1,0,1,0,1,1,1,0,1,1,1,1,0,1,0,1,0,0,1,1,1,0,0,1,0,1,1,1,1,1,1,0,0,1,1,1
"InChI=1S/C11H12N4O3S/c1-7-8(10(16)17)9(14-11(18)13-7)19-5-4-15-3-2-12-6-15/h2-3,6,8H,4-5H2,1H3,(H,16,17)",0,0,0,0,0,0,0,0,0,0,0,0,0,0,0,0,0,0,0,0,0,0,0,0,0,0,0,0,0,0,0,0,0,0,0,0,1,0,0,0,0,0,0,0,1,0,1,0,0,0,0,0,0,0,0,0,0,0,0,0,0,0,0,1,1,0,0,0,0,0,0,0,0,0,1,0,1,1,0,0,1,0,1,0,1,0,0,1,0,0,0,0,0,0,0,1,1,1,1,1,0,0,0,0,0,1,0,0,0,1,1,0,0,0,0,0,1,1,1,1,1,1,1,0,1,0,1,0,0,0,1,0,0,0,0,1,1,1,1,1,1,1,1,0,1,1,1,1,1,1,0,0,1,1,1,1,1,1,1,1,1,0,1,1,1,1
"InChI=1S/C11H12N4O3S/c16-11(17)7-2-1-6(18-7)3-19-10-8-9(13-4-12-8)14-5-15-10/h4-7H,1-3H2,(H,16,17)(H,12,13,14,15)",0,0,0,0,0,0,0,0,0,0,0,0,0,0,0,0,0,0,0,0,1,0,0,0,0,1,0,0,0,0,0,0,0,0,0,0,0,1,0,0,0,0,0,0,1,0,1,0,0,0,0,0,0,0,0,0,1,0,1,0,0,0,0,1,1,0,0,0,0,0,0,1,0,0,0,1,1,1,1,1,1,0,1,0,0,0,0,1,0,1,0,0,0,0,0,1,0,1,1,0,0,0,0,0,1,0,0,0,0,0,0,0,0,0,0,0,0,0,1,1,1,0,1,0,1,0,0,1,0,0,1,1,0,0,0,1,1,1,1,1,0,1,0,0,1,1,0,0,0,0,1,1,1,1,1,1,1,1,1,0,1,0,1,1,1,1
"InChI=1S/C11H12N4O3S/c16-9(5-15-7-19-6-10(15)17)13-14-11(18)8-3-1-2-4-12-8/h1-4H,5-7H2,(H,13,16)(H,14,18)",0,0,0,0,0,0,0,0,0,0,0,0,0,0,0,0,0,0,0,0,0,0,0,0,0,0,0,1,0,0,0,0,0,0,0,1,0,0,0,0,0,0,0,0,1,0,1,0,0,0,0,1,0,0,0,0,0,0,0,0,0,0,0,0,1,0,0,0,0,0,0,0,0,0,1,1,0,1,1,1,0,0,1,0,1,1,0,1,0,0,1,1,0,1,1,1,0,1,1,1,0,0,0,1,0,0,0,0,0,1,1,0,0,0,0,0,1,0,1,1,1,1,0,1,1,0,1,0,1,1,1,1,0,0,0,1,1,1,1,1,0,1,1,0,1,1,0,1,0,1,0,0,1,1,1,1,1,1,1,0,1,0,1,1,1,1
"InChI=1S/C11H12N4O3S/c1-6-3-8(15(2)14-6)10(18)13-11-12-7(5-19-11)4-9(16)17/h3,5H,4H2,1-2H3,(H,16,17)(H,12,13,18)",0,0,0,0,0,0,0,0,0,0,0,0,0,0,0,0,0,0,0,0,0,0,0,0,0,0,0,0,0,0,0,0,0,0,0,1,0,0,0,0,0,0,0,0,1,0,1,0,0,0,0,1,0,0,0,0,0,0,0,0,0,0,0,0,1,0,0,0,0,0,0,0,0,0,1,1,1,1,1,1,1,0,1,0,0,0,0,1,0,0,1,1,1,1,1,1,1,0,1,0,0,0,0,1,0,1,0,1,0,1,1,0,0,0,0,0,1,0,1,1,1,1,1,1,1,0,0,0,0,1,1,1,1,0,1,1,1,0,1,1,1,1,0,1,0,1,0,1,1,1,1,0,0,1,1,1,1,1,1,1,1,0,0,1,1,1
"InChI=1S/C11H12N4O3S/c1-18-6-2-3-7-8(4-6)14-11(13-7)19-5-9(16)15-10(12)17/h2-4H,5H2,1H3,(H,13,14)(H3,12,15,16,17)",0,0,0,0,0,0,0,0,0,0,0,0,0,0,0,0,0,0,0,0,0,0,0,0,0,1,0,0,0,0,0,0,0,0,0,0,1,0,0,0,0,0,1,0,1,0,1,0,0,0,0,0,1,0,0,0,0,0,1,0,0,0,0,1,1,0,0,0,0,0,0,0,0,0,0,1,1,1,0,0,1,0,1,0,0,0,0,1,1,1,1,1,1,0,0,1,1,0,1,0,0,0,0,1,1,1,0,1,0,1,1,0,1,0,0,0,1,0,1,1,1,0,0,0,1,1,1,0,0,0,1,1,0,0,0,0,1,1,1,1,1,1,1,0,1,1,0,0,1,0,1,1,1,0,1,1,1,1,1,1,1,0,1,1,1,1
"InChI=1S/C11H12N4O3S/c1-2-15-10(18)13-14-11(15)19-8-5-6(12)3-4-7(8)9(16)17/h3-5H,2,12H2,1H3,(H,13,18)(H,16,17)",0,0,0,0,0,0,0,0,0,0,0,0,0,0,0,0,0,0,0,0,0,0,0,0,0,0,0,0,0,0,0,0,0,0,0,0,1,0,0,0,0,0,0,0,1,0,1,0,0,1,0,1,0,0,0,0,0,0,1,0,0,0,0,1,1,0,0,0,0,0,0,0,0,0,1,1,1,1,1,0,1,0,1,1,1,0,0,1,0,1,0,0,0,1,1,1,0,0,1,1,0,0,0,0,0,1,0,0,0,1,0,0,1,1,0,0,1,0,1,1,1,1,1,1,1,0,1,0,0,1,1,0,1,0,1,1,1,1,1,1,1,1,1,1,1,1,0,1,1,1,1,0,1,1,1,1,1,1,1,1,1,0,1,1,1,1
"InChI=1S/C11H12N4O3S/c16-9-7-8(12-5-13-9)14-11(19-7)15-3-1-2-6(4-15)10(17)18/h5-6H,1-4H2,(H,17,18)(H,12,13,16)",0,0,0,0,0,0,0,0,0,0,0,0,0,0,0,0,0,0,0,0,1,0,0,0,0,1,0,0,0,0,0,0,0,0,0,1,0,1,0,0,0,0,0,0,1,0,1,0,0,0,0,0,0,0,0,0,0,0,0,0,0,1,0,0,1,0,0,0,0,0,0,0,0,0,1,1,1,1,0,1,1,0,1,0,1,1,0,1,0,1,1,1,0,0,0,1,1,1,1,1,0,0,0,0,1,1,0,0,0,1,1,0,1,0,0,0,1,1,1,1,1,1,1,0,1,0,1,0,1,0,1,0,1,0,1,1,1,1,1,1,0,1,1,0,1,1,1,1,0,0,0,0,1,1,0,1,1,1,1,0,1,0,1,1,1,1
"InChI=1S/C11H12N4O3S/c16-9-4-7(13-11-15(9)12-6-19-11)5-14-3-1-2-8(14)10(17)18/h4,6,8H,1-3,5H2,(H,17,18)",0,0,0,0,0,0,0,0,0,0,0,0,0,0,0,0,0,0,0,0,0,0,0,0,0,0,0,0,0,0,0,0,0,0,0,1,0,0,0,0,0,0,0,0,1,0,1,0,0,0,0,1,0,0,0,0,0,0,0,0,0,0,0,0,1,0,0,0,0,0,0,0,0,0,1,1,1,1,1,1,1,0,1,0,1,1,0,1,0,1,1,1,0,1,1,1,1,1,1,1,0,0,0,0,1,1,0,0,0,1,1,0,1,0,0,0,1,0,1,1,1,1,1,1,1,0,1,1,1,1,1,0,0,0,0,1,1,1,1,1,0,1,1,0,1,1,0,1,0,1,0,0,1,1,1,1,1,1,1,0,1,0,1,1,1,1
"InChI=1S/C11H12N4O3S/c1-2-6-5-19-9(13-6)4-12-10(17)7-3-8(16)15-11(18)14-7/h3,5H,2,4H2,1H3,(H,12,17)(H2,14,15,16,18)",0,0,0,0,0,0,0,0,0,0,0,0,0,0,0,0,0,0,0,0,0,0,0,0,0,0,0,0,0,0,0,0,0,0,0,1,1,0,0,0,0,0,0,0,1,0,1,0,0,0,0,0,1,0,0,0,0,0,0,0,0,0,0,0,1,0,0,0,0,0,0,0,0,0,0,1,1,1,1,0,1,0,1,0,0,0,0,1,1,1,0,1,0,0,1,1,1,1,1,1,0,0,0,0,0,1,0,0,0,1,1,0,1,1,0,0,1,0,1,1,1,0,0,0,1,0,1,1,0,0,1,0,0,0,0,0,1,1,1,1,1,1,1,0,1,1,0,0,1,0,0,0,1,0,1,1,1,1,1,1,1,0,1,1,1,1
"InChI=1S/C11H12N4O3S/c1-2-14-10(13-7-11(14)15(16)17)8-19(18)9-4-3-5-12-6-9/h3-7H,2,8H2,1H3",0,0,0,0,0,0,0,0,0,0,0,0,0,0,0,0,0,0,0,0,1,0,0,0,0,0,0,0,0,0,0,0,0,0,0,0,0,1,0,0,0,0,0,0,1,0,0,0,0,0,1,0,0,0,0,1,0,0,1,1,1,0,1,1,1,0,1,0,0,1,1,0,1,0,1,1,1,1,1,1,1,0,1,0,1,0,0,1,0,0,0,0,0,1,1,1,1,1,1,1,0,1,0,0,0,0,0,1,0,0,1,0,0,1,0,0,0,0,1,1,1,1,0,1,1,0,0,0,1,1,0,1,1,0,1,1,1,1,0,1,1,1,0,1,1,1,0,1,1,1,0,0,1,0,1,1,0,1,1,1,1,0,1,1,1,1
"InChI=1S/C11H12N4O3S/c16-4-8-12-7(3-9(17)13-8)5-19-11-15-14-10(18-11)6-1-2-6/h3,6,16H,1-2,4-5H2,(H,12,13,17)",0,0,0,0,0,0,0,0,0,0,0,0,0,0,0,0,0,0,0,0,0,1,0,0,0,0,0,0,0,0,0,0,0,0,0,0,0,1,0,0,0,0,0,0,1,0,1,0,0,0,0,1,0,0,0,0,1,0,1,0,0,1,0,1,1,0,0,0,0,0,0,0,0,0,0,1,1,1,0,1,1,1,1,0,0,0,0,1,0,0,1,1,0,1,1,1,1,1,1,0,0,0,0,0,0,1,0,0,1,1,1,0,1,0,0,0,1,0,1,1,1,0,0,1,1,0,1,1,0,1,1,0,0,0,0,0,1,1,1,1,0,1,1,0,1,1,0,0,0,0,0,0,1,0,1,1,1,1,1,0,1,0,1,1,1,1
"InChI=1S/C11H12N4O3S/c1-14-7-12-13-11(14)19-6-8-3-4-10(18-2)9(5-8)15(16)17/h3-5,7H,6H2,1-2H3",0,0,0,0,0,0,0,0,0,0,0,0,0,0,0,0,0,0,0,0,0,0,0,0,0,0,0,0,0,0,0,0,0,0,0,0,0,0,0,0,0,0,0,0,1,0,1,0,0,1,0,1,0,0,0,1,0,0,1,0,0,0,1,1,1,0,0,0,0,1,1,0,0,0,1,1,1,1,1,0,1,0,1,0,1,0,0,1,1,0,0,0,1,1,1,1,0,0,1,0,0,1,0,0,0,1,0,1,0,0,0,0,1,0,0,0,0,0,1,1,1,1,0,1,1,1,1,0,0,1,0,0,1,0,1,1,1,1,0,1,1,1,1,1,1,1,0,1,1,1,0,1,1,0,1,1,1,1,1,1,1,0,1,1,1,1
"InChI=1S/C11H12N4O3S/c16-9-3-1-8(2-4-9)11(12-14-15-13-11)7-19-6-5-10(17)18/h1-4,16H,5-7H2,(H,17,18)",0,0,0,0,0,0,0,0,0,0,0,0,0,0,0,0,0,0,0,0,0,0,0,0,0,0,0,0,0,0,0,0,0,0,0,0,0,1,0,0,0,0,0,0,0,0,0,0,0,1,0,1,0,0,0,0,0,0,0,0,0,1,0,0,0,0,0,0,0,1,0,0,0,0,0,1,1,0,1,1,0,0,1,0,0,1,0,1,0,1,0,0,0,1,0,1,0,0,1,0,0,0,0,1,0,0,0,0,0,0,1,1,1,0,0,0,0,1,1,1,1,0,1,1,1,0,1,0,1,1,1,1,0,0,0,1,1,1,1,1,0,1,1,0,1,1,1,0,0,0,0,1,1,1,1,1,1,1,1,0,1,0,1,1,1,1
"InChI=1S/C11H12N4O3S/c1-7-12-13-11(14(7)2)19-10-4-3-8(6-16)5-9(10)15(17)18/h3-5,16H,6H2,1-2H3",0,0,0,0,0,0,0,0,0,0,0,0,0,0,0,0,0,0,0,0,0,0,0,0,0,0,0,0,0,0,0,0,0,0,0,0,0,1,0,0,0,0,0,0,1,0,1,0,0,1,0,1,0,0,0,1,0,0,1,0,0,0,1,1,1,0,0,0,0,1,1,0,0,0,1,1,1,1,1,0,1,1,1,0,1,0,0,1,0,0,0,0,1,1,0,1,0,0,1,0,0,1,0,0,0,1,0,0,1,0,0,0,0,0,0,0,0,0,1,1,1,1,0,1,1,0,0,0,0,1,1,0,1,0,1,1,1,1,1,1,1,1,0,1,1,1,0,1,1,1,0,0,1,0,1,1,1,1,1,1,1,0,1,1,1,1
"InChI=1S/C11H12N4O3S/c1-5-8(6(2)15-14-5)12-11(18)13-9-7(10(16)17)3-4-19-9/h3-4H,1-2H3,(H,14,15)(H,16,17)(H2,12,13,18)",0,0,0,0,0,0,0,0,0,0,0,0,0,0,0,0,0,0,0,0,1,0,0,0,0,0,0,0,0,0,0,0,0,0,0,1,1,0,0,0,0,0,1,0,1,0,1,0,0,1,0,1,1,0,0,0,0,0,0,0,0,0,0,0,1,0,0,0,0,0,0,0,0,0,0,1,1,1,1,1,1,0,1,0,0,0,0,1,0,0,0,0,0,1,0,1,1,0,1,0,0,0,0,0,0,1,0,0,0,1,0,0,0,0,0,0,1,0,1,1,1,0,1,1,1,0,0,0,0,1,1,0,1,0,1,1,1,0,1,1,1,1,0,1,0,1,0,0,1,1,1,0,0,1,0,1,1,1,1,1,1,0,0,1,1,1
"InChI=1S/C11H12N4O3S/c1-7-5-8(15(16)17)3-4-9(7)18-6-10-12-13-11(19)14(10)2/h3-5H,6H2,1-2H3,(H,13,19)",0,0,0,0,0,0,0,0,0,0,0,0,0,0,0,0,0,0,0,0,0,0,0,0,0,0,0,0,0,0,0,0,0,0,0,0,0,1,0,0,0,0,0,0,1,0,1,0,0,1,0,1,0,0,0,1,0,0,1,0,0,0,1,1,1,0,0,0,0,1,1,0,0,0,1,1,1,1,1,0,1,0,1,0,1,0,0,1,0,0,1,0,1,1,1,1,1,0,1,0,0,1,0,0,0,1,0,1,1,0,1,0,1,0,0,1,0,0,1,1,1,1,0,1,1,1,1,0,0,1,1,0,1,0,1,1,1,1,0,1,1,1,1,1,1,1,0,1,1,1,0,1,1,0,1,1,1,1,1,1,1,0,1,1,1,1
"InChI=1S/C11H12N4O3S/c1-7(16)8-2-4-9(5-3-8)15-19(17,18)10-6-13-14-11(10)12/h2-6,15H,1H3,(H3,12,13,14)",0,0,0,0,0,0,0,0,0,0,0,0,0,0,0,0,0,0,0,0,0,0,0,0,0,0,0,0,0,0,0,1,1,0,0,0,0,1,0,0,0,0,1,0,1,0,0,0,0,1,1,1,1,1,1,0,0,1,1,1,1,0,0,1,1,0,1,1,1,0,0,0,1,0,0,1,1,1,1,1,1,0,1,0,0,0,0,1,0,0,0,0,0,1,0,1,1,0,1,0,0,1,0,0,0,1,0,1,0,0,0,1,0,0,0,0,1,0,1,1,1,0,0,1,1,0,0,0,0,1,1,0,1,0,1,1,1,0,0,1,1,1,0,1,1,1,0,1,1,1,1,1,0,1,0,1,0,1,1,1,1,0,1,1,1,1
"InChI=1S/C11H12N4O3S/c1-6(2)15-10(18)13-14-11(15)19-8-5-7(9(16)17)3-4-12-8/h3-6H,1-2H3,(H,13,18)(H,16,17)",0,0,0,0,0,0,0,0,0,0,0,0,0,0,0,0,0,0,0,0,0,0,0,0,0,0,0,0,0,0,0,0,0,0,0,0,1,0,0,0,0,0,0,0,1,0,1,0,0,1,0,1,0,0,0,0,0,0,1,0,0,0,0,1,1,0,0,0,0,0,0,0,0,1,1,1,1,1,1,1,1,0,1,0,1,0,0,1,0,0,0,0,0,1,1,1,0,1,1,0,0,0,0,0,0,1,0,0,0,1,0,0,1,0,0,0,1,0,1,1,1,1,1,1,1,0,1,0,0,1,1,0,0,0,0,1,1,0,1,1,1,1,1,1,1,1,0,1,1,1,0,0,0,1,0,1,1,1,1,1,1,0,1,1,1,1
"InChI=1S/C11H12N4O3S/c12-11(16)9-3-1-2-8(4-9)5-15-19(17,18)10-6-13-14-7-10/h1-4,6-7,15H,5H2,(H2,12,16)(H,13,14)",0,0,0,0,0,0,0,0,0,0,0,0,0,0,0,0,0,0,0,0,0,0,0,0,0,0,0,0,0,0,0,1,1,0,0,0,0,0,0,0,0,0,1,0,1,0,0,0,0,1,1,1,1,0,1,0,0,1,1,1,1,0,0,1,1,0,1,0,0,0,0,0,1,0,0,1,0,1,0,1,1,1,1,0,0,0,0,1,0,0,0,1,0,1,0,1,1,0,1,1,0,1,0,0,0,1,0,0,0,1,0,1,0,0,0,0,1,0,1,1,1,0,0,1,1,0,0,0,0,1,1,0,0,0,0,1,1,1,1,1,0,1,0,0,1,1,0,1,0,0,1,0,1,0,1,1,1,1,1,0,1,0,1,1,1,1
"InChI=1S/C11H12N4O3S/c16-9(6-10(17)18)7-19-11-12-13-14-15(11)8-4-2-1-3-5-8/h1-5,9,16H,6-7H2,(H,17,18)",0,0,0,0,0,0,0,0,0,0,0,0,0,0,0,0,0,0,0,0,0,0,0,0,0,0,0,0,0,0,0,0,0,0,0,0,0,0,0,0,0,0,0,0,1,0,1,0,0,0,0,1,1,0,0,0,0,0,1,0,0,1,0,1,1,0,0,0,0,1,0,0,0,0,1,1,1,1,1,1,1,0,1,0,0,0,0,1,1,0,1,0,0,1,0,1,0,0,1,0,0,0,0,1,0,1,0,0,0,0,0,0,0,0,0,0,0,0,1,1,1,1,1,1,1,0,0,0,0,1,1,1,1,0,1,1,1,1,1,1,0,1,0,1,1,1,0,1,0,1,0,1,1,1,1,1,1,1,1,0,1,0,1,1,1,1
"InChI=1S/C11H12N4O3S/c1-7-5-12-10(19-7)13-8(16)6-15-4-3-9(17)14(2)11(15)18/h3-5H,6H2,1-2H3,(H,12,13,16)",0,0,0,0,0,0,0,0,0,0,0,0,0,0,0,0,0,0,0,0,0,0,0,0,0,0,0,0,0,0,0,0,0,0,0,1,1,0,0,0,0,0,0,0,1,0,1,0,0,0,0,0,0,0,0,0,0,0,0,0,0,0,0,0,1,0,0,0,0,0,0,0,0,0,1,1,1,1,1,0,1,0,1,0,1,0,0,1,1,0,0,1,1,0,1,1,1,1,1,1,0,0,0,1,0,1,0,1,0,1,1,0,1,0,0,0,1,0,1,1,1,1,0,0,1,0,1,0,0,0,1,1,1,0,1,1,1,1,1,1,1,1,1,1,1,1,0,1,1,1,0,0,1,1,1,1,1,1,1,1,1,0,1,1,1,1
"InChI=1S/C11H12N4O3S/c1-19(17,18)9-5-7(4-8(12)6-9)10(16)15-11-13-2-3-14-11/h2-6H,12H2,1H3,(H2,13,14,15,16)",0,0,0,0,0,0,0,0,0,0,0,0,0,0,0,0,0,0,0,0,0,0,0,0,1,0,0,0,0,0,0,0,0,0,0,0,0,0,0,0,0,0,0,0,1,0,0,0,0,1,1,0,1,0,1,0,0,1,1,1,1,0,0,1,1,0,1,0,0,0,0,0,1,0,0,1,1,1,0,0,1,0,1,1,0,0,0,1,0,0,0,1,1,0,0,1,1,0,1,0,0,1,0,0,0,1,0,0,0,1,0,1,0,0,0,0,1,0,1,1,1,0,0,1,1,0,0,0,0,1,1,0,1,0,1,1,1,0,1,1,1,1,0,0,1,1,0,1,1,0,1,0,0,0,0,1,1,1,1,1,1,0,1,1,1,1
"InChI=1S/C11H12N4O3S/c1-7-3-4-9(18-2)8(5-7)15-11(12-13-14-15)19-6-10(16)17/h3-5H,6H2,1-2H3,(H,16,17)",0,0,0,0,0,0,0,0,0,0,0,0,0,0,0,0,0,0,0,0,0,0,0,0,0,0,0,0,0,0,0,0,0,0,0,0,0,0,0,0,0,0,0,0,1,0,1,0,0,1,0,1,0,0,0,0,0,0,1,0,0,1,0,1,1,0,0,0,0,1,0,0,0,0,1,1,1,1,1,1,1,0,1,0,0,0,0,1,0,0,0,0,1,1,1,1,1,0,1,0,0,0,0,1,0,1,0,1,0,0,0,0,1,0,0,0,0,0,1,1,1,1,1,1,1,1,1,0,0,1,1,1,1,0,1,1,1,1,1,1,1,1,1,1,1,1,0,1,1,1,0,1,1,1,1,1,1,1,1,1,1,0,1,1,1,1
"InChI=1S/C11H12N4O3S/c1-19(17,18)8-4-2-7(3-5-8)13-11(16)9-6-10(12)15-14-9/h2-6H,1H3,(H,13,16)(H3,12,14,15)",0,0,0,0,0,0,0,0,0,0,0,0,0,0,0,0,0,0,0,0,0,0,0,0,0,0,0,0,0,0,0,0,0,0,0,0,0,1,0,0,0,0,1,0,1,0,0,0,0,0,1,1,1,1,1,0,0,1,1,1,1,0,0,1,1,0,1,1,1,0,0,0,1,0,0,1,1,1,1,1,1,0,1,0,0,0,0,1,0,0,0,1,1,1,1,1,1,0,1,0,0,1,0,0,0,0,0,1,0,1,0,1,0,0,0,0,1,0,1,1,1,0,0,1,1,0,0,0,0,1,1,0,1,0,1,1,1,0,0,1,1,1,0,0,1,1,0,1,1,0,1,0,0,1,0,1,0,1,1,1,1,0,1,1,1,1
"InChI=1S/C11H12N4O3S/c1-7-5-8(2)14-11(13-7)15-19(17,18)10-6-12-4-3-9(10)16/h3-6H,1-2H3,(H,12,16)(H,13,14,15)",0,0,0,0,0,0,0,0,0,0,0,0,0,0,0,0,0,0,0,0,0,0,0,0,1,0,0,0,0,0,0,1,1,0,0,0,0,0,0,0,0,0,0,0,1,0,0,0,0,0,1,0,1,0,1,0,0,1,1,1,1,0,0,1,1,0,1,0,0,0,0,0,1,0,0,1,1,1,0,1,1,0,0,0,0,0,0,1,1,0,0,0,0,1,0,0,1,1,1,0,0,1,0,0,0,1,0,0,0,0,0,1,1,0,0,0,1,0,1,1,1,0,0,1,1,0,1,0,0,1,1,0,1,0,1,1,1,0,0,1,1,1,1,1,1,1,0,1,1,1,1,1,0,1,0,1,0,1,1,1,1,0,1,1,1,1
"InChI=1S/C11H12N4O3S/c1-18-9-6-11(14-13-7-9)15-19(16,17)10-4-2-8(12)3-5-10/h2-7H,12H2,1H3,(H,14,15)",0,0,0,0,0,0,0,0,0,0,0,0,0,0,0,0,0,0,0,0,0,0,0,0,0,0,0,0,0,0,0,1,1,0,0,0,0,1,0,0,0,0,0,0,1,0,0,0,0,0,1,1,0,0,1,0,0,1,1,1,1,0,0,1,1,0,1,0,0,0,0,0,1,0,0,1,1,1,1,0,1,0,0,1,0,0,0,1,0,0,0,0,1,1,1,0,1,1,1,0,0,1,0,0,0,1,0,0,0,0,0,1,1,0,0,0,1,0,1,1,1,0,0,1,1,1,1,0,0,1,1,0,1,0,1,1,1,0,0,1,1,1,1,0,1,1,0,1,1,0,1,1,0,0,0,1,1,1,1,1,1,0,1,1,1,1
"InChI=1S/C11H12N4O3S/c1-17-8-3-7(4-9(18-2)10(8)16)5-13-15-6-12-14-11(15)19/h3-6,13H,1-2H3,(H,14,19)",0,0,0,0,0,0,0,0,0,0,0,0,0,0,0,0,0,0,0,0,0,0,0,0,0,0,0,0,0,0,0,0,0,0,0,0,0,0,0,0,0,0,0,0,1,0,1,0,0,1,0,1,0,1,0,0,0,0,1,0,0,0,0,1,1,0,0,0,0,0,0,1,0,0,1,1,1,1,1,1,1,0,1,0,0,0,0,1,1,0,0,0,1,1,0,1,0,0,1,0,0,0,0,0,0,1,0,0,0,0,0,0,0,0,0,0,0,0,1,1,1,1,0,1,1,1,1,0,0,1,1,0,1,0,1,1,1,0,0,1,1,1,1,1,1,1,0,1,1,1,1,1,0,1,0,1,1,1,1,1,1,0,1,1,1,1
"InChI=1S/C11H12N4O3S/c1-15-5-7(4-13-15)10(16)12-3-2-9-14-8(6-19-9)11(17)18/h4-6H,2-3H2,1H3,(H,12,16)(H,17,18)",0,0,0,0,0,0,0,0,0,0,0,0,0,0,0,0,0,0,0,0,0,0,0,0,0,0,0,0,0,0,0,0,0,0,0,1,0,0,0,0,0,0,0,0,1,0,1,0,0,1,0,1,0,0,0,0,0,0,0,0,0,0,0,0,1,0,0,0,0,0,0,0,0,0,1,1,0,1,0,1,1,0,1,0,0,0,0,1,0,1,1,1,1,1,1,1,1,0,1,1,0,0,0,0,0,0,0,0,0,1,1,0,0,0,0,0,1,1,1,1,1,1,1,1,1,0,0,0,0,1,1,0,0,0,0,1,1,1,1,1,1,1,0,0,0,1,1,1,1,0,0,0,1,1,1,1,1,1,1,1,1,0,0,1,1,1
"InChI=1S/C11H12N4O3S/c1-19(16,17)14-15(8-4-7-12)11-13-9-5-2-3-6-10(9)18-11/h2-3,5-6,14H,4,8H2,1H3",0,0,0,0,0,0,0,0,0,0,0,0,0,0,0,0,0,0,0,0,0,0,0,0,0,1,0,0,0,0,0,1,1,0,0,0,1,0,0,0,1,0,0,0,1,0,1,0,0,0,1,1,0,0,1,0,1,1,0,1,1,0,0,0,1,0,1,0,0,1,0,0,1,0,0,1,1,1,1,1,0,0,1,0,0,0,0,1,0,1,0,0,1,1,1,1,0,0,1,1,0,1,0,1,1,1,0,1,0,1,1,1,0,0,0,0,1,1,1,1,1,1,0,1,1,0,0,0,0,1,1,0,1,0,1,1,1,1,0,1,1,1,0,0,1,1,1,1,1,0,1,1,1,0,1,1,1,1,1,1,1,0,1,1,1,1
"InChI=1S/C11H12N4O3S/c1-18-9-4-8(2-3-12-9)5-15-7-13-14-11(15)19-6-10(16)17/h2-4,7H,5-6H2,1H3,(H,16,17)",0,0,0,0,0,0,0,0,0,0,0,0,0,0,0,0,0,0,0,0,0,0,0,0,0,0,0,0,0,0,0,0,0,0,0,0,0,0,0,0,0,0,0,0,1,0,1,0,0,1,0,1,0,0,0,0,0,0,1,0,0,0,0,1,1,0,0,0,0,0,0,0,0,0,1,1,1,1,1,0,1,0,1,0,1,0,0,1,0,0,0,1,1,1,0,1,0,1,1,1,0,0,0,1,0,1,0,1,0,1,0,0,1,0,0,0,1,0,1,1,1,1,1,1,1,1,1,1,0,1,1,1,0,0,0,1,1,1,1,1,1,1,1,1,1,1,0,1,1,1,0,0,1,1,1,1,1,1,1,1,1,0,1,1,1,1
"InChI=1S/C11H12N4O3S/c12-19(17,18)7-8-1-3-10(4-2-8)15-11(16)9-5-13-14-6-9/h1-6H,7H2,(H,13,14)(H,15,16)(H2,12,17,18)",0,0,0,0,0,0,0,0,0,0,0,0,0,0,0,0,0,0,0,0,0,0,0,0,0,0,0,0,0,0,0,1,1,0,0,0,0,0,0,0,0,0,0,0,1,0,0,0,0,1,1,1,1,0,1,0,0,1,0,1,1,0,0,0,1,0,1,0,0,0,0,0,1,0,0,1,0,1,0,1,0,0,1,1,0,0,0,1,0,0,0,1,0,1,0,1,1,0,1,0,0,1,0,1,0,1,0,0,0,1,1,1,0,0,0,0,1,0,1,1,1,0,0,1,1,0,0,0,0,1,1,1,1,0,1,1,1,1,0,1,0,1,0,0,1,1,0,1,0,0,1,0,1,1,1,1,0,1,1,0,1,0,1,1,1,1
"InChI=1S/C11H12N4O3S/c16-9-7-8(12-5-13-9)14-11(19-7)15-3-1-6(2-4-15)10(17)18/h5-6H,1-4H2,(H,17,18)(H,12,13,16)",0,0,0,0,0,0,0,0,0,0,0,0,0,0,0,0,0,0,0,0,1,0,0,0,0,1,0,0,0,0,0,0,0,0,0,1,0,1,0,0,0,0,0,0,1,0,1,0,0,0,0,0,0,0,0,0,0,0,0,0,0,1,0,0,1,0,0,0,0,0,0,0,0,0,1,1,1,1,0,1,1,0,1,0,1,1,0,1,0,1,1,1,0,0,0,1,1,1,1,1,0,0,0,0,1,1,0,0,0,1,1,0,1,0,0,0,1,1,1,1,1,1,1,0,1,0,1,0,1,0,1,0,1,0,1,1,1,1,1,1,0,1,1,0,1,1,1,1,0,0,0,0,1,1,0,1,1,1,1,0,1,0,1,1,1,1
"InChI=1S/C11H12N4O3S/c16-10(13-15-3-5-17-6-4-15)11-12-9(14-18-11)8-2-1-7-19-8/h1-2,7H,3-6H2,(H,13,16)",0,0,0,0,0,0,0,0,0,0,0,0,0,0,0,0,0,0,0,0,0,0,0,1,0,0,0,0,0,0,0,0,0,0,0,1,0,1,0,0,0,0,0,0,0,0,0,0,0,0,0,1,0,0,0,0,1,0,0,0,0,1,0,0,1,0,0,0,0,0,1,1,0,0,1,1,1,1,1,1,1,0,1,0,0,1,0,1,0,1,0,1,0,1,1,1,1,1,1,1,0,1,0,1,0,0,0,0,1,1,1,0,0,0,0,0,1,1,1,1,1,1,0,1,1,0,0,0,1,1,1,1,1,0,0,1,1,1,0,1,0,1,0,0,1,1,1,1,0,0,1,0,1,1,0,1,1,1,1,0,1,0,1,1,1,1
"InChI=1S/C11H12N4O3S/c1-18-9-6-13-11(14-7-9)15-19(16,17)10-4-2-8(12)3-5-10/h2-7H,12H2,1H3,(H,13,14,15)",0,0,0,0,0,0,0,0,0,0,0,0,0,0,0,0,0,0,0,0,0,0,0,0,1,0,0,0,0,0,0,1,1,0,0,0,0,0,0,0,0,0,0,0,1,0,0,0,0,0,1,0,0,0,1,0,0,1,1,1,1,0,0,1,1,0,1,0,0,0,0,0,1,0,0,1,1,1,0,0,1,0,0,1,0,0,0,1,0,0,0,0,1,1,1,0,1,1,1,0,0,1,0,0,0,1,0,0,0,0,0,1,1,0,0,0,1,0,1,1,1,0,0,1,1,1,1,0,0,1,1,0,1,0,1,1,1,0,0,1,1,1,1,0,1,1,0,1,1,0,1,1,0,0,0,1,1,1,1,1,1,0,1,1,1,1
"InChI=1S/C11H12N4O3S/c1-6-10(18)12-8(17)4-15(6)9-7(5-16)14-2-3-19-11(14)13-9/h2-3,6,16H,4-5H2,1H3,(H,12,17,18)",0,0,0,0,0,0,0,0,0,0,0,0,0,0,0,0,0,0,0,0,1,0,0,0,0,0,0,0,0,0,0,0,0,0,0,1,0,1,0,0,0,0,0,0,1,0,1,0,0,0,0,0,0,0,0,0,0,0,0,0,0,1,0,0,1,0,0,0,0,0,0,0,0,0,1,1,1,1,1,1,1,1,1,0,1,0,0,1,1,0,0,1,0,0,1,1,1,1,1,1,0,0,0,1,1,1,0,0,1,1,1,0,0,0,0,1,1,0,1,1,1,1,0,0,1,0,1,1,0,0,1,1,1,0,1,1,1,1,1,1,1,1,1,1,1,1,0,1,1,1,0,0,1,1,1,1,1,1,1,1,1,0,1,1,1,1
"InChI=1S/C11H12N4O3S/c1-19(17,18)15-9-4-2-8(3-5-9)10(16)14-11-12-6-7-13-11/h2-7,15H,1H3,(H2,12,13,14,16)",0,0,0,0,0,0,0,0,0,0,0,0,0,0,0,0,0,0,0,0,0,0,0,0,1,0,0,0,0,0,0,1,1,0,0,0,0,0,0,0,0,0,1,0,1,0,0,0,0,1,1,0,0,0,1,0,0,1,0,1,1,0,0,0,1,0,1,0,0,0,0,0,1,0,0,1,1,1,0,0,0,0,1,0,0,0,0,1,0,0,0,1,1,1,0,1,1,0,1,0,0,1,0,0,0,1,0,1,0,1,0,1,0,0,0,0,1,0,1,1,1,0,0,1,1,0,0,0,0,1,1,0,1,0,1,1,1,0,0,1,1,1,0,0,1,1,0,1,1,0,1,0,0,1,0,1,0,1,1,1,1,0,1,1,1,1
"InChI=1S/C11H12N4O3S/c1-19(18)11-13-12-8-14(11)7-6-9-2-4-10(5-3-9)15(16)17/h2-5,8H,6-7H2,1H3",0,0,0,0,0,0,0,0,0,0,0,0,0,0,0,0,0,0,0,0,0,0,0,0,0,0,0,0,0,0,0,0,0,0,0,0,0,0,0,0,0,0,0,0,1,0,1,0,0,1,1,1,0,0,0,1,0,0,1,1,1,0,1,1,1,0,1,0,0,1,1,0,1,0,1,1,1,1,1,0,1,0,1,0,1,0,0,1,0,0,0,0,1,1,1,1,1,0,1,1,0,1,0,0,0,1,0,1,0,0,1,0,0,0,0,0,0,1,1,1,1,1,0,1,1,0,0,0,0,1,0,0,1,0,1,1,1,1,0,1,1,1,0,1,1,1,1,1,1,1,0,0,1,0,1,1,0,1,1,1,1,0,1,1,1,1
"InChI=1S/C11H12N4O3S/c16-8-6-14(2-1-12-8)9(17)7-5-13-11-15(10(7)18)3-4-19-11/h5H,1-4,6H2,(H,12,16)",0,0,0,0,0,0,0,0,0,0,0,0,0,0,0,0,0,0,0,0,0,0,0,0,0,0,0,0,0,0,0,0,0,0,0,1,0,0,0,0,0,0,0,0,1,0,1,0,0,1,0,0,0,0,0,0,0,0,1,0,0,0,0,0,1,0,0,0,0,0,0,0,0,0,1,1,1,1,1,1,1,0,1,0,1,1,0,1,1,1,1,1,0,0,1,1,1,1,1,1,0,0,0,1,1,1,0,0,0,1,1,0,1,0,0,0,1,1,1,1,1,1,0,0,1,0,1,0,1,0,1,1,0,0,0,1,1,1,1,1,0,1,1,1,1,1,1,1,0,1,0,0,1,1,0,1,1,1,1,0,1,0,1,1,1,1
"InChI=1S/C11H12N4O3S/c12-11(16)8-1-3-9(4-2-8)19(17,18)15-7-10-13-5-6-14-10/h1-6,15H,7H2,(H2,12,16)(H,13,14)",0,0,0,0,0,0,0,0,0,0,0,0,0,0,0,0,0,0,0,0,0,0,0,0,0,0,0,0,0,0,0,1,1,0,0,0,0,1,0,0,0,0,0,0,1,0,0,0,0,1,1,0,0,1,1,0,0,1,1,1,1,0,0,1,1,0,1,0,0,0,0,0,1,0,0,1,1,1,1,0,1,1,1,1,0,0,0,1,0,0,0,1,0,1,0,1,0,0,1,1,0,1,0,1,0,1,0,0,0,1,1,1,0,0,0,0,1,0,1,1,1,0,0,1,1,0,0,0,0,1,1,0,0,0,0,1,1,1,0,1,0,1,0,0,1,1,0,1,0,0,1,0,1,1,1,1,0,1,1,0,1,0,1,1,1,1
"InChI=1S/C11H12N4O3S/c1-7-3-2-4-12-8(7)5-15-10(18)13-14-11(15)19-6-9(16)17/h2-4H,5-6H2,1H3,(H,13,18)(H,16,17)",0,0,0,0,0,0,0,0,0,0,0,0,0,0,0,0,0,0,0,0,0,0,0,0,0,0,0,0,0,0,0,0,0,0,0,0,1,0,0,0,0,0,0,0,1,0,1,0,0,1,0,1,0,0,0,0,0,0,1,0,0,0,0,1,1,0,0,0,0,0,0,0,0,0,1,1,1,1,1,0,1,0,1,0,1,0,0,1,0,1,0,0,0,1,1,1,0,1,1,1,0,0,0,1,0,1,0,1,0,1,1,0,1,0,0,1,1,0,1,1,1,1,1,1,1,0,1,1,0,1,1,1,0,0,0,1,1,1,1,1,1,1,1,1,1,1,0,1,1,1,0,0,1,1,1,1,1,1,1,1,1,0,1,1,1,1
"InChI=1S/C11H12N4O3S/c16-10(17)9-12-7(6-19-9)5-15-11(18)14-4-2-1-3-8(14)13-15/h6H,1-5H2,(H,16,17)",0,0,0,0,0,0,0,0,0,0,0,0,0,0,0,0,0,0,0,0,0,0,0,0,0,0,0,0,0,0,0,0,0,0,0,1,1,1,0,0,0,0,0,0,1,0,1,0,0,0,0,1,0,0,0,0,0,0,0,0,0,0,0,0,1,0,0,0,0,0,0,0,0,0,1,1,1,1,1,1,1,0,1,0,1,0,0,1,0,0,0,0,0,1,1,1,0,1,1,1,0,0,0,0,1,1,0,0,0,1,1,0,1,0,0,0,1,1,1,1,1,1,1,1,1,0,1,1,1,1,1,0,0,0,0,1,1,1,1,1,0,1,1,1,1,1,1,1,0,1,0,0,1,1,1,1,1,1,1,0,1,0,1,1,1,1
"InChI=1S/C11H12N4O3S/c1-11(18,9(16)17)7-19-10-12-13-14-15(10)8-5-3-2-4-6-8/h2-6,18H,7H2,1H3,(H,16,17)",0,0,0,0,0,0,0,0,0,0,0,0,0,0,0,0,0,0,0,0,0,0,0,0,0,0,0,0,0,0,0,0,0,0,0,0,0,0,0,0,0,0,0,0,1,0,1,0,0,0,0,1,0,1,0,0,0,0,1,0,0,1,0,1,1,1,0,0,0,1,0,1,0,0,1,1,1,1,1,1,1,0,1,0,0,0,0,1,0,1,0,0,0,1,0,1,0,0,1,0,0,0,0,1,0,1,0,0,0,0,0,1,0,0,1,0,0,0,1,1,1,1,1,1,1,0,0,0,0,1,1,1,1,0,1,1,1,1,1,1,1,1,0,1,1,1,0,1,1,1,0,1,1,1,1,1,1,1,1,1,1,0,1,1,1,1
"InChI=1S/C11H12N4O3S/c1-18-10-6-7-13-11(14-10)15-19(16,17)9-4-2-8(12)3-5-9/h2-7H,12H2,1H3,(H,13,14,15)",0,0,0,0,0,0,0,0,0,0,0,0,0,0,0,0,0,0,0,0,0,0,0,0,1,0,0,0,0,0,0,1,1,0,0,0,0,0,0,0,0,0,0,0,1,0,0,0,0,0,1,0,0,0,1,0,0,1,1,1,1,0,0,1,1,0,1,0,0,0,0,0,1,0,0,1,1,1,0,0,1,0,0,1,0,0,0,1,0,0,0,1,1,1,0,0,1,1,1,0,0,1,0,0,0,1,0,1,0,1,0,1,1,0,0,0,1,0,1,1,1,0,0,1,1,1,1,0,0,1,1,0,1,0,1,1,1,0,0,1,1,1,1,0,1,1,0,1,1,0,1,0,0,0,0,1,1,1,1,1,1,0,1,1,1,1
"InChI=1S/C11H12N4O3S/c16-19(17,14-6-11-12-7-13-15-11)9-1-2-10-8(5-9)3-4-18-10/h1-2,5,7,14H,3-4,6H2,(H,12,13,15)",0,0,0,0,0,0,0,0,0,0,0,0,0,0,0,0,0,0,0,0,0,0,0,0,0,1,0,0,0,0,0,1,1,0,0,0,0,1,0,0,0,0,0,0,0,0,0,0,0,1,1,1,1,0,1,0,1,1,1,1,1,0,0,1,1,0,1,0,0,0,0,0,1,0,0,1,1,1,1,1,1,1,1,0,0,0,0,1,0,1,0,0,0,1,0,1,0,0,1,1,0,1,0,0,1,1,0,0,1,0,1,1,1,0,0,0,1,0,1,1,1,0,0,1,1,0,0,0,0,1,1,0,0,0,0,1,1,1,0,1,0,1,0,1,1,1,0,1,0,0,1,1,1,0,1,1,1,1,1,0,1,0,1,1,1,1
"InChI=1S/C11H12N4O3S/c16-19(17,15-5-8-4-7(15)6-18-8)11-9-2-1-3-12-10(9)13-14-11/h1-3,7-8H,4-6H2,(H,12,13,14)",0,0,0,0,0,0,0,0,0,0,0,0,0,0,0,0,0,0,0,0,1,0,0,0,0,1,0,0,0,0,0,1,1,0,0,0,0,1,0,0,0,0,0,0,1,0,1,0,0,1,1,1,0,0,1,0,1,1,1,1,1,0,0,1,1,0,1,0,0,0,0,0,1,0,1,1,1,1,1,1,1,0,1,0,0,0,0,1,0,0,0,0,0,1,1,1,1,1,1,1,0,1,0,0,1,1,0,0,1,0,1,1,0,0,0,0,1,0,1,1,1,1,0,1,1,0,0,0,0,1,1,1,0,0,0,1,1,1,0,1,0,1,0,0,1,1,0,1,0,0,1,1,1,0,0,1,1,1,1,0,1,0,1,1,1,1
"InChI=1S/C11H12N4O3S/c1-16-7-4-3-6(5-8(7)17-2)9-14-15-11(18-9)13-10(12)19/h3-5H,1-2H3,(H3,12,13,15,19)",0,0,0,0,0,0,0,0,0,0,0,0,0,0,0,0,0,0,0,0,0,0,0,0,0,0,0,0,0,0,0,0,0,0,0,0,1,0,0,0,0,0,1,0,0,0,1,0,0,1,0,1,1,0,0,0,1,0,0,0,0,1,0,0,0,0,0,0,1,0,0,1,0,0,0,1,1,1,1,1,1,0,1,0,0,0,0,1,0,0,0,1,1,1,1,1,1,0,1,0,0,0,0,0,0,1,0,1,0,1,0,0,1,0,0,0,1,0,1,1,1,0,0,1,1,1,1,0,0,1,1,0,1,0,0,0,1,0,0,1,1,1,1,1,1,1,0,0,1,1,1,1,0,0,0,1,1,1,1,1,1,0,1,1,1,1
"InChI=1S/C11H12N4O3S/c1-7(10(16)17-2)18-9-5-3-8(4-6-9)15-11(19)12-13-14-15/h3-7H,1-2H3,(H,12,14,19)",0,0,0,0,0,0,0,0,0,0,0,0,0,0,0,0,0,0,0,0,0,0,0,0,0,0,0,0,0,0,0,0,0,0,0,0,0,0,0,0,0,0,0,0,1,0,1,0,0,0,0,1,0,0,0,0,0,0,1,0,0,1,0,1,1,0,0,0,0,1,0,1,0,0,1,1,1,1,1,1,1,0,1,0,0,0,0,1,0,0,0,0,1,1,0,1,0,0,1,0,0,0,0,0,0,1,0,1,0,0,0,0,1,0,0,0,0,0,1,1,1,1,1,1,1,1,1,0,0,1,1,0,1,0,1,1,1,0,0,1,1,1,1,1,1,1,0,1,1,1,0,1,0,1,0,1,1,1,1,1,1,0,1,1,1,1
"InChI=1S/C11H12N4O3S/c1-6(10-13-14-11(19)15(10)12)18-7-2-3-8-9(4-7)17-5-16-8/h2-4,6H,5,12H2,1H3,(H,14,19)",0,0,0,0,0,0,0,0,0,0,0,0,0,0,0,0,0,0,0,0,0,0,0,0,0,1,0,1,0,0,0,0,0,0,0,0,0,1,0,0,0,0,0,0,0,0,1,0,0,0,0,1,0,1,0,0,1,0,1,0,0,0,0,1,1,0,0,0,0,0,0,1,0,0,1,1,1,1,1,1,1,0,1,1,0,0,0,1,1,0,0,0,0,1,1,1,1,0,1,0,0,0,0,0,1,1,0,1,1,0,0,0,1,0,0,0,0,0,1,1,1,1,1,1,1,1,1,0,0,1,1,0,1,0,1,0,1,1,0,1,1,1,1,1,1,1,0,1,1,1,1,1,1,0,0,1,1,1,1,1,1,0,1,1,1,1
"InChI=1S/C11H12N4O3S/c1-14(4-8-2-3-19-7-8)10(16)6-15-5-9(11(17)18)12-13-15/h2-3,5,7H,4,6H2,1H3,(H,17,18)",0,0,0,0,0,0,0,0,0,0,0,0,0,0,0,0,0,0,0,0,0,0,0,0,0,0,0,0,0,0,0,0,0,0,0,1,0,0,0,0,0,0,0,0,1,0,0,0,0,1,0,1,0,0,0,0,0,0,0,0,0,0,0,0,1,0,0,0,0,1,0,0,0,0,1,1,1,0,1,1,0,0,1,0,1,1,0,1,0,0,0,1,1,1,1,1,1,0,1,1,0,0,0,0,0,0,0,1,0,1,1,0,0,0,1,1,1,0,1,1,1,1,1,1,1,0,0,0,1,1,1,1,0,0,0,1,1,1,1,1,1,1,0,0,0,1,0,1,1,0,0,0,1,1,1,1,1,1,1,1,1,0,0,1,1,1
"InChI=1S/C11H12N4O3S/c12-15-7-13-14-11(15)19-6-5-18-9-4-2-1-3-8(9)10(16)17/h1-4,7H,5-6,12H2,(H,16,17)",0,0,0,0,0,0,0,0,0,0,0,0,0,0,0,0,0,0,0,0,0,0,0,0,0,0,0,0,0,0,0,0,0,0,0,0,0,0,0,0,0,0,0,0,0,0,1,0,0,1,0,1,0,0,0,0,0,0,1,0,0,0,0,1,1,0,0,0,0,0,0,0,0,0,1,1,1,1,1,1,1,0,1,1,0,0,0,1,1,0,1,0,0,1,0,1,0,0,1,0,0,0,0,0,0,1,0,0,1,0,0,0,1,0,0,0,0,1,1,1,1,1,1,1,1,1,1,0,0,1,1,1,1,0,1,1,1,1,1,1,0,1,1,1,1,1,1,1,0,1,1,1,1,1,1,1,1,1,1,0,1,0,1,1,1,1
"InChI=1S/C11H12N4O3S/c16-10(7-3-4-8(19-7)11(17)18)12-5-1-2-9-13-6-14-15-9/h3-4,6H,1-2,5H2,(H,12,16)(H,17,18)(H,13,14,15)",0,0,0,0,0,0,0,0,0,0,0,0,0,0,0,0,0,0,0,0,0,0,0,0,0,0,0,0,0,0,0,0,0,0,0,1,0,1,0,0,0,0,0,0,0,0,0,0,0,0,0,1,0,0,0,0,0,0,0,0,0,0,0,0,1,0,0,0,0,0,0,0,0,0,0,1,1,1,1,0,1,1,1,0,0,0,0,1,0,1,1,1,0,1,0,1,0,0,1,1,0,0,0,1,0,0,0,0,0,1,1,0,0,0,0,0,1,1,1,1,1,0,1,1,1,0,0,0,0,1,1,0,0,0,0,1,1,1,1,1,0,1,0,0,0,1,1,0,0,0,1,0,1,1,1,1,1,1,1,0,1,0,0,1,1,1
"InChI=1S/C11H12N4O3S/c1-5-6(2)19-11(13-5)14-9(16)7-4-12-15(3)8(7)10(17)18/h4H,1-3H3,(H,17,18)(H,13,14,16)",0,0,0,0,0,0,0,0,0,0,0,0,0,0,0,0,0,0,0,0,0,0,0,0,0,0,0,0,0,0,0,0,0,0,0,1,0,0,0,0,0,0,0,0,1,0,1,0,0,1,0,1,0,0,0,0,0,0,0,0,0,0,0,0,1,0,0,0,0,0,0,0,0,0,1,1,1,1,0,1,1,0,1,0,0,0,0,1,0,0,0,1,1,1,1,1,1,0,1,0,0,0,0,0,0,1,0,0,0,1,0,0,0,0,0,0,1,0,1,1,1,1,1,1,1,0,0,0,0,1,1,0,1,0,1,1,1,0,1,1,1,1,0,1,0,1,0,1,1,1,0,0,0,1,0,1,1,1,1,1,1,0,0,1,1,1
"InChI=1S/C11H12N4O3S/c1-15(6-7-4-12-13-5-7)11(18)14-9-8(10(16)17)2-3-19-9/h2-5H,6H2,1H3,(H,12,13)(H,14,18)(H,16,17)",0,0,0,0,0,0,0,0,0,0,0,0,0,0,0,0,0,0,0,0,1,0,0,0,0,0,0,0,0,0,0,0,0,0,0,1,1,0,0,0,0,0,0,0,1,0,1,0,0,1,0,1,0,0,0,0,0,0,0,0,0,0,0,0,1,0,0,0,0,0,0,0,0,0,0,1,1,1,0,1,1,0,1,0,1,1,0,1,0,1,1,0,1,1,0,1,1,0,1,1,0,0,0,0,0,1,0,1,0,1,0,0,0,0,1,0,1,0,1,1,1,1,1,1,1,0,0,0,0,1,1,0,1,0,1,1,1,1,1,1,1,1,0,1,0,1,0,1,1,1,1,0,1,1,1,1,1,1,1,1,1,0,0,1,1,1
"InChI=1S/C11H12N4O3S/c1-2-18-10(17)8-7-19-11(13-8)14-9(16)6-15-5-3-4-12-15/h3-5,7H,2,6H2,1H3,(H,13,14,16)",0,0,0,0,0,0,0,0,0,0,0,0,0,0,0,0,0,0,0,0,0,0,0,0,0,0,0,0,0,0,0,0,0,0,0,1,0,0,0,0,0,0,0,0,1,0,1,0,0,0,0,1,0,0,0,0,0,0,0,0,0,0,0,0,1,0,0,0,0,0,0,0,0,0,1,1,1,1,1,1,1,0,1,0,0,0,0,1,0,0,0,1,0,1,1,1,1,0,1,1,0,0,0,1,0,1,0,0,1,1,1,0,0,1,0,0,1,0,1,1,1,1,1,1,1,1,0,0,0,1,1,1,1,0,1,1,1,1,1,1,1,1,0,0,0,1,0,1,1,0,0,0,1,1,1,1,1,1,1,1,1,0,0,1,1,1
"InChI=1S/C11H12N4O3S/c16-9-1-2-12-7-10(9)19(17,18)15-6-5-14-4-3-13-11(14)8-15/h1-4,7H,5-6,8H2,(H,12,16)",0,0,0,0,0,0,0,0,0,0,0,0,0,0,0,0,0,0,0,0,0,0,0,0,0,0,0,0,0,0,0,1,1,0,0,0,0,1,0,0,0,0,0,0,1,0,0,0,0,0,1,0,0,0,1,0,0,1,1,1,1,0,0,1,1,0,1,0,0,0,0,0,1,0,1,1,1,1,1,1,1,0,1,0,1,1,0,1,1,0,0,0,0,1,0,1,1,1,1,1,0,1,0,0,1,1,0,0,0,0,1,1,1,0,0,0,1,1,1,1,1,1,0,1,1,0,1,0,1,1,1,0,0,0,0,1,1,1,0,1,0,1,1,1,1,1,1,1,0,1,1,1,1,1,0,1,0,1,1,0,1,0,1,1,1,1
"InChI=1S/C11H12N4O3S/c1-14-3-2-13-8(14)7-5(11(17)18)4-19-10-6(12)9(16)15(7)10/h2-3,6,10H,4,12H2,1H3,(H,17,18)",0,0,0,0,0,0,0,1,0,0,1,0,0,0,0,0,0,0,0,0,0,0,0,0,0,0,0,0,0,0,0,0,0,0,0,1,0,1,0,0,0,0,0,0,1,0,1,0,0,1,0,0,0,0,0,0,0,0,0,0,0,1,0,0,1,0,0,0,0,0,0,0,0,0,1,1,1,1,1,0,1,0,1,1,1,0,0,1,0,1,1,1,1,0,1,1,1,1,1,0,0,0,0,0,1,0,0,1,0,1,0,0,0,0,0,0,1,0,1,1,1,1,1,0,1,0,1,0,0,0,1,0,1,0,0,1,1,1,1,1,1,1,1,1,1,1,0,1,1,1,1,0,1,1,0,1,1,1,1,1,1,0,1,1,1,1
"InChI=1S/C11H12N4O3S/c1-8(16)14-9-2-4-10(5-3-9)15-19(17,18)11-6-12-13-7-11/h2-7,15H,1H3,(H,12,13)(H,14,16)",0,0,0,0,0,0,0,0,0,0,0,0,0,0,0,0,0,0,0,0,0,0,0,0,0,0,0,0,0,0,0,1,1,0,0,0,0,0,0,0,0,0,0,0,1,0,0,0,0,0,1,1,1,0,1,0,0,1,1,1,1,0,0,1,1,0,1,0,0,0,0,0,1,0,0,1,0,1,0,1,1,0,1,0,0,0,0,1,0,0,0,1,0,1,0,1,1,0,1,0,0,1,0,0,0,1,0,1,0,1,0,1,0,0,0,0,1,0,1,1,1,0,0,1,1,0,0,0,0,1,1,0,1,0,1,1,1,0,1,1,1,1,0,0,1,1,0,1,1,0,1,0,0,0,0,1,1,1,1,1,1,0,1,1,1,1
"InChI=1S/C11H12N4O3S/c1-6-5-8(7(2)18-6)9(16)14-15-10(17)13-11-12-3-4-19-11/h3-5H,1-2H3,(H,14,16)(H2,12,13,15,17)",0,0,0,0,0,0,0,0,0,0,0,0,0,0,0,0,0,0,0,0,0,0,0,0,0,0,0,0,0,0,0,0,0,0,0,1,1,0,0,0,0,0,1,0,1,0,1,0,0,1,0,1,0,1,0,0,1,0,0,0,0,0,0,0,1,0,0,0,1,0,0,0,0,0,0,1,1,1,1,1,1,0,1,0,0,0,0,1,1,0,0,1,0,1,1,1,1,0,1,0,0,0,0,0,0,1,0,1,0,1,0,0,0,0,0,0,1,0,1,1,1,0,0,1,1,0,0,0,0,1,1,0,1,0,1,0,1,0,1,1,1,1,0,1,0,1,0,0,1,1,1,1,0,0,0,1,1,1,1,1,1,0,0,1,1,1
"InChI=1S/C11H12N4O3S/c1-2-5-12-10(16)14-11-13-8-4-3-7(15(17)18)6-9(8)19-11/h3-4,6H,2,5H2,1H3,(H2,12,13,14,16)",0,0,0,0,0,0,0,0,0,0,0,0,0,0,0,0,0,0,0,0,0,0,0,0,0,1,0,0,0,0,0,0,0,0,0,1,1,0,0,0,0,0,1,0,1,0,1,0,0,0,0,0,0,0,0,1,0,0,0,0,0,0,1,0,1,0,0,0,0,1,1,0,0,0,0,1,1,1,0,1,1,0,1,0,0,0,0,1,0,1,1,0,0,1,0,1,1,0,1,1,0,1,0,0,1,1,0,0,0,1,1,0,0,1,1,0,1,1,1,1,1,1,0,1,1,0,0,0,0,1,1,0,1,0,1,1,1,1,1,1,1,1,0,0,1,1,1,1,1,0,1,0,1,0,1,1,1,1,1,1,1,0,1,1,1,1
"InChI=1S/C11H12N4O3S/c16-11(17)7-5-19-9-8(7)12-6-13-10(9)14-15-1-3-18-4-2-15/h5-6H,1-4H2,(H,16,17)(H,12,13,14)",0,0,0,0,0,0,0,0,0,0,0,0,0,0,0,0,0,0,0,0,0,0,0,0,0,1,0,0,0,0,0,0,0,0,0,1,0,1,0,0,0,0,0,0,1,0,0,0,0,1,0,1,0,0,0,0,1,0,0,0,0,0,0,0,1,0,0,0,0,0,0,0,0,0,1,1,1,1,1,1,1,0,1,0,0,1,0,1,0,1,0,0,0,1,1,1,1,1,1,1,0,0,0,1,1,0,0,0,1,0,1,0,0,0,0,0,0,1,1,1,1,1,1,1,1,0,0,0,1,1,1,1,1,0,1,1,1,1,1,1,0,1,0,0,1,1,1,1,0,0,1,0,1,1,0,1,1,1,1,0,1,0,1,1,1,1
"InChI=1S/C11H12N4O3S/c1-5-4-19-9-6(14-11-12-2-3-13-11)8(16)15(9)7(5)10(17)18/h2-3,6,9H,4H2,1H3,(H,17,18)(H2,12,13,14)",0,0,0,0,0,0,0,1,0,0,1,0,0,0,0,0,0,0,0,0,0,0,0,0,1,0,0,0,0,0,0,0,0,0,0,1,0,0,0,0,0,0,1,0,1,0,1,0,0,1,0,0,0,0,0,0,0,0,0,0,0,0,0,0,1,0,0,0,0,0,0,0,0,0,0,1,1,1,1,0,1,0,1,0,1,0,0,1,0,0,1,1,0,0,1,1,1,1,1,0,0,0,0,0,1,1,0,1,0,1,0,0,0,0,1,0,1,0,1,1,1,1,1,0,1,0,1,0,0,0,1,0,1,0,1,1,1,1,1,1,1,1,1,0,1,1,0,1,1,1,1,0,1,1,0,1,1,1,1,1,1,0,1,1,1,1
"InChI=1S/C11H12N4O3S/c1-6-8(10(16)17)9(14-11(18)13-6)19-5-7-12-3-4-15(7)2/h3-4,8H,5H2,1-2H3,(H,16,17)",0,0,0,0,0,0,0,0,0,0,0,0,0,0,0,0,0,0,0,0,0,0,0,0,0,0,0,0,0,0,0,0,0,0,0,0,1,1,0,0,0,0,0,0,1,0,1,0,0,0,0,0,0,0,0,0,0,0,0,0,0,0,0,1,1,0,0,0,0,0,0,0,0,0,1,0,1,1,0,0,1,0,1,0,1,0,0,1,0,0,0,0,1,0,0,1,1,1,1,0,0,0,0,0,0,1,0,1,0,1,1,0,0,0,0,1,1,0,1,1,1,1,1,0,1,0,1,0,0,0,1,0,0,0,0,1,1,1,1,1,1,1,1,1,1,1,0,1,1,1,0,0,1,1,1,1,1,1,1,1,1,0,1,1,1,1
"InChI=1S/C11H12N4O3S/c1-3-4-12-11-13-8(6-19-11)10(16)17-5-9-15-14-7(2)18-9/h3,6H,1,4-5H2,2H3,(H,12,13)",0,0,0,0,0,0,0,0,0,0,0,0,0,0,0,0,0,0,0,0,0,0,0,0,0,0,0,0,0,0,0,0,0,1,0,1,0,0,0,0,0,0,0,0,1,0,1,0,0,0,0,1,0,0,0,0,1,0,0,0,0,0,0,0,1,0,0,0,0,0,0,1,0,0,0,1,1,1,0,0,1,0,1,0,0,0,0,1,0,1,1,1,0,1,1,1,1,0,1,1,0,0,0,0,0,1,0,1,1,1,1,0,0,0,0,0,1,0,1,1,1,0,1,1,1,1,0,0,0,1,1,1,1,0,0,1,1,1,0,1,1,1,0,0,0,1,0,0,1,0,1,0,1,1,1,1,1,1,1,1,1,0,0,1,1,1
"InChI=1S/C11H12N4O3S/c16-19(17,18)15-6-3-8-1-2-9(7-10(8)15)14-11-12-4-5-13-11/h1-3,6-7H,4-5H2,(H2,12,13,14)(H,16,17,18)",0,0,0,0,0,0,0,0,0,0,0,0,0,0,0,0,0,0,0,0,0,0,0,0,1,1,0,0,0,0,0,0,1,0,0,0,0,0,1,1,0,0,1,0,1,0,0,1,0,1,0,0,0,0,1,0,0,1,1,1,1,0,0,1,1,0,1,0,0,0,0,0,1,0,1,1,1,1,0,1,1,1,1,0,0,0,0,1,0,1,1,0,0,1,0,1,0,0,1,1,0,1,0,0,1,1,0,0,0,0,0,1,0,0,0,0,1,0,1,1,1,1,0,1,1,0,0,0,0,1,1,0,1,0,1,1,1,1,1,1,0,1,0,0,1,1,0,1,0,0,1,0,1,0,0,1,0,1,1,0,1,0,1,1,1,1
"InChI=1S/C11H12N4O3S/c1-2-9(10(17)18)19-11-12-13-14-15(11)7-3-5-8(16)6-4-7/h3-6,9,16H,2H2,1H3,(H,17,18)",0,0,0,0,0,0,0,0,0,0,0,0,0,0,0,0,0,0,0,0,0,0,0,0,0,0,0,0,0,0,0,0,0,0,0,0,0,0,0,0,0,0,0,0,1,0,1,0,0,0,0,1,0,0,0,0,0,0,1,0,0,1,0,1,1,0,0,0,0,1,0,0,0,0,1,1,1,1,1,1,1,0,1,0,0,0,0,1,0,1,0,0,0,1,0,1,0,0,1,0,0,0,0,0,0,1,0,0,0,0,0,0,1,1,0,0,0,0,1,1,1,1,1,1,1,0,1,0,0,1,1,0,1,0,1,1,1,0,1,1,1,1,1,1,1,1,0,1,1,1,0,1,0,1,1,1,1,1,1,1,1,0,1,1,1,1
"InChI=1S/C11H12N4O3S/c1-18-11-13-7-6-10(14-11)15-19(16,17)9-4-2-8(12)3-5-9/h2-7H,12H2,1H3,(H,13,14,15)",0,0,0,0,0,0,0,0,0,0,0,0,0,0,0,0,0,0,0,0,0,0,0,0,0,0,0,0,0,0,0,1,1,0,0,0,1,1,0,0,0,0,0,0,1,0,0,0,0,0,1,0,0,0,1,0,0,1,1,1,1,0,0,1,1,0,1,0,0,0,0,0,1,0,0,1,1,1,0,1,1,0,0,1,0,0,0,1,0,0,0,0,1,1,0,0,1,1,1,0,0,1,0,0,0,1,0,1,0,1,0,1,1,0,0,0,1,0,1,1,1,0,0,1,1,1,1,0,0,1,1,0,1,0,1,1,1,0,0,1,1,1,1,0,1,1,0,1,1,0,1,0,0,0,0,1,1,1,1,1,1,0,1,1,1,1
"InChI=1S/C11H12N4O3S/c16-9(7-15-5-6-19-11(15)18)13-14-10(17)8-3-1-2-4-12-8/h1-4H,5-7H2,(H,13,16)(H,14,17)",0,0,0,0,0,0,0,0,0,0,0,0,0,0,0,0,0,0,0,0,0,0,0,0,0,0,0,0,0,0,0,0,0,0,0,1,0,0,0,0,0,0,0,0,1,0,1,0,0,0,0,1,0,0,0,0,0,0,0,0,0,0,0,0,1,0,0,0,0,0,0,0,0,0,1,1,0,1,1,1,1,0,1,0,1,1,0,1,0,0,1,1,0,1,1,1,0,1,1,1,0,0,0,1,0,1,0,0,0,1,1,0,0,0,0,0,1,0,1,1,1,1,0,1,1,0,1,1,0,1,1,1,0,0,0,1,1,1,1,1,0,1,1,0,1,1,0,1,0,1,0,0,1,1,1,1,1,1,1,0,1,0,1,1,1,1
"InChI=1S/C11H12N4O3S/c1-2-18-9-5-3-4-8(6-9)15-11(12-13-14-15)19-7-10(16)17/h3-6H,2,7H2,1H3,(H,16,17)",0,0,0,0,0,0,0,0,0,0,0,0,0,0,0,0,0,0,0,0,0,0,0,0,0,0,0,0,0,0,0,0,0,0,0,0,0,0,0,0,0,0,0,0,1,0,1,0,0,0,0,1,0,0,0,0,0,0,1,0,0,1,0,1,1,0,0,0,0,1,0,0,0,0,1,1,1,1,1,1,1,0,1,0,0,0,0,1,0,0,0,0,0,1,0,1,1,0,1,0,0,0,0,1,0,1,0,1,1,0,0,0,1,1,0,0,0,0,1,1,1,1,1,1,1,1,1,0,0,1,1,1,1,0,1,1,1,1,1,1,1,1,1,1,1,1,0,1,1,1,0,1,1,1,1,1,1,1,1,1,1,0,1,1,1,1
"InChI=1S/C11H12N4O3S/c1-19(17,18)9-5-3-2-4-7(9)13-11(16)8-6-10(12)15-14-8/h2-6H,1H3,(H,13,16)(H3,12,14,15)",0,0,0,0,0,0,0,0,0,0,0,0,0,0,0,0,0,0,0,0,0,0,0,0,0,0,0,0,0,0,0,0,0,0,0,0,0,1,0,0,0,0,1,0,1,0,0,0,0,0,1,1,1,1,1,0,0,1,1,1,1,0,0,1,1,0,1,1,1,0,0,0,1,0,0,1,1,1,1,1,1,0,1,0,0,0,0,1,0,0,0,1,1,1,1,1,1,0,1,0,0,1,0,0,0,0,0,1,0,1,0,1,0,0,0,0,1,0,1,1,1,0,0,1,1,0,0,0,0,1,1,0,1,0,1,1,1,0,1,1,1,1,0,1,1,1,0,1,1,1,1,0,0,0,0,1,1,1,1,1,1,0,1,1,1,1
"InChI=1S/C11H12N4O3S/c1-15-4-2-3-7(15)6-12-14-11-13-10(18)8(19-11)5-9(16)17/h2-4,6,8H,5H2,1H3,(H,16,17)(H,13,14,18)",0,0,0,0,0,0,0,0,0,0,0,0,0,0,0,0,0,0,0,0,0,0,0,0,0,0,0,0,0,0,0,0,0,0,0,1,0,0,0,0,0,0,0,0,1,0,1,0,0,0,0,1,0,0,0,0,0,0,0,0,0,0,0,0,1,0,0,0,0,0,0,0,0,0,1,1,1,1,1,1,1,0,1,0,1,0,0,1,0,1,0,1,1,1,0,1,1,0,1,0,0,0,0,1,0,1,0,1,0,1,0,0,0,0,0,0,1,0,1,1,1,1,1,1,1,0,1,0,0,1,1,1,1,0,0,1,1,0,1,1,1,1,1,1,0,1,0,1,1,1,0,0,0,1,1,1,1,1,1,1,1,0,0,1,1,1
"InChI=1S/C11H12N4O3S/c1-6(16)8-3-4-10(9(5-8)15(17)18)19-11-12-7(2)13-14-11/h3-6,16H,1-2H3,(H,12,13,14)",0,0,0,0,0,0,0,0,0,0,0,0,0,0,0,0,0,0,0,0,0,0,0,0,0,0,0,0,0,0,0,0,0,0,0,0,0,1,0,0,0,0,0,0,1,0,1,0,0,1,0,1,0,0,0,1,0,0,1,0,0,0,1,1,1,0,0,0,0,1,1,0,0,0,0,1,1,1,1,0,1,0,1,0,0,0,0,1,0,0,0,0,0,1,0,1,0,0,1,0,0,1,0,0,0,1,0,1,0,0,0,0,0,0,0,0,0,0,1,1,1,1,0,1,1,0,0,0,0,1,1,0,1,0,1,1,1,0,1,1,1,1,0,1,1,1,0,1,1,1,1,1,0,0,0,1,1,1,1,1,1,0,1,1,1,1
"InChI=1S/C11H12N4O3S/c1-14(6-8(12)16)10-7(2-3-9(17)18)15-4-5-19-11(15)13-10/h2-5H,6H2,1H3,(H2,12,16)(H,17,18)",0,0,0,0,0,0,0,0,0,0,0,0,0,0,0,0,0,0,0,0,1,0,0,0,0,0,0,0,0,0,0,0,0,0,0,1,0,1,0,0,0,0,1,0,1,0,1,0,0,0,0,0,0,0,0,0,0,0,0,0,0,0,0,0,1,0,0,0,0,0,0,0,0,0,0,1,1,1,1,1,1,0,1,0,1,1,0,1,0,0,0,1,1,0,1,1,0,0,1,1,0,0,0,1,1,1,0,1,0,1,1,0,0,0,1,0,1,0,1,1,1,1,1,0,1,0,0,0,0,0,1,1,1,0,1,1,1,1,1,1,1,1,0,1,0,1,0,1,1,1,1,0,1,1,1,1,1,1,1,1,1,0,0,1,1,1
"InChI=1S/C11H12N4O3S/c1-15-8-6(9(16)14-11(15)18)7(12-10(17)13-8)5-2-3-19-4-5/h2-4,6-8H,1H3,(H2,12,13,17)(H,14,16,18)",0,0,0,0,0,0,0,0,0,0,0,0,0,0,0,0,0,0,0,0,0,0,0,0,0,0,0,0,0,0,0,0,0,0,0,1,1,1,0,0,0,0,1,0,0,0,0,0,0,1,0,0,1,0,0,0,0,0,0,0,0,1,0,0,0,0,0,0,0,0,0,0,0,0,1,1,1,1,0,1,0,0,1,0,1,0,0,1,1,0,0,1,1,0,0,1,1,1,1,0,0,0,0,0,1,1,0,1,0,1,0,0,0,0,0,0,1,0,1,1,1,1,0,0,1,0,1,0,0,0,1,0,0,0,0,1,1,0,1,1,1,1,1,0,1,1,0,1,1,1,1,0,0,1,0,1,1,1,1,1,1,0,1,1,1,1
"InChI=1S/C11H12N4O3S/c1-18-7-6-14-10(12-13-11(14)19)8-2-4-9(5-3-8)15(16)17/h2-5H,6-7H2,1H3,(H,13,19)",0,0,0,0,0,0,0,0,0,0,0,0,0,0,0,0,0,0,0,0,0,0,0,0,0,0,0,0,0,0,0,0,0,0,0,0,0,1,0,0,0,0,0,0,1,0,1,0,0,1,0,1,0,0,0,1,0,0,1,0,0,1,1,1,1,0,0,0,0,1,1,0,0,0,1,1,1,1,1,0,1,0,1,0,1,1,0,1,0,1,1,0,1,1,1,1,0,0,1,1,0,1,0,0,0,1,0,0,1,0,1,0,0,0,1,1,0,1,1,1,1,1,0,1,1,1,0,0,0,1,1,1,1,0,1,1,1,1,0,1,1,1,0,1,1,1,1,1,1,1,0,0,1,0,1,1,1,1,1,1,1,0,1,1,1,1
"InChI=1S/C11H12N4O3S/c1-6-2-9(16)14-11(13-6)19-5-8-3-7(4-18-8)10(17)15-12/h2-4H,5,12H2,1H3,(H,15,17)(H,13,14,16)",0,0,0,0,0,0,0,0,0,0,0,0,0,0,0,0,0,0,0,0,0,0,0,0,0,0,0,0,0,0,0,0,0,0,0,0,0,0,0,0,0,0,0,0,1,0,1,0,0,1,0,1,0,1,0,0,1,0,1,0,0,0,0,1,1,0,0,0,0,0,0,0,0,0,0,1,1,1,0,0,1,0,1,1,0,0,0,1,1,0,0,1,0,1,1,1,1,1,1,0,0,0,0,0,0,1,0,0,0,1,0,0,1,0,0,0,1,0,1,1,1,0,0,1,1,0,1,0,0,1,1,1,0,0,0,0,1,1,1,1,1,1,1,0,1,1,0,0,1,0,1,1,1,0,1,1,1,1,1,1,1,0,1,1,1,1
"InChI=1S/C11H12N4O3S/c16-9-3-1-8(2-4-9)15-10(12-13-14-15)7-19-6-5-11(17)18/h1-4,16H,5-7H2,(H,17,18)",0,0,0,0,0,0,0,0,0,0,0,0,0,0,0,0,0,0,0,0,0,0,0,0,0,0,0,0,0,0,0,0,0,0,0,0,0,1,0,0,0,0,0,0,1,0,0,0,0,0,0,1,0,0,0,0,0,0,0,0,0,1,0,0,1,0,0,0,0,1,0,0,0,0,1,1,1,1,1,1,0,0,1,0,0,1,0,1,0,1,0,0,0,1,0,1,0,0,1,0,0,0,0,1,0,0,0,0,0,0,1,0,1,0,0,0,0,1,1,1,1,1,1,1,1,0,1,0,1,1,1,1,1,0,1,1,1,1,1,1,0,1,1,1,1,1,1,1,0,1,0,1,1,1,1,1,1,1,1,0,1,0,1,1,1,1
"InChI=1S/C11H12N4O3S/c1-2-19-6-10-13-11(18-14-10)8-5-7(15(16)17)3-4-9(8)12/h3-5H,2,6,12H2,1H3",0,0,0,0,0,0,0,0,0,0,0,0,0,0,0,0,0,0,0,0,0,0,0,1,0,0,0,0,0,0,0,0,0,0,0,0,0,1,0,0,0,0,0,0,1,0,0,0,0,1,0,0,0,0,0,1,1,0,0,0,0,1,1,0,1,0,0,0,0,1,1,0,0,0,0,1,1,1,1,1,0,0,1,1,0,1,0,1,0,0,0,1,0,1,0,1,1,0,1,0,0,1,0,0,0,0,0,0,0,1,1,0,0,1,0,1,1,0,1,1,1,1,0,1,1,0,0,0,0,1,1,0,1,0,1,1,1,1,0,1,1,1,0,1,1,1,0,1,1,1,1,0,1,0,1,1,1,1,1,1,1,0,1,1,1,1
"InChI=1S/C11H12N4O3S/c1-7-6-10(19-14-7)12-8(16)2-4-15-5-3-9(17)13-11(15)18/h3,5-6H,2,4H2,1H3,(H,12,16)(H,13,17,18)",0,0,0,0,0,0,0,0,0,0,0,0,0,0,0,0,0,0,0,0,1,0,0,0,0,0,0,0,0,0,0,1,1,0,0,1,1,0,0,0,0,0,0,0,1,0,1,0,0,0,0,0,0,0,0,0,0,0,0,0,0,0,0,0,1,0,1,0,0,0,0,0,0,0,1,1,1,1,1,1,1,0,1,0,1,0,0,1,1,1,0,1,0,1,0,1,1,1,1,1,0,0,0,1,0,1,0,0,0,1,1,0,1,0,0,0,1,1,1,1,1,1,0,1,1,0,1,0,0,1,1,1,1,0,1,1,1,1,1,1,1,1,1,1,1,1,1,1,1,1,0,0,1,1,1,1,1,1,1,1,1,0,1,1,1,1
"InChI=1S/C11H12N4O3S/c1-14-4-5-15(11(18)10(14)17)6-7-2-3-8(19-7)9(16)13-12/h2-5H,6,12H2,1H3,(H,13,16)",0,0,0,0,0,0,0,0,0,0,0,0,0,0,0,0,0,0,0,0,0,0,0,0,0,0,0,0,0,0,0,0,0,0,0,1,0,0,0,0,0,0,0,0,1,0,0,0,0,0,0,1,0,0,0,0,0,0,0,0,0,0,0,0,1,0,0,1,1,0,0,1,0,0,1,1,0,0,1,0,1,0,1,1,1,0,0,1,0,0,0,1,1,1,1,1,0,1,1,1,0,0,0,0,0,0,0,0,0,1,0,0,1,0,0,0,1,0,0,1,1,1,0,1,1,0,1,0,0,1,1,0,0,0,0,1,1,1,0,1,1,1,1,1,1,1,0,1,1,1,1,0,1,1,1,1,0,1,1,1,1,0,1,1,1,1
"InChI=1S/C11H12N4O3S/c1-15-4-6(3-8(15)10(17)18-2)13-9(16)7-5-19-11(12)14-7/h3-5H,1-2H3,(H2,12,14)(H,13,16)",0,0,0,0,0,0,0,0,0,0,0,0,0,0,0,0,0,0,0,0,0,0,0,0,0,0,0,0,0,0,0,0,0,0,0,1,0,0,0,0,0,0,1,0,1,0,1,0,0,0,0,0,0,1,0,0,0,0,0,0,0,0,0,0,1,0,0,0,0,0,0,0,0,0,1,1,1,1,1,1,1,0,1,0,1,0,0,1,0,0,0,1,1,0,1,1,0,0,1,0,0,0,0,0,0,1,0,1,0,1,0,0,0,0,0,0,1,0,1,1,1,1,1,0,1,1,0,0,0,0,1,0,1,0,1,1,1,0,1,1,1,1,0,1,0,1,0,1,1,1,1,0,0,1,0,1,1,1,1,1,1,0,0,1,1,1
"InChI=1S/C11H12N4O3S/c1-17-8-3-6(12)7(4-9(8)18-2)14-11(16)10-5-13-15-19-10/h3-5H,12H2,1-2H3,(H,14,16)",0,0,0,0,0,0,0,0,0,0,0,0,0,0,0,0,0,0,0,0,0,0,0,0,0,0,0,0,0,0,0,1,1,0,0,1,0,0,0,0,0,0,0,0,1,0,1,0,0,0,0,1,0,0,0,0,0,0,0,0,0,0,0,0,1,0,1,0,0,1,0,1,0,0,0,1,0,1,1,1,1,0,1,1,0,0,0,1,0,0,0,1,1,1,0,1,1,0,1,0,0,0,0,0,0,0,0,1,0,1,0,0,1,0,0,0,1,0,1,1,1,0,0,1,1,1,1,0,0,1,1,0,1,0,1,0,1,0,1,1,1,1,1,1,1,1,0,0,1,1,1,1,0,0,0,1,1,1,1,1,1,0,1,1,1,1
"InChI=1S/C11H12N4O3S/c1-6-4-10(7(2)3-9(6)15(16)17)18-5-8-11(12)19-14-13-8/h3-4H,5,12H2,1-2H3",0,0,0,0,0,0,0,0,0,0,0,0,0,0,0,0,0,0,0,0,1,0,0,0,0,0,0,0,0,0,0,1,1,0,0,1,0,0,0,0,0,0,0,0,1,0,1,0,0,1,0,1,0,0,0,1,0,0,0,0,0,0,1,0,1,0,1,0,0,1,1,0,0,0,0,1,0,0,1,1,1,0,1,1,0,0,0,1,0,1,0,0,0,1,1,1,1,0,1,0,0,1,0,0,0,0,0,1,1,0,1,0,1,0,0,0,0,0,1,1,1,1,0,1,1,1,1,0,0,1,1,0,1,0,1,1,1,1,0,1,1,1,1,1,1,1,0,1,1,1,1,1,1,0,1,1,1,1,1,1,1,0,1,1,1,1
"InChI=1S/C11H12N4O3S/c16-9(6-15-5-1-3-13-15)12-4-2-10-14-8(7-19-10)11(17)18/h1,3,5,7H,2,4,6H2,(H,12,16)(H,17,18)",0,0,0,0,0,0,0,0,0,0,0,0,0,0,0,0,0,0,0,0,0,0,0,0,0,0,0,0,0,0,0,0,0,0,0,1,0,0,0,0,0,0,0,0,1,0,1,0,0,0,0,1,0,0,0,0,0,0,0,0,0,0,0,0,1,0,0,0,0,0,0,0,0,0,1,1,0,1,1,1,1,0,1,0,0,0,0,1,0,1,1,1,0,1,1,1,1,0,1,1,0,0,0,1,0,0,0,0,0,1,1,0,0,0,0,0,1,1,1,1,1,1,1,1,1,0,0,1,1,1,1,1,0,0,0,1,1,1,1,1,0,1,0,0,0,1,1,1,0,0,0,0,1,1,1,1,1,1,1,0,1,0,0,1,1,1
"InChI=1S/C11H12N4O3S/c1-7-2-4-8(5-3-7)19(16,17)18-10-6-9(12)14-11(13)15-10/h2-6H,1H3,(H4,12,13,14,15)",0,0,0,0,0,0,0,0,0,0,0,0,0,0,0,0,0,0,0,0,1,0,0,0,1,0,0,0,0,0,0,0,0,0,0,0,0,1,1,1,0,0,1,0,1,0,0,1,0,1,1,0,1,0,1,0,0,1,1,1,1,0,0,1,1,0,1,0,0,0,0,0,1,0,0,1,1,1,0,1,1,0,0,1,0,0,0,1,0,0,0,1,0,0,0,0,1,1,1,0,0,1,0,0,0,1,0,0,0,1,0,1,1,0,0,0,1,0,1,1,1,0,0,1,1,1,1,0,0,1,1,0,1,0,1,1,1,0,0,1,1,1,1,0,1,1,0,1,1,0,1,0,0,0,0,1,1,1,1,1,1,0,1,1,1,1
"InChI=1S/C11H12N4O3S/c1-6-3-8(15(2)14-6)10(16)12-4-9-13-7(5-19-9)11(17)18/h3,5H,4H2,1-2H3,(H,12,16)(H,17,18)",0,0,0,0,0,0,0,0,0,0,0,0,0,0,0,0,0,0,0,0,0,0,0,0,0,0,0,0,0,0,0,0,0,0,0,1,0,0,0,0,0,0,0,0,1,0,1,0,0,0,0,1,0,0,0,0,0,0,0,0,0,0,0,0,1,0,0,0,0,0,0,0,0,0,1,1,0,1,1,1,1,1,1,0,0,0,0,1,0,0,0,1,1,1,1,1,1,0,1,1,0,0,0,0,0,0,0,1,0,1,1,0,0,0,0,0,1,0,1,1,1,1,1,1,1,0,0,0,0,1,1,0,0,0,0,1,1,1,1,1,1,1,0,1,0,1,0,1,1,1,1,0,1,1,1,1,1,1,1,1,1,0,0,1,1,1
"InChI=1S/C11H12N4O3S/c16-6-5-14-10(13-7-11(14)15(17)18)8-19-9-1-3-12-4-2-9/h1-4,7,16H,5-6,8H2",0,0,0,0,0,0,0,0,0,0,0,0,0,0,0,0,0,0,0,0,1,0,0,0,0,0,0,0,0,0,0,0,0,0,0,0,0,1,0,0,0,0,0,0,1,0,0,0,0,0,0,0,0,0,0,1,0,0,1,0,0,0,1,1,1,0,0,0,0,1,1,0,0,0,1,1,1,1,1,1,1,1,1,0,1,0,0,1,0,0,0,0,0,1,1,1,1,1,1,1,0,1,0,1,0,0,0,0,1,0,1,0,0,0,0,0,0,1,1,1,1,1,0,1,1,0,0,1,1,1,1,1,1,0,1,1,1,1,1,1,0,1,0,1,1,1,1,1,0,1,0,0,1,0,1,1,1,1,1,0,1,0,1,1,1,1
"InChI=1S/C11H12N4O3S/c1-2-15-10(18)13-14-11(15)19-6-7-3-4-12-8(5-7)9(16)17/h3-5H,2,6H2,1H3,(H,13,18)(H,16,17)",0,0,0,0,0,0,0,0,0,0,0,0,0,0,0,0,0,0,0,0,0,0,0,0,0,0,0,0,0,0,0,0,0,0,0,0,1,0,0,0,0,0,0,0,1,0,1,0,0,1,0,1,0,0,0,0,0,0,1,0,0,0,0,1,1,0,0,0,0,0,0,0,0,0,1,1,1,1,1,0,1,0,1,0,1,0,0,1,0,1,0,0,0,1,1,1,0,1,1,1,0,0,0,0,0,1,0,0,0,1,0,0,1,1,0,0,1,0,1,1,1,1,1,1,1,0,1,1,0,1,1,0,0,0,0,1,1,1,1,1,1,1,1,1,1,1,0,1,1,1,0,0,1,1,1,1,1,1,1,1,1,0,1,1,1,1
"InChI=1S/C11H12N4O3S/c1-8-13-5-2-9(15-8)6-14-19(17,18)11-7-12-4-3-10(11)16/h2-5,7,14H,6H2,1H3,(H,12,16)",0,0,0,0,0,0,0,0,0,0,0,0,0,0,0,0,0,0,0,0,0,0,0,0,0,0,0,0,0,0,0,1,1,0,0,0,0,1,0,0,0,0,0,0,1,0,0,0,0,0,1,0,1,0,1,0,0,1,1,1,1,0,0,1,1,0,1,0,0,0,0,0,1,0,0,1,1,1,1,1,1,1,0,0,0,0,0,1,1,0,0,0,0,1,0,0,1,1,1,1,0,1,0,0,0,1,0,1,0,0,1,1,1,0,0,0,1,0,1,1,1,0,0,1,1,0,1,0,0,1,1,0,0,0,0,1,1,1,0,1,1,1,1,1,1,1,0,1,1,1,1,1,1,1,1,1,0,1,1,1,1,0,1,1,1,1
"InChI=1S/C11H12N4O3S/c1-18-8-4-2-7(3-5-8)15-10(12)13-14-11(15)19-6-9(16)17/h2-5H,6H2,1H3,(H2,12,13)(H,16,17)",0,0,0,0,0,0,0,0,0,0,0,0,0,0,0,0,0,0,0,0,0,0,0,0,1,0,0,0,0,0,0,0,0,0,0,0,0,0,0,0,0,0,1,0,1,0,1,0,0,0,0,1,0,0,0,0,0,0,1,0,0,1,0,1,1,0,0,0,0,0,0,0,0,0,1,1,1,1,1,1,1,0,1,0,1,0,0,1,0,0,1,0,1,1,0,1,0,0,1,0,0,0,0,1,0,1,0,1,0,0,0,0,1,0,0,0,0,0,1,1,1,1,1,1,1,1,1,0,0,1,1,1,1,0,1,1,1,1,1,1,1,1,1,1,1,1,0,1,1,1,1,1,1,1,1,1,1,1,1,1,1,0,1,1,1,1
"InChI=1S/C11H12N4O3S/c1-7-9(3-2-4-10(7)19(12,17)18)15-11(16)8-5-13-14-6-8/h2-6H,1H3,(H,13,14)(H,15,16)(H2,12,17,18)",0,0,0,0,0,0,0,0,0,0,0,0,0,0,0,0,0,0,0,0,0,0,0,0,0,0,0,0,0,0,0,1,1,0,0,0,0,0,0,0,0,0,0,0,1,0,0,0,0,1,1,1,1,0,1,0,0,1,1,1,1,0,0,1,1,0,1,0,0,0,0,0,1,0,0,1,0,1,0,1,1,0,1,1,0,0,0,1,0,0,0,1,0,1,0,1,1,0,1,0,0,1,0,0,0,1,0,1,0,1,0,1,0,0,0,0,1,0,1,1,1,0,0,1,1,0,0,0,0,1,1,0,1,0,1,1,1,0,1,1,1,1,0,1,1,1,0,1,1,1,1,0,0,0,0,1,1,1,1,1,1,0,1,1,1,1
"InChI=1S/C11H12N4O3S/c1-6-9(13-5-14-10(6)18-2)12-3-8-15-7(4-19-8)11(16)17/h4-5H,3H2,1-2H3,(H,16,17)(H,12,13,14)",0,0,0,0,0,0,0,0,0,0,0,0,0,0,0,0,0,0,0,0,1,0,0,0,0,0,0,0,0,0,0,0,0,0,0,1,0,1,0,0,0,0,0,0,1,0,1,0,0,1,0,0,0,0,0,0,0,0,0,0,0,0,0,0,1,0,0,0,0,0,0,0,0,0,0,1,1,1,1,1,1,1,1,0,0,0,0,1,0,0,0,1,1,0,1,1,1,1,1,1,0,0,0,0,0,0,0,1,0,1,1,0,1,0,0,0,1,0,1,1,1,0,1,0,1,1,1,0,0,0,1,0,1,0,1,1,1,1,1,1,1,1,1,1,1,1,0,0,1,1,1,0,1,1,1,1,1,1,1,1,1,0,1,1,1,1
"InChI=1S/C11H12N4O3S/c1-7-5-8(2)14-11(13-7)15-19(17,18)10-6-12-4-3-9(10)16/h3-6,10H,1-2H3,(H,13,14,15)",0,0,0,0,0,0,0,0,0,0,0,0,0,0,0,0,0,0,0,0,0,0,0,0,1,0,0,0,0,0,0,1,1,0,0,0,0,0,0,0,0,0,0,0,1,0,0,0,0,0,1,0,0,0,1,0,0,1,0,1,1,0,0,1,1,0,1,0,0,0,0,0,1,0,0,1,1,1,0,1,1,0,0,0,0,0,0,1,1,0,0,0,0,1,0,0,1,1,1,0,0,1,0,0,0,1,0,0,0,0,0,1,0,0,0,0,1,0,1,1,1,0,0,1,1,0,1,0,0,1,1,0,1,0,1,1,1,0,0,1,1,1,1,0,1,1,0,1,1,1,1,1,0,1,0,1,0,1,1,1,1,0,1,1,1,1
"InChI=1S/C11H12N4O3S/c12-11(13)19-9-4-5-14(10(9)16)7-2-1-3-8(6-7)15(17)18/h1-3,6,9H,4-5H2,(H3,12,13)",0,0,0,0,0,0,0,0,0,0,0,0,0,0,0,0,0,0,0,0,0,0,0,0,0,0,0,0,0,0,0,0,0,0,0,0,0,0,0,0,0,0,1,0,1,0,1,0,0,0,0,0,0,0,0,1,0,0,0,0,0,1,1,1,0,0,0,0,0,1,1,0,0,0,1,1,1,1,0,1,1,0,1,1,1,0,0,1,0,0,1,1,0,1,0,1,0,0,1,1,0,1,0,0,0,1,0,0,0,1,0,0,0,0,0,0,1,0,1,1,1,1,0,1,1,0,1,0,0,1,1,0,1,0,1,1,1,1,0,1,0,1,1,0,1,1,0,1,0,1,1,0,1,1,0,1,0,1,1,0,1,0,1,1,1,1
"InChI=1S/C11H12N4O3S/c1-7(11(16)17)15-10(12-13-14-15)8-3-5-9(6-4-8)19(2)18/h3-7H,1-2H3,(H,16,17)",0,0,0,0,0,0,0,0,0,0,0,0,0,0,0,0,0,0,0,0,0,0,0,0,0,0,0,0,0,0,0,0,0,0,0,0,0,1,0,0,0,0,0,0,0,0,0,0,0,1,1,1,0,0,0,0,0,0,1,1,1,1,0,1,1,0,1,0,0,1,0,0,1,0,1,1,1,1,1,1,1,0,1,0,0,0,0,1,0,0,0,0,1,1,1,1,1,0,1,0,0,1,0,0,0,0,0,1,0,0,0,0,0,0,0,0,0,0,1,1,1,1,1,1,1,0,0,0,0,1,1,0,0,0,0,1,1,0,1,1,1,1,0,1,1,1,0,1,1,1,0,0,0,1,0,1,1,1,1,1,1,0,1,1,1,1
"InChI=1S/C11H12N4O3S/c1-15-4-3-12-8(15)6-13-11(18)14-9-7(10(16)17)2-5-19-9/h2-5H,6H2,1H3,(H,16,17)(H2,13,14,18)",0,0,0,0,0,0,0,0,0,0,0,0,0,0,0,0,0,0,0,0,1,0,0,0,0,0,0,0,0,0,0,0,0,0,0,1,1,1,0,0,0,0,1,0,1,0,1,0,0,1,0,0,1,0,0,0,0,0,0,0,0,0,0,0,1,0,0,0,0,0,0,0,0,0,1,1,1,1,1,0,1,0,1,0,1,0,0,1,0,1,0,0,1,0,0,1,1,0,1,1,0,0,0,0,0,1,0,1,0,1,1,0,0,0,0,1,1,0,1,1,1,1,1,0,1,0,0,0,0,0,1,0,1,0,1,1,1,1,1,1,1,1,0,1,0,1,0,1,1,1,1,0,1,1,1,1,1,1,1,1,1,0,0,1,1,1
"InChI=1S/C11H12N4O3S/c16-10(7-19-11-12-4-5-13-11)14-8-2-1-3-9(6-8)15(17)18/h1-3,6H,4-5,7H2,(H,12,13)(H,14,16)",0,0,0,0,0,0,0,0,0,0,0,0,0,0,0,0,0,0,0,0,0,0,0,0,0,0,0,0,0,0,0,0,0,0,0,0,0,0,0,0,0,0,0,0,1,0,1,0,0,0,0,0,0,0,0,1,0,0,0,0,0,0,1,1,0,0,0,0,0,1,1,0,0,0,0,1,1,1,0,1,1,1,1,0,0,0,0,1,0,1,0,1,0,1,0,1,0,0,1,1,0,1,0,1,0,1,0,0,0,1,1,0,0,0,0,0,1,0,1,1,1,1,0,1,1,0,0,1,0,1,1,1,1,0,1,1,1,1,1,1,0,1,0,0,1,1,0,1,0,0,1,0,1,0,1,1,1,1,1,0,1,0,1,1,1,1
"InChI=1S/C11H12N4O3S/c1-18-11-10(6-13-7-14-11)15-19(16,17)9-4-2-8(12)3-5-9/h2-7,15H,12H2,1H3",0,0,0,0,0,0,0,0,0,0,0,0,0,0,0,0,0,0,0,0,0,0,0,0,0,0,0,0,0,0,0,1,1,0,0,0,0,0,0,0,0,0,0,0,1,0,0,0,0,0,1,0,0,0,1,0,0,1,1,1,1,0,0,1,1,0,1,0,0,0,0,0,1,0,0,1,1,1,1,1,1,0,0,1,0,0,0,1,0,0,0,1,1,1,1,0,1,1,1,0,0,1,0,0,0,1,0,1,0,1,0,1,1,0,0,0,1,0,1,1,1,0,0,1,1,1,1,0,0,1,1,0,1,0,1,1,1,0,0,1,1,1,1,1,1,1,0,1,1,1,1,0,0,0,0,1,1,1,1,1,1,0,1,1,1,1
"InChI=1S/C11H12N4O3S/c1-17-6-3-4-8(18-2)7(5-6)13-11-9(10(12)16)14-15-19-11/h3-5,13H,1-2H3,(H2,12,16)",0,0,0,0,0,0,0,0,0,0,0,0,0,0,0,0,0,0,0,0,1,0,0,0,0,0,0,0,0,0,0,1,1,0,0,1,0,0,0,0,0,0,0,0,1,0,1,0,0,0,0,1,1,0,0,0,0,0,0,0,0,0,0,0,1,0,1,0,0,1,0,0,0,0,0,1,0,0,1,1,1,0,1,1,0,0,0,1,0,0,0,1,1,1,1,1,1,0,1,0,0,0,0,0,0,0,0,1,0,1,0,0,1,0,0,0,1,0,1,1,1,0,0,1,1,1,1,0,0,1,1,0,1,0,1,1,1,0,0,1,1,1,1,1,1,1,0,0,1,1,1,1,0,1,0,1,1,1,1,1,1,0,1,1,1,1
"InChI=1S/C11H12N4O3S/c1-18-9-5-12-4-8(15-9)13-3-2-10-14-7(6-19-10)11(16)17/h4-6H,2-3H2,1H3,(H,13,15)(H,16,17)",0,0,0,0,0,0,0,0,0,0,0,0,0,0,0,0,0,0,0,0,1,0,0,0,0,0,0,0,0,0,0,0,0,0,0,1,0,1,0,0,0,0,0,0,1,0,1,0,0,0,0,0,0,0,0,0,0,0,0,0,0,0,0,0,1,0,0,0,0,0,0,0,0,0,0,1,1,1,1,1,1,1,1,0,0,0,0,1,0,0,0,1,1,0,1,1,1,1,1,1,0,0,0,1,0,0,0,0,0,1,1,0,1,0,0,0,1,1,1,1,1,0,1,0,1,1,1,0,0,0,1,0,1,0,1,1,1,1,1,1,1,1,1,0,1,1,1,0,1,0,1,0,1,1,1,1,1,1,1,1,1,0,1,1,1,1
"InChI=1S/C11H12N4O3S/c1-18-9-3-2-8(4-12-9)5-15-7-13-14-11(15)19-6-10(16)17/h2-4,7H,5-6H2,1H3,(H,16,17)",0,0,0,0,0,0,0,0,0,0,0,0,0,0,0,0,0,0,0,0,0,0,0,0,0,0,0,0,0,0,0,0,0,0,0,0,0,0,0,0,0,0,0,0,1,0,1,0,0,1,0,1,0,0,0,0,0,0,1,0,0,0,0,1,1,0,0,0,0,0,0,0,0,0,1,1,1,1,1,1,1,0,1,0,1,0,0,1,0,0,0,1,1,1,0,1,0,1,1,1,0,0,0,1,0,1,0,1,0,1,0,0,1,0,0,0,1,0,1,1,1,1,1,1,1,1,1,1,0,1,1,1,0,0,0,1,1,1,1,1,1,1,1,1,1,1,0,1,1,1,0,0,1,1,1,1,1,1,1,1,1,0,1,1,1,1
"InChI=1S/C11H12N4O3S/c16-10(8-19-11-3-1-2-4-12-11)7-14-6-9(5-13-14)15(17)18/h1-6,10,16H,7-8H2",0,0,0,0,0,0,0,0,0,0,0,0,0,0,0,0,0,0,0,0,1,0,0,0,0,0,0,0,0,0,0,0,0,0,0,0,0,0,0,0,0,0,0,0,1,0,1,0,0,0,0,1,0,0,0,1,0,0,1,0,0,0,1,1,1,0,0,0,0,1,1,0,0,0,1,1,0,1,1,1,1,0,1,0,0,0,0,1,0,0,0,0,0,1,1,1,1,1,1,1,0,1,0,1,0,0,0,0,0,0,1,0,0,0,0,0,0,0,1,1,1,1,0,1,1,0,0,0,0,1,1,1,1,0,1,1,1,1,1,1,0,1,0,0,1,1,0,1,0,0,0,1,1,0,1,1,1,1,1,0,1,0,1,1,1,1
"InChI=1S/C11H12N4O3S/c1-18-11(17)10-8(2-3-19-10)14-9(16)6-15-5-7(12)4-13-15/h2-5H,6,12H2,1H3,(H,14,16)",0,0,0,0,0,0,0,0,0,0,0,0,0,0,0,0,0,0,0,0,0,0,0,0,0,0,0,0,0,0,0,0,0,0,0,1,0,0,0,0,0,0,0,0,1,0,0,0,0,0,0,1,0,0,0,0,0,0,0,0,0,0,0,0,1,0,0,0,0,0,0,0,0,0,1,1,0,1,1,1,1,0,1,1,0,0,0,1,0,0,1,1,1,1,1,1,1,0,1,1,0,0,0,1,0,0,0,0,0,1,1,0,0,0,0,0,1,0,1,1,1,1,1,1,1,1,0,0,0,1,1,1,1,0,1,1,1,1,1,1,1,1,0,1,0,1,0,1,1,1,1,0,1,1,1,1,1,1,1,1,1,0,0,1,1,1
"InChI=1S/C11H12N4O3S/c1-2-15-6-7(5-12-15)13-11(18)14-9-8(10(16)17)3-4-19-9/h3-6H,2H2,1H3,(H,16,17)(H2,13,14,18)",0,0,0,0,0,0,0,0,0,0,0,0,0,0,0,0,0,0,0,0,1,0,0,0,0,0,0,0,0,0,0,0,0,0,0,1,1,0,0,0,0,0,1,0,1,0,1,0,0,1,0,1,1,0,0,0,0,0,0,0,0,0,0,0,1,0,0,0,0,0,0,0,0,0,1,1,1,1,1,1,1,0,1,0,0,0,0,1,0,0,0,0,0,1,0,1,1,0,1,1,0,0,0,0,0,1,0,1,0,1,1,0,0,1,0,0,1,0,1,1,1,1,1,1,1,0,0,0,0,1,1,0,1,0,1,1,1,1,1,1,1,1,0,1,0,1,0,1,1,1,1,0,1,1,1,1,1,1,1,1,1,0,0,1,1,1
"InChI=1S/C11H12N4O3S/c1-3-7-13-6(2)9(11(16)17)10(14-7)19-4-8-12-5-18-15-8/h5H,3-4H2,1-2H3,(H,16,17)",0,0,0,0,0,0,0,0,0,0,0,0,0,0,0,0,0,0,0,0,0,0,0,1,0,0,0,0,0,0,0,0,0,0,0,0,0,1,0,0,0,0,0,0,1,0,1,0,0,1,0,0,0,0,0,0,1,0,1,0,0,0,0,1,1,0,0,0,0,0,1,0,0,0,0,1,1,1,1,1,1,0,1,0,0,0,0,1,0,0,0,0,0,1,1,1,1,1,1,0,0,1,0,0,0,0,0,1,0,1,1,0,0,1,0,0,1,0,1,1,1,0,1,1,1,0,0,0,0,1,1,0,0,0,0,1,1,1,1,1,1,1,0,1,1,1,0,0,1,1,0,0,1,1,1,1,1,1,1,1,1,0,1,1,1,1
"InChI=1S/C11H12N4O3S/c1-3-15-10(16)6-5(2)7(8-14-12-4-18-8)19-9(6)13-11(15)17/h4-5,7H,3H2,1-2H3,(H,13,17)",0,0,0,0,0,0,0,0,0,0,0,0,0,0,0,0,0,0,0,0,1,0,0,0,0,1,0,0,0,0,0,0,0,0,0,1,1,0,0,0,0,0,0,0,1,0,1,0,0,1,0,1,0,0,0,0,1,0,1,0,0,1,0,0,1,0,0,0,0,0,0,0,0,0,1,1,1,1,0,0,1,0,1,0,1,0,0,1,1,1,0,1,0,1,1,1,1,1,1,1,0,0,0,0,1,1,0,0,0,1,0,0,1,1,0,0,1,0,1,1,1,1,0,1,1,0,1,0,0,1,1,0,0,0,0,1,1,1,1,1,1,1,1,1,1,1,0,1,1,1,0,0,1,1,1,1,1,1,1,1,1,0,1,1,1,1
"InChI=1S/C11H12N4O3S/c1-6-4-8(18-9(6)10(16)17)5-19-11-12-13-14-15(11)7-2-3-7/h4,7H,2-3,5H2,1H3,(H,16,17)",0,0,0,0,0,0,0,0,0,0,0,0,0,0,0,0,0,0,0,0,0,1,0,0,0,0,0,0,0,0,0,0,0,0,0,0,0,0,0,0,0,0,0,0,0,0,1,0,0,1,0,1,0,0,0,0,1,0,1,0,0,1,0,1,1,0,0,0,0,1,0,1,0,0,1,1,1,1,1,1,1,0,1,0,0,0,0,1,0,0,0,0,0,1,0,1,0,0,1,0,0,0,0,0,0,1,0,1,0,0,1,0,0,0,0,0,0,0,1,1,1,1,1,1,1,0,0,0,0,1,1,1,1,0,0,1,1,1,1,1,1,1,0,1,0,1,0,1,1,1,0,1,1,1,1,1,1,1,1,1,1,0,0,1,1,1
"InChI=1S/C11H12N4O3S/c16-11-4-2-6-13-15(11)8-7-14-19(17,18)10-3-1-5-12-9-10/h1-6,9,14H,7-8H2",0,0,0,0,0,0,0,0,0,0,0,0,0,0,0,0,0,0,0,0,0,0,0,0,0,0,0,0,0,0,0,1,1,0,0,0,0,0,0,0,0,0,0,0,1,0,0,0,0,0,1,1,0,0,1,0,0,1,1,1,1,0,0,1,1,0,1,0,0,0,0,0,1,0,1,1,0,1,1,1,1,1,0,0,0,0,0,1,0,0,0,1,0,1,1,0,1,1,1,1,0,1,0,1,0,1,0,0,0,1,1,1,1,0,0,0,1,1,1,1,1,1,0,1,1,0,1,0,0,1,1,0,0,0,0,1,1,1,0,1,0,1,1,1,1,1,1,1,0,1,1,0,1,1,1,1,0,1,1,0,1,0,1,1,1,1
"InChI=1S/C11H12N4O3S/c1-7-5-8(3-4-9(7)15(16)17)18-6-10-12-13-11(19)14(10)2/h3-5H,6H2,1-2H3,(H,13,19)",0,0,0,0,0,0,0,0,0,0,0,0,0,0,0,0,0,0,0,0,0,0,0,0,0,0,0,0,0,0,0,0,0,0,0,0,0,1,0,0,0,0,0,0,1,0,1,0,0,1,0,1,0,0,0,1,0,0,1,0,0,0,1,1,1,0,0,0,0,1,1,0,0,0,1,1,1,1,1,0,1,0,1,0,1,0,0,1,0,0,1,0,1,1,1,1,1,0,1,0,0,1,0,0,0,1,0,1,1,0,1,0,1,0,0,1,0,0,1,1,1,1,0,1,1,1,1,0,0,1,1,0,1,0,1,1,1,1,0,1,1,1,1,1,1,1,0,1,1,1,0,1,1,0,1,1,1,1,1,1,1,0,1,1,1,1
"InChI=1S/C11H12N4O3S/c12-15-10(9(18)7-4-2-1-3-5-7)13-14-11(15)19-6-8(16)17/h1-5,9,18H,6,12H2,(H,16,17)",0,0,0,0,0,0,0,0,0,0,0,0,0,0,0,0,0,0,0,0,0,0,0,0,0,0,0,0,0,0,0,0,0,0,0,0,0,1,0,0,0,0,0,0,0,0,1,0,0,1,0,1,1,0,0,0,0,0,1,0,0,0,0,1,1,0,0,0,0,0,0,0,0,0,1,1,1,1,1,1,1,0,1,1,0,0,0,1,0,0,1,0,0,1,1,1,1,0,1,0,0,0,0,1,0,1,0,0,0,0,0,0,0,0,0,0,0,0,1,1,1,1,1,1,1,0,0,0,0,1,1,1,1,0,1,1,1,1,1,1,0,1,0,1,1,1,0,1,0,1,1,1,1,1,1,1,1,1,1,0,1,0,1,1,1,1
"InChI=1S/C11H12N4O3S/c1-14-5-3-12-8(14)6-15-4-2-9(16)13-11(15)19-7-10(17)18/h2-5H,6-7H2,1H3,(H,17,18)",0,0,0,0,0,0,0,0,0,0,0,0,0,0,0,0,0,0,0,0,0,0,0,0,0,0,0,0,0,0,0,0,0,0,0,0,0,1,0,0,0,0,0,0,1,0,1,0,0,0,0,0,0,0,0,0,0,0,1,0,0,0,0,1,1,0,0,0,0,0,0,0,0,0,1,0,1,1,1,0,1,0,1,0,1,0,0,1,0,0,0,1,1,0,0,1,1,1,1,1,0,0,0,1,0,1,0,1,0,1,1,0,1,0,0,1,1,0,1,1,1,1,1,0,1,0,1,1,0,0,1,1,0,0,0,1,1,1,1,1,1,1,1,1,1,1,0,1,1,1,0,0,1,1,1,1,1,1,1,1,1,0,1,1,1,1
"InChI=1S/C11H12N4O3S/c1-18-9-5-8(12)6-10(7-9)19(16,17)15-11-3-2-4-13-14-11/h2-7H,12H2,1H3,(H,14,15)",0,0,0,0,0,0,0,0,0,0,0,0,0,0,0,0,0,0,0,0,0,0,0,0,0,0,0,0,0,0,0,1,1,0,0,0,0,1,0,0,0,0,0,0,1,0,0,0,0,0,1,1,0,0,1,0,0,1,1,1,1,0,0,1,1,0,1,0,0,0,0,0,1,0,0,1,1,1,1,0,1,0,0,1,0,0,0,1,0,0,0,0,1,1,0,0,1,1,1,0,0,1,0,0,0,1,0,0,0,0,0,1,1,0,0,0,1,0,1,1,1,0,0,1,1,1,1,0,0,1,1,0,1,0,1,1,1,0,0,1,1,1,1,0,1,1,0,1,1,0,1,1,0,0,0,1,1,1,1,1,1,0,1,1,1,1
"InChI=1S/C11H12N4O3S/c1-6-3-8(15-14-6)10(17)13-11-12-7(5-19-11)4-9(16)18-2/h3,5H,4H2,1-2H3,(H,14,15)(H,12,13,17)",0,0,0,0,0,0,0,0,0,0,0,0,0,0,0,0,0,0,0,0,0,0,0,0,0,0,0,0,0,0,0,0,0,0,0,1,0,0,0,0,0,0,0,0,1,0,1,0,0,0,0,1,1,0,0,0,0,0,0,0,0,0,0,0,1,0,0,0,0,0,0,0,0,0,0,1,1,1,1,1,1,0,1,0,0,0,0,1,0,0,1,1,1,1,1,1,1,0,1,0,0,0,0,0,0,1,0,0,0,1,1,0,0,0,0,1,1,0,1,1,1,0,1,1,1,1,0,0,0,1,1,1,1,0,1,1,1,0,0,1,1,1,0,0,0,1,0,0,1,0,1,0,0,1,1,1,1,1,1,1,1,0,0,1,1,1
"InChI=1S/C11H12N4O3S/c1-7-10(6-13-15-7)11(16)14-8-2-4-9(5-3-8)19(12,17)18/h2-6H,1H3,(H,13,15)(H,14,16)(H2,12,17,18)",0,0,0,0,0,0,0,0,0,0,0,0,0,0,0,0,0,0,0,0,0,0,0,0,0,0,0,0,0,0,0,1,1,0,0,0,0,0,0,0,0,0,0,0,1,0,0,0,0,1,1,1,1,0,1,0,0,1,1,1,1,0,0,1,1,0,1,0,0,0,0,0,1,0,0,1,0,1,0,1,1,0,1,1,0,0,0,1,0,0,0,1,0,1,0,1,1,0,1,0,0,1,0,0,0,1,0,1,0,1,0,1,0,0,0,0,1,0,1,1,1,0,0,1,1,0,0,0,0,1,1,0,1,0,1,1,1,0,0,1,1,1,0,1,1,1,0,1,1,1,1,0,0,1,0,1,0,1,1,1,1,0,1,1,1,1
"InChI=1S/C11H12N4O3S/c1-6-4-10(16)15-11(14-6)19(17,18)9-3-2-7(12)5-8(9)13/h2-5H,12-13H2,1H3,(H,14,15,16)",0,0,0,0,0,0,0,0,0,0,0,0,0,0,0,0,0,0,0,0,0,0,0,0,0,0,0,0,0,0,0,0,0,0,0,0,0,0,0,0,0,0,0,0,1,0,1,0,0,0,1,0,1,0,1,0,0,1,1,1,1,0,0,1,1,0,1,0,0,0,0,0,1,0,0,1,1,1,0,1,1,0,0,1,0,0,0,1,0,0,0,1,0,0,1,0,1,1,1,0,0,1,0,0,0,1,0,0,0,1,0,1,1,0,0,0,1,0,1,1,1,0,0,1,1,0,1,0,0,1,1,0,1,0,1,1,1,0,1,1,1,1,1,1,1,1,0,1,1,1,1,0,0,0,0,1,1,1,1,1,1,0,1,1,1,1
"InChI=1S/C11H12N4O3S/c1-6-4-8(16)14-11(13-6)19-5-7-2-3-18-9(7)10(17)15-12/h2-4H,5,12H2,1H3,(H,15,17)(H,13,14,16)",0,0,0,0,0,0,0,0,0,0,0,0,0,0,0,0,0,0,0,0,0,0,0,0,0,0,0,0,0,0,0,0,0,0,0,0,0,0,0,0,0,0,0,0,1,0,1,0,0,1,0,1,0,1,0,0,1,0,1,0,0,0,0,1,1,0,0,0,0,0,0,1,0,0,0,1,1,1,0,0,1,0,1,1,0,0,0,1,0,0,1,1,0,1,1,1,1,1,1,0,0,0,0,0,0,1,0,0,0,1,0,0,1,0,0,0,1,0,1,1,1,0,0,1,1,0,1,0,0,1,1,0,0,0,0,0,1,1,1,1,1,1,1,1,1,1,0,0,1,1,1,1,1,0,1,1,1,1,1,1,1,0,1,1,1,1
"InChI=1S/C11H12N4O3S/c1-6-8(10(16)17)9(14-11(18)13-6)19-5-7-3-12-15(2)4-7/h3-4,8H,5H2,1-2H3,(H,16,17)",0,0,0,0,0,0,0,0,0,0,0,0,0,0,0,0,0,0,0,0,0,0,0,0,0,0,0,0,0,0,0,0,0,0,0,0,1,0,0,0,0,0,0,0,1,0,1,0,0,1,0,1,0,0,0,0,0,0,0,0,0,0,0,1,1,0,0,0,0,0,0,0,0,0,1,1,1,1,0,0,1,0,1,0,0,0,0,1,0,0,0,0,1,1,0,1,1,1,1,0,0,0,0,0,0,1,0,1,0,1,0,0,0,0,0,0,1,0,1,1,1,1,1,1,1,0,1,0,0,1,1,0,0,0,0,1,1,1,1,1,1,1,1,0,1,1,0,1,1,1,0,0,1,1,1,1,1,1,1,1,1,0,1,1,1,1
"InChI=1S/C11H12N4O3S/c16-9-2-5-14(6-7-15-4-1-3-12-15)11(13-9)19-8-10(17)18/h1-5H,6-8H2,(H,17,18)",0,0,0,0,0,0,0,0,0,0,0,0,0,0,0,0,0,0,0,0,0,0,0,0,0,0,0,0,0,0,0,0,0,0,0,0,0,0,0,0,0,0,0,0,1,0,1,0,0,0,0,1,0,0,0,0,0,0,1,0,0,0,0,1,1,0,0,0,0,0,0,0,0,0,1,0,1,1,1,1,1,0,1,0,1,0,0,1,0,0,0,1,0,1,0,1,1,1,1,1,0,0,0,1,0,1,0,0,0,1,1,0,1,0,0,0,1,1,1,1,1,1,1,1,1,0,1,1,0,1,1,1,0,0,0,1,1,1,1,1,0,1,1,1,1,1,1,1,0,1,0,0,1,1,1,1,1,1,1,0,1,0,1,1,1,1
"InChI=1S/C11H12N4O3S/c1-18-11-7-13-10(6-14-11)15-19(16,17)9-4-2-8(12)3-5-9/h2-7H,12H2,1H3,(H,13,15)",0,0,0,0,0,0,0,0,0,0,0,0,0,0,0,0,0,0,0,0,1,0,0,0,0,0,0,0,0,0,0,1,1,0,0,0,0,1,0,0,0,0,0,0,1,0,0,0,0,0,1,0,0,0,1,0,0,1,1,1,1,0,0,1,0,0,1,0,0,0,0,0,1,0,0,1,1,1,1,0,1,0,0,1,0,0,0,1,0,0,0,1,1,1,1,0,1,1,1,0,0,1,0,0,0,1,0,1,0,1,0,1,0,0,0,0,1,0,1,1,1,0,0,1,1,1,1,0,0,1,1,0,1,0,1,1,1,0,0,1,1,1,1,0,1,1,0,1,1,0,1,0,0,0,0,1,1,1,1,1,1,0,1,1,1,1
"InChI=1S/C11H12N4O3S/c1-5-6(2)19-11(12-5)13-9(16)8-7(10(17)18)4-15(3)14-8/h4H,1-3H3,(H,17,18)(H,12,13,16)",0,0,0,0,0,0,0,0,0,0,0,0,0,0,0,0,0,0,0,0,0,0,0,0,0,0,0,0,0,0,0,0,0,0,0,1,0,0,0,0,0,0,0,0,1,0,1,0,0,1,0,1,0,0,0,0,0,0,0,0,0,0,0,0,1,0,0,0,0,0,0,0,0,0,1,1,1,1,1,1,1,0,1,0,0,0,0,1,0,0,0,1,1,1,1,1,1,0,1,0,0,0,0,0,0,1,0,0,0,1,0,0,0,0,0,0,1,0,1,1,1,1,1,1,1,0,0,0,0,1,1,0,1,0,1,1,1,0,1,1,1,1,0,1,0,1,0,1,1,1,1,0,0,1,0,1,1,1,1,1,1,0,0,1,1,1
"InChI=1S/C11H12N4O3S/c1-6-7(4-9(18-6)10(16)17)5-19-11-12-13-14-15(11)8-2-3-8/h4,8H,2-3,5H2,1H3,(H,16,17)",0,0,0,0,0,0,0,0,0,0,0,0,0,0,0,0,0,0,0,0,0,1,0,0,0,0,0,0,0,0,0,0,0,0,0,0,0,0,0,0,0,0,0,0,0,0,1,0,0,1,0,1,0,0,0,0,1,0,1,0,0,1,0,1,1,0,0,0,0,1,0,1,0,0,1,1,1,1,1,1,1,0,1,0,0,0,0,1,0,0,0,0,0,1,0,1,0,0,1,0,0,0,0,0,0,1,0,1,0,0,1,0,0,0,0,1,0,0,1,1,1,1,1,1,1,0,0,0,0,1,1,0,1,0,0,1,1,1,1,1,1,1,0,1,0,1,0,1,1,1,0,1,1,1,1,1,1,1,1,1,1,0,0,1,1,1
"InChI=1S/C11H12N4O3S/c16-9-3-8(13-11-15(9)12-6-19-11)5-14-2-1-7(4-14)10(17)18/h3,6-7H,1-2,4-5H2,(H,17,18)",0,0,0,0,0,0,0,0,0,0,0,0,0,0,0,0,0,0,0,0,0,0,0,0,0,0,0,0,0,0,0,0,0,0,0,1,0,0,0,0,0,0,0,0,1,0,1,0,0,0,0,1,0,0,0,0,0,0,0,0,0,0,0,0,1,0,0,0,0,0,0,0,0,0,1,1,1,1,1,1,1,0,1,0,1,1,0,1,0,1,0,1,0,1,1,1,1,1,1,1,0,0,0,0,1,1,0,0,0,1,1,0,1,0,0,0,1,0,1,1,1,1,1,1,1,0,1,1,0,1,1,0,0,0,0,1,1,1,1,1,0,1,1,0,1,1,0,1,0,0,0,0,1,1,1,1,1,1,1,0,1,0,1,1,1,1
"InChI=1S/C11H12N4O3S/c1-15-10(17)13-14-11(15)19-8-4-3-6(12)5-7(8)9(16)18-2/h3-5H,12H2,1-2H3,(H,13,17)",0,0,0,0,0,0,0,0,0,0,0,0,0,0,0,0,0,0,0,0,0,0,0,0,0,0,0,0,0,0,0,0,0,0,0,0,1,0,0,0,0,0,0,0,1,0,1,0,0,1,0,1,0,0,0,0,0,0,1,0,0,0,0,1,1,0,0,0,0,0,0,0,0,0,1,1,1,1,1,0,1,0,1,1,1,0,0,1,0,0,0,0,1,1,1,1,0,0,1,0,0,0,0,0,0,1,0,1,0,1,0,0,1,0,0,0,1,0,1,1,1,1,1,1,1,1,1,0,0,1,1,0,1,0,1,1,1,0,1,1,1,1,1,1,1,1,0,1,1,1,1,0,0,1,0,1,1,1,1,1,1,0,1,1,1,1
"InChI=1S/C11H12N4O3S/c16-9(6-12-5-4-10(17)18)13-7-2-1-3-8-11(7)15-19-14-8/h1-3,12H,4-6H2,(H,13,16)(H,17,18)",0,0,0,0,0,0,0,0,0,0,0,0,0,0,0,0,0,0,0,0,0,0,0,0,0,0,0,0,0,0,0,0,1,0,0,1,0,0,0,0,0,0,0,0,1,0,0,0,0,0,0,0,1,1,0,0,0,1,0,0,0,0,0,0,1,0,1,0,0,0,0,0,0,0,0,1,1,1,1,1,0,1,1,0,0,1,0,1,0,1,1,1,0,1,1,1,1,0,1,1,0,0,0,1,1,0,0,0,0,1,1,0,0,0,0,0,1,1,1,1,1,0,1,1,1,0,0,0,1,1,1,1,1,0,1,1,1,1,1,1,0,1,0,0,1,1,1,0,0,0,1,0,1,1,1,1,1,1,1,0,1,0,1,1,1,1
"InChI=1S/C11H12N4O3S/c1-18-8-5-3-2-4-7(8)10-13-14-11(15(10)12)19-6-9(16)17/h2-5H,6,12H2,1H3,(H,16,17)",0,0,0,0,0,0,0,0,0,0,0,0,0,0,0,0,0,0,0,0,0,0,0,0,0,0,0,0,0,0,0,0,0,0,0,0,0,1,0,0,0,0,0,0,0,0,1,0,0,1,0,1,0,0,0,0,0,0,1,0,0,1,0,1,1,0,0,0,0,0,0,0,0,0,1,1,1,1,1,1,1,0,1,1,0,0,0,1,0,0,1,0,1,1,0,1,1,0,1,0,0,0,0,1,0,1,0,1,0,0,0,0,1,0,0,0,0,0,1,1,1,1,1,1,1,1,1,0,0,1,1,1,1,0,1,1,1,1,1,1,1,1,1,1,1,1,0,1,1,1,1,1,1,1,1,1,1,1,1,1,1,0,1,1,1,1
"InChI=1S/C11H12N4O3S/c1-5-7-9(13-3-6(16)12-2)14-4-15-10(7)19-8(5)11(17)18/h4H,3H2,1-2H3,(H,12,16)(H,17,18)(H,13,14,15)",0,0,0,0,0,0,0,0,0,0,0,0,0,0,0,0,0,0,0,0,1,0,0,0,0,1,0,0,0,0,0,0,0,0,0,1,0,1,0,0,0,0,0,0,1,0,1,0,0,1,0,0,0,1,0,0,0,0,0,0,0,0,0,0,1,0,0,0,0,0,0,0,0,0,0,1,1,1,1,1,1,1,1,0,0,0,0,1,0,0,0,1,1,0,1,1,0,1,1,1,0,0,0,1,1,0,0,0,0,1,1,0,0,0,0,1,1,0,1,1,1,0,1,0,1,0,0,0,0,0,1,1,1,0,1,1,1,1,1,1,1,1,0,1,1,1,0,0,1,1,1,0,1,1,1,1,1,1,1,1,1,0,1,1,1,1
"InChI=1S/C11H12N4O3S/c1-6-4-9(16)14-11(13-6)19-5-8-7(2-3-18-8)10(17)15-12/h2-4H,5,12H2,1H3,(H,15,17)(H,13,14,16)",0,0,0,0,0,0,0,0,0,0,0,0,0,0,0,0,0,0,0,0,0,0,0,0,0,0,0,0,0,0,0,0,0,0,0,0,0,0,0,0,0,0,0,0,1,0,1,0,0,1,0,1,0,1,0,0,1,0,1,0,0,0,0,1,1,0,0,0,0,0,0,0,0,0,0,1,1,1,0,0,1,0,1,1,0,0,0,1,1,0,1,1,0,1,1,1,1,1,1,0,0,0,0,0,0,1,0,0,0,1,0,0,1,0,0,0,1,0,1,1,1,0,0,1,1,0,1,0,0,1,1,1,0,0,0,0,1,1,1,1,1,1,1,1,1,1,0,0,1,1,1,1,1,0,1,1,1,1,1,1,1,0,1,1,1,1
"InChI=1S/C11H12N4O3S/c1-6-7(2)19-11(12-6)13-10(18)8-3-4-15(14-8)5-9(16)17/h3-4H,5H2,1-2H3,(H,16,17)(H,12,13,18)",0,0,0,0,0,0,0,0,0,0,0,0,0,0,0,0,0,0,0,0,0,0,0,0,0,0,0,0,0,0,0,0,0,0,0,1,0,0,0,0,0,0,0,0,1,0,1,0,0,0,0,1,0,0,0,0,0,0,0,0,0,0,0,0,1,0,0,0,0,0,0,0,0,0,1,1,1,1,1,1,1,0,1,0,0,0,0,1,0,0,0,1,0,1,1,1,1,0,1,1,0,0,0,1,0,1,0,0,0,1,1,0,0,0,0,0,1,0,1,1,1,1,1,1,1,0,0,0,0,1,1,1,1,0,1,1,1,1,1,1,1,1,0,1,0,1,0,1,1,1,1,0,1,1,1,1,1,1,1,1,1,0,0,1,1,1
"InChI=1S/C11H12N4O3S/c12-10(16)5-8-3-1-2-4-9(8)15-19(17,18)11-6-13-7-14-11/h1-4,6-7,15H,5H2,(H2,12,16)(H,13,14)",0,0,0,0,0,0,0,0,0,0,0,0,0,0,0,0,0,0,0,0,1,0,0,0,0,0,0,0,0,0,0,1,1,0,0,0,0,0,0,0,0,0,1,0,1,0,1,0,0,1,1,0,0,1,1,0,0,1,1,1,1,0,0,1,1,0,1,0,0,0,0,0,1,0,0,1,1,1,1,1,1,0,1,0,0,0,0,1,0,1,0,1,0,1,1,1,1,0,1,0,0,1,0,1,0,1,0,0,0,1,1,1,0,0,0,0,1,0,1,1,1,0,0,1,1,0,0,0,0,1,1,1,1,0,1,1,1,0,1,1,0,1,0,1,1,1,0,1,0,1,1,0,0,0,1,1,1,1,1,0,1,0,1,1,1,1
"InChI=1S/C11H12N4O3S/c1-18-7-4-2-6(3-5-7)15-9(12)8(14-17)10(16)13-11(15)19/h2-5,8-9H,12H2,1H3,(H,13,16,19)",0,0,0,0,0,0,0,0,0,0,0,0,0,0,0,0,0,0,0,0,0,0,0,0,0,0,0,0,0,0,0,0,0,0,0,0,0,1,0,0,0,0,0,0,1,0,1,0,0,0,0,0,1,0,0,0,0,0,0,0,0,1,1,1,0,0,0,0,0,0,1,0,1,0,1,1,1,1,1,1,1,0,0,1,1,0,0,1,1,0,0,1,1,1,1,0,1,1,1,0,0,1,0,0,0,1,0,1,0,1,0,0,1,0,0,0,1,0,1,1,1,1,0,1,1,1,1,0,0,1,1,0,1,0,1,1,1,0,1,1,1,1,1,0,1,1,0,1,1,1,1,1,0,0,0,1,1,1,1,1,1,0,1,1,1,1
"InChI=1S/C11H12N4O3S/c1-7-8(6-13-15-7)11(16)14-9-4-2-3-5-10(9)19(12,17)18/h2-6H,1H3,(H,13,15)(H,14,16)(H2,12,17,18)",0,0,0,0,0,0,0,0,0,0,0,0,0,0,0,0,0,0,0,0,0,0,0,0,0,0,0,0,0,0,0,1,1,0,0,0,0,0,0,0,0,0,0,0,1,0,0,0,0,1,1,1,1,0,1,0,0,1,1,1,1,0,0,1,1,0,1,0,0,0,0,0,1,0,0,1,0,1,0,1,1,0,1,1,0,0,0,1,0,0,0,1,0,1,0,1,1,0,1,0,0,1,0,0,0,1,0,1,0,1,0,1,0,0,0,0,1,0,1,1,1,0,0,1,1,0,0,0,0,1,1,0,1,0,1,1,1,0,1,1,1,1,0,1,1,1,0,1,1,1,1,0,0,0,0,1,1,1,1,1,1,0,1,1,1,1
"InChI=1S/C11H12N4O3S/c1-8-10(13-16)11(14-19(2,17)18)15(12-8)9-6-4-3-5-7-9/h3-7,14H,1-2H3",0,0,0,0,0,0,0,0,0,0,0,0,0,0,0,0,0,0,0,0,1,0,0,0,0,0,0,0,0,0,0,1,1,0,0,0,0,1,0,0,0,0,0,0,1,0,0,0,0,0,1,1,0,0,1,0,0,1,0,1,1,1,1,0,1,0,1,0,0,0,1,0,1,0,1,1,1,1,1,1,0,0,1,0,0,0,0,1,0,0,0,0,1,1,0,1,1,0,1,0,0,1,0,0,0,1,0,0,0,0,0,1,0,0,0,0,1,0,1,1,1,1,0,1,1,0,0,0,0,1,1,0,1,0,1,1,1,0,0,1,1,1,0,1,1,1,0,1,1,1,1,0,0,0,0,1,0,1,1,1,1,0,1,1,1,1
"InChI=1S/C11H12N4O3S/c16-8(17)5-19-11-14-13-10-12-9(18)6-3-1-2-4-7(6)15(10)11/h1-5H2,(H,16,17)(H,12,13,18)",0,0,0,0,0,0,0,0,0,0,0,0,0,0,0,0,0,0,0,0,0,0,0,0,1,1,0,0,0,0,0,0,0,0,0,0,0,0,0,0,0,0,0,0,1,0,1,0,0,1,0,1,0,0,0,0,0,0,1,0,0,0,0,1,1,0,0,0,0,0,0,0,0,0,0,1,1,1,1,1,1,0,1,0,1,0,0,1,0,1,1,1,0,1,0,1,1,1,1,0,0,0,0,1,1,1,0,0,0,1,1,0,0,0,0,0,1,1,1,1,1,1,1,1,1,0,1,0,1,1,1,1,0,0,1,1,1,1,1,1,0,1,1,1,1,1,1,1,0,0,0,0,1,1,1,1,1,1,1,0,1,0,1,1,1,1
"InChI=1S/C11H12N4O3S/c1-19(17,18)8-4-2-7(3-5-8)14-11-13-6-9(12)10(16)15-11/h2-6H,12H2,1H3,(H2,13,14,15,16)",0,0,0,0,0,0,0,0,0,0,0,0,0,0,0,0,0,0,0,0,0,0,0,0,1,0,0,0,0,0,0,0,0,0,0,0,0,0,0,0,0,0,0,0,1,0,0,0,0,0,1,0,1,1,1,0,0,1,1,1,1,0,0,1,1,0,1,0,0,0,0,0,1,0,0,1,1,1,1,0,1,0,0,1,0,0,0,1,0,0,0,1,1,0,1,0,1,1,1,0,0,1,0,0,0,1,0,1,0,1,0,1,1,0,0,0,1,0,1,1,1,0,0,1,1,0,1,0,0,1,1,0,1,0,1,1,1,0,1,1,1,1,1,1,1,1,0,1,1,1,1,0,0,0,0,1,1,1,1,1,1,0,1,1,1,1
"InChI=1S/C11H12N4O3S/c1-7-4-8(11(12)16)2-3-10(7)15-19(17,18)9-5-13-14-6-9/h2-6,15H,1H3,(H2,12,16)(H,13,14)",0,0,0,0,0,0,0,0,0,0,0,0,0,0,0,0,0,0,0,0,0,0,0,0,0,0,0,0,0,0,0,1,1,0,0,0,0,0,0,0,0,0,0,0,1,0,0,0,0,1,1,1,1,0,1,0,0,1,1,1,1,0,0,1,1,0,1,0,0,0,0,0,1,0,0,1,0,1,0,1,1,0,1,1,0,0,0,1,0,0,0,1,0,1,0,1,1,0,1,0,0,1,0,0,0,1,0,1,0,1,0,1,0,0,0,0,1,0,1,1,1,0,0,1,1,0,0,0,0,1,1,0,1,0,1,1,1,0,0,1,1,1,0,1,1,1,0,1,1,1,1,0,0,1,0,1,0,1,1,1,1,0,1,1,1,1
"InChI=1S/C11H12N4O3S/c1-12-11(16)8-2-4-10(5-3-8)19(17,18)15-9-6-13-14-7-9/h2-7,15H,1H3,(H,12,16)(H,13,14)",0,0,0,0,0,0,0,0,0,0,0,0,0,0,0,0,0,0,0,0,0,0,0,0,0,0,0,0,0,0,0,1,1,0,0,0,0,0,0,0,0,0,0,0,1,0,0,0,0,1,1,1,1,1,1,0,0,1,1,1,1,0,0,1,1,0,1,0,0,0,0,0,1,0,0,1,0,1,1,1,1,0,1,0,0,0,0,1,0,0,0,1,1,1,0,1,0,0,1,0,0,1,0,0,0,1,0,1,0,1,0,1,0,0,0,0,1,0,1,1,1,0,0,1,1,0,0,0,0,1,1,0,1,0,1,1,1,0,0,1,1,1,0,0,1,1,0,1,1,0,1,0,0,1,0,1,0,1,1,1,1,0,1,1,1,1
"InChI=1S/C11H12N4O3S/c1-5(2)6-3-19-11(14-6)15-9(16)7-8(10(17)18)13-4-12-7/h3-5H,1-2H3,(H,12,13)(H,17,18)(H,14,15,16)",0,0,0,0,0,0,0,0,0,0,0,0,0,0,0,0,0,0,0,0,0,0,0,0,0,0,0,0,0,0,0,0,0,0,0,1,0,0,0,0,0,0,0,0,1,0,1,0,0,0,0,0,1,1,0,0,0,0,0,0,0,0,0,0,1,0,0,0,0,0,0,0,0,1,0,1,1,1,1,1,1,0,1,0,0,0,0,1,0,0,0,1,0,0,1,1,1,0,1,0,0,0,0,0,0,1,0,0,0,1,0,0,0,0,0,0,1,0,1,1,1,0,1,0,1,0,0,0,0,0,1,0,1,0,1,1,1,0,1,1,1,1,0,1,0,1,0,0,1,1,1,0,0,1,0,1,1,1,1,1,1,0,0,1,1,1
"InChI=1S/C11H12N4O3S/c1-7-2-3-8(6-9(7)11(12)16)19(17,18)15-10-4-5-13-14-10/h2-6H,1H3,(H2,12,16)(H2,13,14,15)",0,0,0,0,0,0,0,0,0,0,0,0,0,0,0,0,0,0,0,0,0,0,0,0,0,0,0,0,0,0,0,1,1,0,0,0,0,1,0,0,0,0,1,0,1,0,0,0,0,1,1,1,0,1,1,0,0,1,1,1,1,0,0,1,1,0,1,0,0,0,0,0,1,0,0,1,1,1,1,0,1,0,1,0,0,0,0,1,0,0,0,1,0,1,0,1,1,0,1,0,0,1,0,0,0,1,0,0,0,1,0,1,0,0,0,0,1,0,1,1,1,0,0,1,1,0,0,0,0,1,1,0,1,0,1,1,1,0,1,1,1,1,0,1,1,1,0,1,1,1,1,0,0,0,0,1,1,1,1,1,1,0,1,1,1,1
"InChI=1S/C11H12N4O3S/c1-3-18-10(17)7-5-15-9(16)6-4-12-14(2)8(6)13-11(15)19-7/h4,7H,3,5H2,1-2H3",0,0,0,0,0,0,0,0,0,0,0,0,0,0,0,0,0,0,0,0,1,0,0,0,0,1,0,0,0,0,0,0,0,0,0,1,0,1,0,0,0,0,0,0,1,0,1,0,0,1,0,1,0,0,0,0,0,0,1,0,0,0,0,0,1,0,0,0,0,0,0,0,0,0,1,1,1,1,1,1,1,0,1,0,1,0,0,1,0,0,0,1,1,1,0,1,1,1,1,1,0,0,0,0,1,1,0,1,1,1,0,0,1,1,0,0,1,0,1,1,1,1,1,1,1,1,1,1,0,1,0,0,0,0,0,1,1,1,0,1,1,1,1,1,1,1,0,1,1,0,0,0,1,1,1,1,1,1,1,1,1,0,1,1,1,1
"InChI=1S/C11H12N4O3S/c1-19(17,18)15-10-4-2-3-9(5-10)14-11(16)8-6-12-13-7-8/h2-7,15H,1H3,(H,12,13)(H,14,16)",0,0,0,0,0,0,0,0,0,0,0,0,0,0,0,0,0,0,0,0,0,0,0,0,0,0,0,0,0,0,0,1,1,0,0,0,0,0,0,0,0,0,0,0,1,0,0,0,0,1,1,1,1,0,1,0,0,1,0,1,1,0,0,0,1,0,1,0,0,0,0,0,1,0,0,1,0,1,0,1,0,0,1,0,0,0,0,1,0,0,0,1,1,1,0,1,1,0,1,0,0,1,0,0,0,1,0,1,0,1,0,1,0,0,0,0,1,0,1,1,1,0,0,1,1,0,0,0,0,1,1,0,1,0,1,1,1,0,1,1,1,1,0,0,1,1,0,1,1,0,1,0,0,0,0,1,1,1,1,1,1,0,1,1,1,1
"InChI=1S/C11H12N4O3S/c1-18-10-6-13-7-14-11(10)15-19(16,17)9-4-2-8(12)3-5-9/h2-7H,12H2,1H3,(H,13,14,15)",0,0,0,0,0,0,0,0,0,0,0,0,0,0,0,0,0,0,0,0,0,0,0,0,0,0,0,0,0,0,0,1,1,0,0,0,0,1,0,0,0,0,0,0,1,0,0,0,0,0,1,0,0,0,1,0,0,1,1,1,1,0,0,1,1,0,1,0,0,0,0,0,1,0,0,1,1,1,0,1,1,0,0,1,0,0,0,1,0,0,0,0,1,1,1,0,1,1,1,0,0,1,0,0,0,1,0,0,0,0,0,1,1,0,0,0,1,0,1,1,1,0,0,1,1,1,1,0,0,1,1,0,1,0,1,1,1,0,0,1,1,1,1,1,1,1,0,1,1,1,1,1,0,0,0,1,1,1,1,1,1,0,1,1,1,1
"InChI=1S/C11H12N4O3S/c1-3-14-9(6-7(2)13-14)12-11(16)8-4-5-10(19-8)15(17)18/h4-6H,3H2,1-2H3,(H,12,16)",0,0,0,0,0,0,0,0,0,0,0,0,0,0,0,0,0,0,0,0,1,0,0,0,0,0,0,0,0,0,0,0,0,0,0,1,0,1,0,0,0,0,0,0,1,0,1,0,0,0,0,1,0,0,0,1,0,0,0,0,0,0,1,0,1,0,0,0,0,1,1,0,0,0,1,1,1,1,1,0,1,0,1,0,0,0,0,1,0,0,0,1,0,1,0,1,1,0,1,1,0,1,0,0,0,0,0,1,0,1,1,0,0,1,0,0,1,0,1,1,1,1,0,1,1,0,0,0,0,1,1,0,1,0,1,1,1,1,1,1,1,1,0,1,0,1,0,1,1,1,0,0,1,0,1,1,1,1,1,1,1,0,0,1,1,1
"InChI=1S/C11H12N4O3S/c1-7(10-14-8(6-19-10)11(17)18)13-9(16)5-15-4-2-3-12-15/h2-4,6-7H,5H2,1H3,(H,13,16)(H,17,18)",0,0,0,0,0,0,0,0,0,0,0,0,0,0,0,0,0,0,0,0,0,0,0,0,0,0,0,0,0,0,0,0,0,0,0,1,0,0,0,0,0,0,0,0,1,0,1,0,0,0,0,1,0,0,0,0,0,0,0,0,0,0,0,0,1,0,0,0,0,0,0,0,0,0,1,1,0,1,1,1,1,0,1,0,0,0,0,1,0,0,0,1,0,1,1,1,1,0,1,1,0,0,0,1,0,0,0,1,0,1,1,0,0,0,0,0,1,0,1,1,1,1,1,1,1,0,0,0,0,1,1,1,0,0,0,1,1,1,1,1,1,1,0,0,0,1,0,1,1,0,0,0,1,1,1,1,1,1,1,1,1,0,0,1,1,1
"InChI=1S/C11H12N4O3S/c1-17-7-4-3-6(5-8(7)18-2)9-10(16)15(12)11(19)14-13-9/h3-5H,12H2,1-2H3,(H,14,19)",0,0,0,0,0,0,0,0,0,0,0,0,0,0,0,0,0,0,0,0,0,0,0,0,0,0,0,0,0,0,0,0,0,0,0,0,0,0,0,0,0,0,0,0,0,0,1,0,0,1,0,1,0,1,0,0,0,0,1,0,0,1,0,1,1,0,0,0,0,0,0,1,0,0,1,1,1,1,1,1,1,0,0,1,0,0,0,1,0,0,0,1,1,1,1,0,1,1,1,0,0,0,0,0,0,1,0,1,0,1,0,0,1,0,0,0,1,0,1,1,1,1,0,1,1,1,1,0,0,1,1,0,1,0,1,1,1,0,0,1,1,1,1,1,1,1,0,1,1,1,1,1,0,1,0,1,1,1,1,1,1,0,1,1,1,1
"InChI=1S/C11H12N4O3S/c1-12-11(16)9-4-2-3-5-10(9)15-19(17,18)8-6-13-14-7-8/h2-7,15H,1H3,(H,12,16)(H,13,14)",0,0,0,0,0,0,0,0,0,0,0,0,0,0,0,0,0,0,0,0,0,0,0,0,0,0,0,0,0,0,0,1,1,0,0,0,0,0,0,0,0,0,0,0,1,0,0,0,0,1,1,1,1,0,1,0,0,1,1,1,1,0,0,1,1,0,1,0,0,0,0,0,1,0,0,1,0,1,0,1,1,0,1,0,0,0,0,1,0,0,0,1,1,1,0,1,1,0,1,0,0,1,0,0,0,1,0,1,0,1,0,1,0,0,0,0,1,0,1,1,1,0,0,1,1,0,0,0,0,1,1,0,1,0,1,1,1,0,1,1,1,1,0,1,1,1,0,1,1,1,1,0,0,0,0,1,1,1,1,1,1,0,1,1,1,1
"InChI=1S/C11H12N4O3S/c1-12-11(16)8-3-2-4-9(5-8)15-19(17,18)10-6-13-14-7-10/h2-7,15H,1H3,(H,12,16)(H,13,14)",0,0,0,0,0,0,0,0,0,0,0,0,0,0,0,0,0,0,0,0,0,0,0,0,0,0,0,0,0,0,0,1,1,0,0,0,0,0,0,0,0,0,0,0,1,0,0,0,0,1,1,1,1,0,1,0,0,1,1,1,1,0,0,1,1,0,1,0,0,0,0,0,1,0,0,1,0,1,0,1,1,0,1,0,0,0,0,1,0,0,0,1,1,1,0,1,1,0,1,0,0,1,0,0,0,1,0,1,0,1,0,1,0,0,0,0,1,0,1,1,1,0,0,1,1,0,0,0,0,1,1,0,1,0,1,1,1,0,1,1,1,1,0,0,1,1,0,1,1,0,1,0,0,0,0,1,1,1,1,1,1,0,1,1,1,1
"InChI=1S/C11H12N4O3S/c1-8-2-4-9(5-3-8)19(17,18)15-11(16)13-10-6-7-12-14-10/h2-7H,1H3,(H3,12,13,14,15,16)",0,0,0,0,0,0,0,0,0,0,0,0,0,0,0,0,0,0,0,0,0,0,0,0,0,0,0,0,0,0,0,1,1,0,0,0,1,1,0,0,0,0,0,0,1,0,0,0,0,1,1,1,1,0,1,0,0,1,1,1,1,0,0,1,0,0,1,1,1,0,0,0,1,0,0,1,1,1,1,1,1,0,1,0,0,0,0,1,1,0,0,0,0,1,0,1,1,0,1,0,0,1,0,0,0,1,0,0,0,1,0,1,0,0,0,0,1,0,1,1,1,0,0,1,1,0,0,0,0,1,1,0,1,0,0,1,1,0,1,1,1,1,0,0,1,1,0,1,1,0,1,0,0,0,0,1,1,1,1,1,1,0,1,1,1,1
"InChI=1S/C11H12N4O3S/c1-15-11(12-13-14-15)19-6-7-3-4-9(18-2)8(5-7)10(16)17/h3-5H,6H2,1-2H3,(H,16,17)",0,0,0,0,0,0,0,0,0,0,0,0,0,0,0,0,0,0,0,0,0,0,0,0,0,0,0,0,0,0,0,0,0,0,0,0,0,0,0,0,0,0,0,0,0,0,1,0,0,1,0,1,0,0,0,0,0,0,1,0,0,0,0,1,1,0,0,0,0,1,0,0,0,0,1,1,1,1,1,1,1,0,1,0,0,0,0,1,1,0,0,0,1,1,0,1,0,0,1,0,0,0,0,0,0,1,0,1,0,0,0,0,1,0,0,0,0,0,1,1,1,1,1,1,1,1,1,0,0,1,1,0,0,0,0,1,1,1,1,1,1,1,1,1,1,1,0,1,1,1,0,1,1,1,1,1,1,1,1,1,1,0,1,1,1,1
"InChI=1S/C11H12N4O3S/c1-2-12-11-10(13-14-19-11)7-18-9-5-3-8(4-6-9)15(16)17/h3-6,12H,2,7H2,1H3",0,0,0,0,0,0,0,0,0,0,0,0,0,0,0,0,0,0,0,0,1,0,0,0,0,0,0,0,0,0,0,1,1,0,0,1,0,0,0,0,0,0,0,0,1,0,1,0,0,0,0,1,0,0,0,1,0,0,0,0,0,0,1,0,1,0,1,0,0,1,1,0,0,0,0,1,0,0,1,1,1,1,1,0,0,0,0,1,0,1,0,0,0,1,1,1,1,0,1,1,0,1,0,0,0,0,0,0,1,0,1,0,1,1,0,0,0,0,1,1,1,1,0,1,1,1,1,1,0,1,1,0,1,0,1,1,1,1,0,1,1,1,1,1,1,1,0,1,1,1,1,1,1,0,1,1,1,1,1,1,1,0,1,1,1,1
"InChI=1S/C11H12N4O3S/c1-12-11(18)14-8(16)2-4-15-6-13-7-3-5-19-9(7)10(15)17/h3,5-6H,2,4H2,1H3,(H2,12,14,16,18)",0,0,0,0,0,0,0,0,0,0,0,0,0,0,0,0,0,0,0,0,0,0,0,0,0,1,0,0,0,0,0,0,0,0,0,1,1,0,0,0,0,0,0,0,1,0,0,0,0,0,0,0,1,0,0,0,0,0,0,0,0,0,0,0,1,0,0,0,0,0,0,0,0,0,1,1,1,1,0,1,1,0,1,0,1,0,0,1,1,1,1,1,1,0,0,1,1,1,1,1,0,0,0,1,1,1,0,0,0,1,1,0,1,0,0,0,1,1,1,1,1,1,0,0,1,0,1,0,0,0,1,1,0,0,0,1,1,1,1,1,1,1,1,1,1,1,1,1,1,1,0,0,1,1,1,1,1,1,1,1,1,0,1,1,1,1
"InChI=1S/C11H12N4O3S/c16-10(15-11-12-6-7-13-11)8-14-19(17,18)9-4-2-1-3-5-9/h1-7,14H,8H2,(H2,12,13,15,16)",0,0,0,0,0,0,0,0,0,0,0,0,0,0,0,0,0,0,0,0,0,0,0,0,1,0,0,0,0,0,0,1,1,0,0,0,0,0,0,0,0,0,0,0,1,0,0,0,0,0,1,0,1,1,1,0,0,1,1,1,1,0,0,1,1,0,1,0,0,0,0,0,1,0,0,1,1,1,1,0,1,1,1,0,0,0,0,1,0,0,1,1,0,1,1,1,1,0,1,1,0,1,0,1,0,1,0,0,0,1,1,1,0,0,0,0,1,0,1,1,1,0,0,1,1,0,0,0,0,1,1,1,1,0,1,1,1,1,1,1,0,1,0,0,1,1,0,1,0,0,1,0,1,0,1,1,1,1,1,0,1,0,1,1,1,1
"InChI=1S/C11H12N4O3S/c12-8-2-1-7(5-9(8)15(17)18)10(16)6-19-11-13-3-4-14-11/h1-2,5H,3-4,6,12H2,(H,13,14)",0,0,0,0,0,0,0,0,0,0,0,0,0,0,0,0,0,0,0,0,0,0,0,0,0,0,0,0,0,0,0,0,0,0,0,0,0,0,0,0,0,0,0,0,1,0,1,0,0,1,0,0,0,0,0,1,0,0,0,0,0,0,1,1,0,0,0,0,0,1,1,0,0,0,0,1,1,1,1,0,1,1,1,1,0,0,0,1,0,1,0,0,0,1,0,1,1,0,1,1,0,1,0,0,0,1,0,0,0,0,0,0,0,0,0,0,0,0,1,1,1,1,0,1,1,0,0,1,0,1,1,1,1,0,1,1,1,1,0,1,0,1,0,1,1,1,0,1,0,1,1,1,1,1,1,1,0,1,1,0,1,0,1,1,1,1
"InChI=1S/C11H12N4O3S/c1-14-5-8(4-12-14)6-15-3-2-9(16)13-11(15)19-7-10(17)18/h2-5H,6-7H2,1H3,(H,17,18)",0,0,0,0,0,0,0,0,0,0,0,0,0,0,0,0,0,0,0,0,0,0,0,0,0,0,0,0,0,0,0,0,0,0,0,0,0,0,0,0,0,0,0,0,1,0,1,0,0,1,0,1,0,0,0,0,0,0,1,0,0,0,0,1,1,0,0,0,0,0,0,0,0,0,1,1,1,1,0,1,1,0,1,0,1,0,0,1,0,0,0,1,1,1,0,1,1,1,1,1,0,0,0,1,0,1,0,1,0,1,0,0,1,0,0,0,1,0,1,1,1,1,1,1,1,0,1,1,0,1,1,1,0,0,0,1,1,1,1,1,1,1,1,1,1,1,0,1,1,1,0,0,1,1,1,1,1,1,1,1,1,0,1,1,1,1
"InChI=1S/C11H12N4O3S/c1-7-6-8(2-3-9(7)19(16,17)18)14-10-4-5-13-11(12)15-10/h2-6H,1H3,(H,16,17,18)(H3,12,13,14,15)",0,0,0,0,0,0,0,0,0,0,0,0,0,0,0,0,0,0,0,0,0,0,0,0,1,0,0,0,0,0,0,0,0,0,0,0,0,1,1,1,0,0,1,0,1,0,0,1,0,1,1,0,1,0,1,0,0,1,1,1,1,0,0,1,1,0,1,0,0,0,0,0,1,0,0,1,1,1,0,1,1,0,0,0,0,0,0,1,0,0,0,0,0,0,0,0,0,1,1,0,0,1,0,0,0,1,0,1,0,0,0,1,0,0,0,0,0,0,1,1,1,0,0,1,1,0,0,0,0,1,1,0,1,0,1,1,1,0,1,1,1,1,0,1,1,1,0,1,1,1,1,0,0,0,0,1,0,1,1,1,1,0,1,1,1,1
"InChI=1S/C11H12N4O3S/c1-14(5-8-3-2-4-19-8)11(18)9-6-15(13-12-9)7-10(16)17/h2-4,6H,5,7H2,1H3,(H,16,17)",0,0,0,0,0,0,0,0,0,0,0,0,0,0,0,0,0,0,0,0,0,0,0,0,0,0,0,0,0,0,0,0,0,0,0,1,0,0,0,0,0,0,0,0,1,0,0,0,0,0,0,1,0,0,0,0,0,0,0,0,0,0,0,0,1,0,0,0,0,1,0,0,0,0,1,1,1,0,1,1,1,0,1,0,1,1,0,1,0,0,0,1,1,1,1,1,1,0,1,1,0,0,0,1,0,0,0,1,0,1,1,0,0,0,1,0,1,0,1,1,1,1,1,1,1,0,0,0,0,1,1,1,0,0,0,1,1,1,1,1,1,1,0,0,0,1,0,1,1,0,0,0,1,1,1,1,1,1,1,1,1,0,0,1,1,1
"InChI=1S/C11H12N4O3S/c1-18-8-2-4-9(5-3-8)19(16,17)11-7-6-10(13-12)14-15-11/h2-7H,12H2,1H3,(H,13,14)",0,0,0,0,0,0,0,0,0,0,0,0,0,0,0,0,0,0,0,0,0,0,0,0,0,0,0,0,0,0,0,0,0,0,0,0,0,1,0,0,0,0,0,0,0,0,1,0,0,0,1,1,0,1,1,0,0,1,1,1,1,0,0,1,0,0,1,0,0,0,0,0,1,0,0,1,1,1,1,1,1,0,0,1,0,0,0,1,0,0,0,0,1,1,1,0,1,1,1,0,0,1,0,0,0,0,0,1,0,0,0,1,1,0,0,0,0,0,1,1,1,0,0,1,1,1,1,0,0,1,1,0,1,0,0,1,1,0,0,1,1,1,1,0,1,1,0,1,1,0,1,1,0,0,0,1,1,1,1,1,1,0,1,1,1,1
"InChI=1S/C11H12N4O3S/c1-8(14-16)9-3-2-4-10(5-9)15-19(17,18)11-6-12-13-7-11/h2-7,15-16H,1H3,(H,12,13)",0,0,0,0,0,0,0,0,0,0,0,0,0,0,0,0,0,0,0,0,0,0,0,1,0,0,0,0,0,0,0,1,1,0,0,0,0,0,0,0,0,0,0,0,1,0,0,0,0,1,1,1,1,0,1,0,0,1,1,1,1,0,0,1,1,0,1,0,1,0,1,0,1,0,0,1,0,1,0,1,1,0,1,0,0,0,0,1,0,0,0,0,0,1,0,1,1,0,1,0,0,1,0,0,0,1,0,1,0,0,0,1,0,0,0,0,1,0,1,1,1,0,0,1,1,0,0,0,0,1,1,0,1,0,1,1,1,0,1,1,1,1,0,0,1,1,0,1,1,0,1,0,0,0,0,1,0,1,1,1,1,0,1,1,1,1
"InChI=1S/C11H12N4O3S/c1-5-3-7(15-14-5)9(16)12-6(2)10-13-8(4-19-10)11(17)18/h3-4,6H,1-2H3,(H,12,16)(H,14,15)(H,17,18)",0,0,0,0,0,0,0,0,0,0,0,0,0,0,0,0,0,0,0,0,0,0,0,0,0,0,0,0,0,0,0,0,0,0,0,1,0,0,0,0,0,0,0,0,1,0,1,0,0,0,0,1,1,0,0,0,0,0,0,0,0,0,0,0,1,0,0,0,0,0,0,0,0,0,0,1,0,1,1,1,1,0,1,0,0,0,0,1,0,0,0,1,0,1,1,1,1,0,1,0,0,0,0,0,0,0,0,1,0,1,0,0,0,0,0,0,1,0,1,1,1,0,1,1,1,0,0,0,0,1,1,0,0,0,0,1,1,0,1,1,1,1,0,0,0,1,0,0,1,0,1,0,0,1,0,1,1,1,1,1,1,0,0,1,1,1
"InChI=1S/C11H12N4O3S/c1-2-7-3-4-10(9(5-7)15(16)17)18-6-8-11(12)19-14-13-8/h3-5H,2,6,12H2,1H3",0,0,0,0,0,0,0,0,0,0,0,0,0,0,0,0,0,0,0,0,1,0,0,0,0,0,0,0,0,0,0,1,1,0,0,1,0,0,0,0,0,0,0,0,1,0,1,0,0,1,0,1,0,0,0,1,0,0,0,0,0,0,1,0,1,0,1,0,0,1,1,0,0,0,0,1,0,0,1,1,1,0,1,1,0,0,0,1,1,1,0,0,0,1,1,1,1,0,1,0,0,1,0,0,0,0,0,1,1,0,1,0,1,1,0,0,0,0,1,1,1,1,0,1,1,1,1,0,0,1,1,0,1,0,1,1,1,1,0,1,1,1,1,1,1,1,0,1,1,1,1,1,1,0,1,1,1,1,1,1,1,0,1,1,1,1
"InChI=1S/C11H12N4O3S/c16-7-8-2-1-3-13(6-8)9-10(15(17)18)14-4-5-19-11(14)12-9/h4-5,7-8H,1-3,6H2",0,0,0,0,0,0,0,0,0,0,0,0,0,0,0,0,0,0,0,0,1,0,0,0,0,0,0,0,0,0,0,0,0,0,0,1,0,1,0,0,0,0,0,0,1,0,1,0,0,0,0,0,0,0,0,1,0,0,0,0,0,1,1,0,1,0,0,0,0,1,1,0,0,0,1,1,1,1,1,1,1,0,1,0,1,1,0,1,0,0,0,0,0,1,1,1,1,1,1,1,0,1,0,0,1,1,0,0,0,0,1,0,0,0,0,0,0,1,1,1,1,1,0,1,1,0,0,0,1,1,0,0,1,0,1,1,1,1,0,1,0,1,0,1,1,1,1,1,0,1,0,0,1,1,0,1,0,1,1,0,1,0,1,1,1,1
"InChI=1S/C11H12N4O3S/c1-7-10(13-11(17)15-14-7)19-6-9(16)12-5-8-3-2-4-18-8/h2-4H,5-6H2,1H3,(H,12,16)(H,13,15,17)",0,0,0,0,0,0,0,0,0,0,0,0,0,0,0,0,0,0,0,0,1,0,0,0,0,0,0,0,0,0,0,0,0,0,0,0,1,0,0,0,0,0,0,0,1,0,1,0,0,0,0,1,0,0,0,0,1,0,1,0,0,0,0,1,1,0,0,0,0,0,0,0,0,0,0,1,1,1,1,1,1,0,1,0,0,0,0,1,0,1,0,1,0,1,1,1,0,1,1,1,0,0,0,1,0,1,0,1,0,1,1,0,1,0,0,0,1,0,1,1,1,0,0,1,1,0,1,0,1,1,1,1,0,0,0,0,1,1,1,1,1,1,1,1,1,1,0,0,1,1,0,1,1,0,1,1,1,1,1,1,1,0,1,1,1,1
"InChI=1S/C11H12N4O3S/c1-12-11(18)13-2-3-19-8-4-7(16)9-6(10(8)17)5-14-15-9/h4-5H,2-3H2,1H3,(H,14,15)(H2,12,13,18)",0,0,0,0,0,0,0,0,0,0,0,0,0,0,0,0,0,0,0,0,0,0,0,0,0,1,0,0,0,0,0,0,0,0,0,0,1,0,0,0,0,0,1,0,1,0,0,0,0,1,0,1,0,0,0,0,0,0,0,0,0,0,0,1,1,0,0,0,0,0,0,0,0,0,0,1,1,1,0,0,1,1,1,0,0,0,0,1,0,1,1,0,1,1,1,1,1,0,1,1,0,0,0,1,1,1,0,1,0,1,1,0,0,0,0,0,1,1,1,1,1,0,0,1,1,0,1,0,0,1,1,0,0,0,0,1,1,1,1,1,1,1,1,1,1,1,1,0,1,1,1,1,1,1,1,1,1,1,1,1,1,0,1,1,1,1
"InChI=1S/C11H12N4O3S/c1-6(9-14-7(5-19-9)10(16)17)13-11-12-4-3-8(15-11)18-2/h3-6H,1-2H3,(H,16,17)(H,12,13,15)",0,0,0,0,0,0,0,0,0,0,0,0,0,0,0,0,0,0,0,0,0,0,0,0,1,0,0,0,0,0,0,0,0,0,0,1,0,0,0,0,0,0,0,0,1,0,1,0,0,0,0,0,0,0,0,0,0,0,0,0,0,0,0,0,1,0,0,0,0,0,0,0,0,0,0,1,1,1,1,0,1,0,1,0,0,0,0,1,0,0,0,1,1,0,1,1,1,1,1,0,0,0,0,0,0,1,0,1,0,1,0,0,1,0,0,0,1,0,1,1,1,0,1,0,1,1,1,0,0,0,1,0,1,0,1,1,1,0,1,1,1,1,1,0,1,1,0,0,1,0,1,0,0,1,0,1,1,1,1,1,1,0,1,1,1,1
"InChI=1S/C11H12N4O3S/c12-11-14-10(16)9(19-11)5-6-13-7-1-3-8(4-2-7)15(17)18/h1-4,9,13H,5-6H2,(H2,12,14,16)",0,0,0,0,0,0,0,0,0,0,0,0,0,0,0,0,0,0,0,0,0,0,0,0,0,0,0,0,0,0,0,0,0,0,0,1,0,0,0,0,0,0,0,0,1,0,1,0,0,0,0,0,1,0,0,1,0,0,0,0,0,0,1,0,0,0,0,0,0,1,1,0,0,0,0,1,1,1,0,0,1,1,1,0,0,0,0,1,0,1,1,1,0,1,0,1,1,0,1,1,0,1,0,1,0,1,0,0,0,1,1,0,0,0,0,0,1,1,1,1,1,1,0,1,1,0,1,0,0,1,1,0,1,0,1,1,1,1,1,1,0,1,1,0,1,1,1,1,0,1,1,0,1,0,1,1,1,1,1,0,1,0,1,1,1,1
"InChI=1S/C11H12N4O3S/c1-7-9(11(17)18)10(19-14-7)13-8(16)2-4-15-5-3-12-6-15/h3,5-6H,2,4H2,1H3,(H,13,16)(H,17,18)",0,0,0,0,0,0,0,0,0,0,0,0,0,0,0,0,0,0,0,0,1,0,0,0,0,0,0,0,0,0,0,1,1,0,0,1,0,0,0,0,0,0,0,0,1,0,1,0,0,1,0,0,0,0,0,0,0,0,0,0,0,0,0,0,1,0,1,0,0,0,0,0,0,0,1,1,1,1,1,1,1,0,1,0,1,0,0,1,0,1,0,1,0,1,0,1,1,0,1,1,0,0,0,1,0,0,0,0,0,1,1,0,0,0,0,0,1,1,1,1,1,1,1,1,1,0,0,0,0,1,1,1,1,0,1,1,1,1,1,1,1,1,0,1,0,1,1,1,1,1,0,0,1,1,1,1,1,1,1,1,1,0,0,1,1,1
"InChI=1S/C11H12N4O3S/c1-6-7(2)19-11(13-6)14-9(16)5-18-10(17)8-3-4-12-15-8/h3-4H,5H2,1-2H3,(H,12,15)(H,13,14,16)",0,0,0,0,0,0,0,0,0,0,0,0,0,0,0,0,0,0,0,0,0,0,0,0,0,0,0,0,0,0,0,0,0,0,0,1,0,0,0,0,0,0,0,0,1,0,1,0,0,0,0,1,0,0,0,0,0,0,0,0,0,0,0,0,1,0,0,0,0,0,0,1,0,0,0,1,1,1,0,0,1,0,1,0,0,0,0,1,0,0,0,1,0,1,1,1,1,0,1,0,0,0,0,1,0,1,0,0,1,1,1,0,0,0,0,0,1,0,1,1,1,0,1,1,1,1,0,0,0,1,1,1,1,0,1,1,1,1,1,1,1,1,0,1,0,1,0,0,1,1,1,0,1,1,1,1,1,1,1,1,1,0,0,1,1,1
"InChI=1S/C11H12N4O3S/c1-19(17,18)6-8-2-4-9(5-3-8)10(16)14-11-12-7-13-15-11/h2-5,7H,6H2,1H3,(H2,12,13,14,15,16)",0,0,0,0,0,0,0,0,0,0,0,0,0,0,0,0,0,0,0,0,0,0,0,0,1,0,0,0,0,0,0,0,0,0,0,0,0,0,0,0,0,0,0,0,0,0,0,0,0,1,1,1,0,0,1,0,0,1,0,1,1,0,0,0,1,0,1,0,0,0,0,0,1,0,0,1,1,1,1,0,0,0,1,0,0,1,0,1,0,0,0,1,1,1,0,1,1,0,1,0,0,1,0,0,0,1,0,1,0,1,0,1,0,0,1,0,1,0,1,1,1,0,0,1,1,0,0,0,0,1,1,1,1,0,1,1,1,1,1,1,1,1,0,0,1,1,0,1,1,0,1,0,1,0,1,1,1,1,1,1,1,0,1,1,1,1
"InChI=1S/C11H12N4O3S/c1-7-6-19-10(12-7)13-8(16)5-15-4-3-9(17)14(2)11(15)18/h3-4,6H,5H2,1-2H3,(H,12,13,16)",0,0,0,0,0,0,0,0,0,0,0,0,0,0,0,0,0,0,0,0,0,0,0,0,0,0,0,0,0,0,0,0,0,0,0,1,1,0,0,0,0,0,0,0,1,0,1,0,0,0,0,0,0,0,0,0,0,0,0,0,0,0,0,0,1,0,0,0,0,0,0,0,0,0,1,1,1,1,1,0,1,0,1,0,1,0,0,1,1,0,0,1,1,0,1,1,1,1,1,1,0,0,0,1,0,1,0,1,0,1,1,0,1,0,0,0,1,0,1,1,1,1,0,0,1,0,1,0,0,0,1,1,1,0,1,1,1,1,1,1,1,1,1,1,1,1,0,1,1,1,0,0,1,1,1,1,1,1,1,1,1,0,1,1,1,1
"InChI=1S/C11H12N4O3S/c1-17-10(16)6-2-3-18-7(6)5-19-11-14-8(12)4-9(13)15-11/h2-4H,5H2,1H3,(H4,12,13,14,15)",0,0,0,0,0,0,0,0,0,0,0,0,0,0,0,0,0,0,0,0,1,0,0,0,0,0,0,0,0,0,0,0,0,0,0,0,0,1,0,0,0,0,1,0,1,0,1,0,0,1,0,0,1,0,0,0,1,0,1,0,0,0,0,1,1,0,0,0,0,0,0,0,0,0,0,1,1,1,0,1,1,0,1,1,0,0,0,1,1,1,0,0,1,0,0,1,0,1,1,0,0,0,0,0,0,1,0,1,0,0,0,0,0,0,0,0,0,0,1,1,1,0,1,0,1,1,0,0,0,0,1,1,1,0,1,1,1,1,0,1,1,1,0,1,1,1,0,0,1,1,1,1,1,1,1,1,1,1,1,1,1,0,1,1,1,1
"InChI=1S/C11H12N4O3S/c1-5-3-7(15-14-5)10(16)12-4-8-13-6(2)9(19-8)11(17)18/h3H,4H2,1-2H3,(H,12,16)(H,14,15)(H,17,18)",0,0,0,0,0,0,0,0,0,0,0,0,0,0,0,0,0,0,0,0,0,0,0,0,0,0,0,0,0,0,0,0,0,0,0,1,0,0,0,0,0,0,0,0,1,0,1,0,0,0,0,1,1,0,0,0,0,0,0,0,0,0,0,0,1,0,0,0,0,0,0,0,0,0,0,1,0,1,1,1,1,1,1,0,0,0,0,1,0,0,0,1,0,1,1,1,1,0,1,1,0,0,0,0,0,0,0,1,0,1,1,0,0,0,0,0,1,0,1,1,1,0,1,1,1,0,0,0,0,1,1,0,0,0,0,1,1,1,1,1,1,1,0,1,0,1,0,0,1,1,1,0,1,1,1,1,1,1,1,1,1,0,0,1,1,1
"InChI=1S/C11H12N4O3S/c1-18-6-8-4-2-3-5-9(8)15-11(12-13-14-15)19-7-10(16)17/h2-5H,6-7H2,1H3,(H,16,17)",0,0,0,0,0,0,0,0,0,0,0,0,0,0,0,0,0,0,0,0,0,0,0,0,0,0,0,0,0,0,0,0,0,0,0,0,0,0,0,0,0,0,0,0,1,0,1,0,0,1,0,1,0,0,0,0,0,0,1,0,0,1,0,1,1,0,0,0,0,1,0,0,0,0,1,1,1,1,1,1,1,0,1,0,0,1,0,1,0,0,0,0,1,1,0,1,1,0,1,0,0,0,0,1,0,1,0,1,1,0,0,0,0,0,1,0,0,0,1,1,1,1,1,1,1,1,0,0,0,1,1,1,1,0,1,1,1,1,1,1,1,1,0,1,1,1,0,1,1,1,0,0,1,1,1,1,1,1,1,1,1,0,1,1,1,1
"InChI=1S/C11H12N4O3S/c1-12-11(16)8-2-4-9(5-3-8)15-19(17,18)10-6-13-7-14-10/h2-7,15H,1H3,(H,12,16)(H,13,14)",0,0,0,0,0,0,0,0,0,0,0,0,0,0,0,0,0,0,0,0,1,0,0,0,0,0,0,0,0,0,0,1,1,0,0,0,0,0,0,0,0,0,0,0,1,0,1,0,0,1,1,0,0,1,1,0,0,1,1,1,1,0,0,1,1,0,1,0,0,0,0,0,1,0,0,1,1,1,1,1,1,0,1,0,0,0,0,1,0,0,0,1,1,1,1,1,1,0,1,0,0,1,0,0,0,1,0,1,0,1,0,1,0,0,0,0,1,0,1,1,1,0,0,1,1,0,0,0,0,1,1,0,1,0,1,1,1,0,0,1,1,1,0,0,1,1,0,1,1,0,1,0,0,1,0,1,0,1,1,1,1,0,1,1,1,1
"InChI=1S/C11H12N4O3S/c1-14-3-4-15(11(18)10(14)17)6-7-2-5-19-8(7)9(16)13-12/h2-5H,6,12H2,1H3,(H,13,16)",0,0,0,0,0,0,0,0,0,0,0,0,0,0,0,0,0,0,0,0,0,0,0,0,0,0,0,0,0,0,0,0,0,0,0,1,0,0,0,0,0,0,0,0,1,0,0,0,0,1,0,1,0,1,0,0,0,0,0,0,0,0,0,0,1,0,0,0,0,0,0,1,0,0,1,1,0,1,1,0,1,0,1,1,1,0,0,1,0,0,1,1,1,1,1,1,0,1,1,1,0,0,0,0,0,0,0,0,0,1,0,0,1,0,0,0,1,0,1,1,1,1,0,1,1,0,1,0,0,1,1,0,0,0,0,1,1,1,1,1,1,1,1,1,1,1,0,1,1,1,1,0,1,1,1,1,1,1,1,1,1,0,1,1,1,1
"InChI=1S/C11H12N4O3S/c1-15-8(2-5-13-15)10(16)12-4-3-9-14-7(6-19-9)11(17)18/h2,5-6H,3-4H2,1H3,(H,12,16)(H,17,18)",0,0,0,0,0,0,0,0,0,0,0,0,0,0,0,0,0,0,0,0,0,0,0,0,0,0,0,0,0,0,0,0,0,0,0,1,0,0,0,0,0,0,0,0,1,0,1,0,0,0,0,1,0,0,0,0,0,0,0,0,0,0,0,0,1,0,0,0,0,0,0,0,0,0,1,1,0,1,1,1,1,1,1,0,0,0,0,1,0,0,0,1,1,1,1,1,1,0,1,1,0,0,0,1,0,0,0,1,0,1,1,0,0,0,0,0,1,1,1,1,1,1,1,1,1,0,0,0,0,1,1,0,0,0,0,1,1,1,1,1,1,1,0,1,0,1,1,1,1,1,1,0,1,1,1,1,1,1,1,1,1,0,0,1,1,1
"InChI=1S/C11H12N4O3S/c1-15(6-10(17)18)5-9(16)12-7-3-2-4-8-11(7)14-19-13-8/h2-4H,5-6H2,1H3,(H,12,16)(H,17,18)",0,0,0,0,0,0,0,0,0,0,0,0,0,0,0,0,0,0,0,0,0,0,0,0,0,0,0,0,0,0,0,0,1,0,0,1,0,0,0,0,0,0,0,0,1,0,0,0,0,0,0,0,0,0,0,0,0,1,0,0,0,0,0,0,1,0,1,0,0,0,0,0,0,0,0,1,1,1,1,1,0,0,1,0,1,1,0,1,0,0,1,1,1,1,1,1,0,0,1,1,0,0,0,1,1,0,0,0,0,1,1,0,0,0,1,0,1,0,1,1,1,1,1,1,1,0,0,0,0,1,1,1,1,0,1,1,1,1,1,1,1,1,0,0,1,1,0,1,1,0,0,0,1,1,1,1,1,1,1,1,1,0,1,1,1,1
"InChI=1S/C11H12N4O3S/c1-11(2,3)9-13-14-10(18-9)19-8-7(15(16)17)5-4-6-12-8/h4-6H,1-3H3",0,0,0,0,0,0,0,0,0,0,0,0,0,0,0,0,0,0,0,0,1,0,0,0,0,0,0,0,0,0,0,0,0,0,0,0,0,0,0,0,0,0,0,0,1,0,1,0,0,0,0,1,0,0,0,1,1,0,1,0,0,0,1,1,1,1,0,0,0,1,1,0,0,1,0,1,0,1,1,1,1,0,1,0,0,0,0,1,0,0,0,1,0,1,1,1,1,1,1,0,0,1,0,0,0,1,0,0,0,1,0,1,0,0,0,0,1,0,1,1,1,1,0,1,1,0,0,0,0,1,0,0,1,0,1,1,1,0,0,1,1,1,0,1,1,1,0,1,1,1,0,0,0,0,0,1,1,1,1,1,1,0,1,1,1,1
"InChI=1S/C11H12N4O3S/c12-15-7-13-14-11(15)19-6-5-18-9-3-1-8(2-4-9)10(16)17/h1-4,7H,5-6,12H2,(H,16,17)",0,0,0,0,0,0,0,0,0,0,0,0,0,0,0,0,0,0,0,0,0,0,0,0,0,0,0,0,0,0,0,0,0,0,0,0,0,0,0,0,0,0,0,0,0,0,1,0,0,1,0,1,0,0,0,0,0,0,1,0,0,0,0,1,1,0,0,0,0,0,0,0,0,0,1,1,1,1,1,1,1,0,1,1,0,0,0,1,0,0,1,0,0,1,0,1,0,0,1,0,0,0,0,0,0,1,0,0,1,0,0,0,1,0,0,0,0,1,1,1,1,1,1,1,1,1,1,0,0,1,1,1,1,0,1,1,1,1,1,1,0,1,1,1,1,1,1,1,0,1,1,1,1,1,1,1,1,1,1,0,1,0,1,1,1,1
"InChI=1S/C11H12N4O3S/c1-7-6-12-11(19-7)13-8(16)4-5-15-10(18)3-2-9(17)14-15/h2-3,6H,4-5H2,1H3,(H,14,17)(H,12,13,16)",0,0,0,0,0,0,0,0,0,0,0,0,0,0,0,0,0,0,0,0,0,0,0,0,0,0,0,0,0,0,0,0,0,0,0,1,0,0,0,0,0,0,0,0,1,0,1,0,0,0,0,1,0,0,0,0,0,0,0,0,0,0,0,0,1,0,0,0,0,0,0,0,0,0,1,1,1,1,0,1,1,0,1,0,0,0,0,1,0,1,1,1,0,1,1,1,1,1,1,1,0,0,0,1,0,1,0,0,0,1,1,0,1,0,0,0,1,1,1,1,1,1,0,1,1,0,1,0,0,1,1,1,1,0,1,1,1,1,1,1,1,1,1,1,1,1,1,1,1,1,0,0,1,1,1,1,1,1,1,1,1,0,1,1,1,1
"InChI=1S/C11H12N4O3S/c1-6-7(3-13-15(6)2)10(16)12-4-9-14-8(5-19-9)11(17)18/h3,5H,4H2,1-2H3,(H,12,16)(H,17,18)",0,0,0,0,0,0,0,0,0,0,0,0,0,0,0,0,0,0,0,0,0,0,0,0,0,0,0,0,0,0,0,0,0,0,0,1,0,0,0,0,0,0,0,0,1,0,1,0,0,1,0,1,0,0,0,0,0,0,0,0,0,0,0,0,1,0,0,0,0,0,0,0,0,0,1,1,0,1,1,1,1,0,1,0,0,0,0,1,0,1,0,1,1,1,1,1,1,0,1,1,0,0,0,0,0,0,0,1,0,1,1,0,0,0,0,0,1,0,1,1,1,1,1,1,1,0,0,0,0,1,1,0,0,0,0,1,1,1,1,1,1,1,0,1,0,1,0,1,1,1,0,0,1,1,1,1,1,1,1,1,1,0,0,1,1,1
"InChI=1S/C11H12N4O3S/c1-7-2-3-9(19-7)10(16)12-4-5-15-6-8(11(17)18)13-14-15/h2-3,6H,4-5H2,1H3,(H,12,16)(H,17,18)",0,0,0,0,0,0,0,0,0,0,0,0,0,0,0,0,0,0,0,0,0,0,0,0,0,0,0,0,0,0,0,0,0,0,0,1,0,0,0,0,0,0,0,0,1,0,0,0,0,0,0,1,0,0,0,0,0,0,0,0,0,0,0,0,1,0,0,0,0,1,0,0,0,0,1,1,1,0,1,1,1,1,1,0,0,0,0,1,0,0,0,1,0,1,1,1,1,0,1,1,0,0,0,1,0,0,0,1,0,1,1,0,0,0,0,0,1,1,1,1,1,1,1,1,1,0,0,0,0,1,1,0,0,0,0,1,1,1,1,1,1,1,0,0,0,1,1,1,1,0,1,0,1,1,1,1,1,1,1,1,1,0,0,1,1,1
"InChI=1S/C11H12N4O3S/c1-7-11(14-16)8(2)15(13-7)9-3-5-10(6-4-9)19(12,17)18/h3-6H,1-2H3,(H2,12,17,18)",0,0,0,0,0,0,0,0,0,0,0,0,0,0,0,0,0,0,0,0,0,0,0,0,0,0,0,0,0,0,0,1,1,0,0,0,0,0,0,0,0,0,0,0,1,0,0,0,0,0,1,1,0,0,1,0,0,1,1,1,1,1,1,1,1,0,1,0,0,0,1,0,1,0,1,1,0,1,1,1,1,0,1,1,0,0,0,1,0,0,0,0,0,1,0,1,1,0,1,0,0,1,0,0,0,1,0,1,0,0,0,1,0,0,0,0,1,0,1,1,1,1,0,1,1,0,0,0,0,1,1,0,1,0,1,1,1,0,0,1,1,1,0,1,1,1,0,1,1,1,1,0,0,0,0,1,0,1,1,1,1,0,1,1,1,1
"InChI=1S/C11H12N4O3S/c1-6-4-8(16)15-10(13-6)19-7(14-15)5-12-11(2-3-11)9(17)18/h4,12H,2-3,5H2,1H3,(H,17,18)",0,0,0,0,0,0,0,0,0,0,0,0,0,0,0,0,0,0,0,0,0,1,0,0,0,0,0,0,0,0,0,0,0,0,0,1,0,0,0,0,0,0,0,0,1,0,1,0,0,0,0,1,0,1,0,0,0,0,0,0,0,0,0,0,1,1,0,0,0,0,0,0,0,0,0,1,1,1,1,1,1,1,1,0,0,0,0,1,0,1,1,1,0,1,1,1,1,1,1,1,0,0,0,1,1,1,0,0,0,1,1,1,1,0,0,0,1,0,1,1,1,1,1,1,1,0,1,0,1,1,1,0,1,0,0,1,1,1,1,1,1,1,1,0,1,1,0,1,1,0,1,0,1,1,1,1,1,1,1,1,1,0,1,1,1,1
"InChI=1S/C11H12N4O3S/c1-2-5-15-10(18)13-14-11(15)19-8-6-7(9(16)17)3-4-12-8/h3-4,6H,2,5H2,1H3,(H,13,18)(H,16,17)",0,0,0,0,0,0,0,0,0,0,0,0,0,0,0,0,0,0,0,0,0,0,0,0,0,0,0,0,0,0,0,0,0,0,0,0,1,0,0,0,0,0,0,0,1,0,1,0,0,1,0,1,0,0,0,0,0,0,1,0,0,0,0,1,1,0,0,0,0,0,0,0,0,0,1,1,1,1,1,1,1,0,1,0,1,0,0,1,0,1,1,0,0,1,1,1,0,1,1,1,0,0,0,0,0,1,0,0,0,1,1,0,1,1,1,0,1,1,1,1,1,1,1,1,1,0,1,0,0,1,1,0,0,0,0,1,1,1,1,1,1,1,1,1,1,1,1,1,1,1,0,0,1,1,1,1,1,1,1,1,1,0,1,1,1,1
"InChI=1S/C11H12N4O3S/c1-18-8-4-5-9(12)10(7-8)19(16,17)15-11-3-2-6-13-14-11/h2-7H,12H2,1H3,(H,14,15)",0,0,0,0,0,0,0,0,0,0,0,0,0,0,0,0,0,0,0,0,0,0,0,0,0,0,0,0,0,0,0,1,1,0,0,0,0,1,0,0,0,0,0,0,1,0,0,0,0,0,1,1,1,0,1,0,0,1,1,1,1,0,0,1,1,0,1,0,0,0,0,0,1,0,0,1,1,1,1,1,1,0,0,1,0,0,0,1,0,0,0,0,1,1,0,0,1,1,1,0,0,1,0,0,0,1,0,1,0,0,0,1,1,0,0,0,1,0,1,1,1,0,0,1,1,1,1,0,0,1,1,0,1,0,1,1,1,0,0,1,1,1,1,1,1,1,0,1,1,1,1,1,0,0,0,1,1,1,1,1,1,0,1,1,1,1
"InChI=1S/C11H12N4O3S/c1-8-4-13-9(5-12-8)6-15-19(17,18)10-2-3-11(16)14-7-10/h2-5,7,10,15H,6H2,1H3",0,0,0,0,0,0,0,0,0,0,0,0,0,0,0,0,0,0,0,0,0,0,0,0,0,0,0,0,0,0,0,1,1,0,0,0,0,0,0,0,0,0,0,0,1,0,0,0,0,0,1,0,0,0,1,0,0,1,0,1,1,0,0,1,1,0,1,0,0,0,0,0,1,0,0,1,0,1,1,1,1,1,0,0,0,0,0,1,0,0,0,1,0,1,0,0,1,1,1,1,0,1,0,0,0,1,0,0,0,1,1,1,0,0,0,0,1,0,1,1,1,0,0,1,1,0,1,0,0,1,1,0,0,0,0,1,1,1,0,1,1,1,1,0,1,1,0,1,1,0,1,0,1,1,1,1,0,1,1,1,1,0,1,1,1,1
"InChI=1S/C11H12N4O3S/c1-2-18-9-3-5-15(11(17)14-9)7-8(16)13-10-12-4-6-19-10/h3-6H,2,7H2,1H3,(H,12,13,16)",0,0,0,0,0,0,0,0,0,0,0,0,0,0,0,0,0,0,0,0,0,0,0,0,0,0,0,0,0,0,0,0,0,0,0,1,1,0,0,0,0,0,0,0,1,0,1,0,0,0,0,0,0,0,0,0,0,0,0,0,0,0,0,0,1,0,0,0,0,0,0,0,0,0,1,0,1,1,1,0,1,0,1,0,1,0,0,1,1,0,0,1,0,0,1,1,1,1,1,1,0,0,0,1,0,1,0,1,1,1,1,0,1,1,0,0,1,0,1,1,1,1,0,0,1,1,1,0,0,0,1,1,1,0,1,1,1,1,1,1,1,1,1,1,1,1,0,1,1,1,0,0,1,1,1,1,1,1,1,1,1,0,1,1,1,1
"InChI=1S/C11H12N4O3S/c12-11(16)8-15-7-9(6-13-15)14-19(17,18)10-4-2-1-3-5-10/h1-7,14H,8H2,(H2,12,16)",0,0,0,0,0,0,0,0,0,0,0,0,0,0,0,0,0,0,0,0,0,0,0,0,0,0,0,0,0,0,0,1,1,0,0,0,0,0,0,0,0,0,1,0,1,0,0,0,0,0,1,1,0,0,1,0,0,1,1,1,1,0,0,1,1,0,1,0,0,0,0,0,1,0,1,1,0,1,1,1,1,0,1,0,0,0,0,1,0,0,1,1,0,1,1,1,1,0,1,1,0,1,0,1,0,1,0,0,0,1,1,1,0,0,0,0,1,0,1,1,1,1,0,1,1,0,0,0,0,1,1,1,1,0,1,1,1,1,1,1,0,1,0,0,1,1,0,1,0,0,1,0,1,0,1,1,1,1,1,0,1,0,1,1,1,1
"InChI=1S/C11H12N4O3S/c1-13-9-8(10(16)14(2)11(13)17)15(6-12-9)7-5-18-3-4-19-7/h5-6H,3-4H2,1-2H3",0,0,0,0,0,0,0,0,0,0,0,0,0,0,0,0,0,0,0,0,1,0,0,0,0,1,0,0,0,0,0,0,0,0,0,1,1,1,0,0,0,0,0,0,1,0,1,0,0,0,0,0,0,0,0,0,1,0,0,0,0,1,0,0,1,0,0,0,0,0,0,0,0,0,1,1,1,1,1,1,1,0,1,0,1,0,0,1,1,0,0,1,1,0,1,1,1,1,1,0,0,0,0,0,1,1,0,1,1,1,0,0,1,0,0,0,1,1,1,1,1,1,0,0,1,0,1,0,0,0,0,1,1,0,0,1,1,1,0,1,1,1,1,1,1,1,1,1,1,1,0,0,1,1,0,1,1,1,1,1,1,0,1,1,1,1
"InChI=1S/C11H12N4O3S/c1-6-7(2)19-11(12-6)13-10(16)9-4-8(15(17)18)5-14(9)3/h4-5H,1-3H3,(H,12,13,16)",0,0,0,0,0,0,0,0,0,0,0,0,0,0,0,0,0,0,0,0,0,0,0,0,0,0,0,0,0,0,0,0,0,0,0,1,0,0,0,0,0,0,0,0,1,0,1,0,0,0,0,0,0,0,0,1,0,0,0,0,0,0,1,0,1,0,0,0,0,1,1,0,0,0,1,1,1,1,1,1,1,0,1,0,1,0,0,1,0,0,0,1,1,1,1,1,1,0,1,0,0,1,0,0,0,1,0,0,0,1,0,0,0,0,0,0,1,0,1,1,1,1,0,1,1,0,0,0,0,1,1,0,1,0,1,1,1,0,0,1,1,1,0,1,0,1,0,1,1,1,1,0,0,1,0,1,0,1,1,1,1,0,0,1,1,1
"InChI=1S/C11H12N4O3S/c1-18-11-10(13-6-7-14-11)15-19(16,17)9-5-3-2-4-8(9)12/h2-7H,12H2,1H3,(H,13,15)",0,0,0,0,0,0,0,0,0,0,0,0,0,0,0,0,0,0,0,0,0,0,0,0,0,0,0,0,0,0,0,1,1,0,0,0,0,1,0,0,0,0,0,0,1,0,0,0,0,0,1,0,0,0,1,0,0,1,1,1,1,0,0,1,0,0,1,0,0,0,0,0,1,0,0,1,1,1,1,1,1,0,0,1,0,0,0,1,0,0,0,1,1,1,1,0,1,1,1,0,0,1,0,0,0,1,0,1,0,1,0,1,0,0,0,0,1,0,1,1,1,0,0,1,1,1,1,0,0,1,1,0,1,0,1,1,1,0,0,1,1,1,1,1,1,1,0,1,1,1,1,0,0,0,0,1,1,1,1,1,1,0,1,1,1,1
"InChI=1S/C11H12N4O3S/c12-19(17,18)10-3-1-9(2-4-10)14-11(16)7-15-6-5-13-8-15/h1-6,8H,7H2,(H,14,16)(H2,12,17,18)",0,0,0,0,0,0,0,0,0,0,0,0,0,0,0,0,0,0,0,0,0,0,0,0,0,0,0,0,0,0,0,1,1,0,0,0,0,0,0,0,0,0,0,0,1,0,0,0,0,0,1,0,0,0,1,0,0,1,1,1,1,0,0,1,1,0,1,0,0,0,0,0,1,0,1,1,1,1,1,0,1,0,1,1,1,0,0,1,0,0,0,1,0,1,1,1,0,0,1,1,0,1,0,1,0,1,0,0,0,1,1,1,0,0,0,0,1,0,1,1,1,1,0,1,1,0,0,0,0,1,1,1,1,0,1,1,1,1,0,1,0,1,0,0,1,1,0,1,0,0,1,0,1,1,1,1,0,1,1,0,1,0,1,1,1,1
"InChI=1S/C11H12N4O3S/c1-18-11-10(13-6-7-14-11)15-19(16,17)9-4-2-8(12)3-5-9/h2-7H,12H2,1H3,(H,13,15)",0,0,0,0,0,0,0,0,0,0,0,0,0,0,0,0,0,0,0,0,0,0,0,0,0,0,0,0,0,0,0,1,1,0,0,0,0,1,0,0,0,0,0,0,1,0,0,0,0,0,1,0,0,0,1,0,0,1,1,1,1,0,0,1,0,0,1,0,0,0,0,0,1,0,0,1,1,1,1,0,1,0,0,1,0,0,0,1,0,0,0,1,1,1,1,0,1,1,1,0,0,1,0,0,0,1,0,1,0,1,0,1,0,0,0,0,1,0,1,1,1,0,0,1,1,1,1,0,0,1,1,0,1,0,1,1,1,0,0,1,1,1,1,0,1,1,0,1,1,1,1,0,0,0,0,1,1,1,1,1,1,0,1,1,1,1
"InChI=1S/C11H12N4O3S/c1-15-4-2-3-7(15)10(16)13-6-9-12-5-8(19-9)11(17)14-18/h2-5,18H,6H2,1H3,(H,13,16)(H,14,17)",0,0,0,0,0,0,0,0,0,0,0,0,0,0,0,0,0,0,0,0,0,0,0,1,0,0,0,0,0,0,0,0,0,0,0,1,0,0,0,0,0,0,0,0,1,0,1,0,0,0,0,0,0,1,0,0,0,0,0,0,0,0,0,0,1,0,0,0,1,0,1,1,0,0,1,1,0,1,1,1,1,1,1,0,1,0,0,1,0,0,0,1,1,1,1,1,1,0,1,1,0,1,0,0,0,0,0,1,0,1,1,0,0,0,0,0,1,0,1,1,1,1,0,1,1,0,0,0,0,1,1,0,0,0,0,1,1,1,1,1,1,1,0,1,0,1,0,1,1,1,1,0,1,1,1,1,1,1,1,1,1,0,0,1,1,1
"InChI=1S/C11H12N4O3S/c1-2-5-15-10(18)13-14-11(15)19-8-4-3-7(6-12-8)9(16)17/h3-4,6H,2,5H2,1H3,(H,13,18)(H,16,17)",0,0,0,0,0,0,0,0,0,0,0,0,0,0,0,0,0,0,0,0,0,0,0,0,0,0,0,0,0,0,0,0,0,0,0,0,1,0,0,0,0,0,0,0,1,0,1,0,0,1,0,1,0,0,0,0,0,0,1,0,0,0,0,1,1,0,0,0,0,0,0,0,0,0,1,1,1,1,1,1,1,0,1,0,1,0,0,1,0,1,1,0,0,1,1,1,1,1,1,1,0,0,0,0,0,1,0,0,0,1,1,0,1,1,1,0,1,1,1,1,1,1,1,1,1,0,1,0,0,1,1,0,0,0,0,1,1,1,1,1,1,1,1,1,1,1,1,1,1,1,0,0,1,1,1,1,1,1,1,1,1,0,1,1,1,1
"InChI=1S/C11H12N4O3S/c1-19(17,18)10-4-2-9(3-5-10)11(14-16)6-15-8-12-7-13-15/h2-5,7-8,11H,6H2,1H3",0,0,0,0,0,0,0,0,0,0,0,0,0,0,0,0,0,0,0,0,0,0,0,0,0,0,0,0,0,0,0,0,0,0,0,0,0,0,0,0,0,0,0,0,0,0,0,0,0,1,1,1,0,0,1,0,0,1,1,1,1,0,1,1,1,0,1,0,0,0,1,0,1,0,1,1,1,1,1,1,1,0,1,0,0,0,0,1,0,0,0,0,1,1,0,1,1,0,1,1,0,1,0,0,0,0,0,1,0,0,1,1,0,0,0,0,0,0,1,1,1,1,0,1,1,0,0,0,0,1,0,0,0,0,0,1,1,1,0,1,1,1,0,0,1,1,0,1,1,0,0,0,1,0,1,1,0,1,1,1,1,0,1,1,1,1
"InChI=1S/C11H12N4O3S/c1-6(2)15-10(18)13-14-11(15)19-8-7(9(16)17)4-3-5-12-8/h3-6H,1-2H3,(H,13,18)(H,16,17)",0,0,0,0,0,0,0,0,0,0,0,0,0,0,0,0,0,0,0,0,1,0,0,0,0,0,0,0,0,0,0,0,0,0,0,0,1,0,0,0,0,0,0,0,1,0,1,0,0,1,0,1,0,0,0,0,0,0,1,0,0,0,0,1,1,0,0,0,0,0,0,0,0,1,1,1,1,1,1,1,1,0,1,0,1,0,0,1,0,0,0,0,0,1,1,1,1,1,1,0,0,0,0,0,0,1,0,0,0,1,0,0,1,0,0,0,1,0,1,1,1,1,1,1,1,0,1,0,0,1,1,0,0,0,0,1,1,0,1,1,1,1,1,1,1,1,0,1,1,1,0,0,0,1,0,1,1,1,1,1,1,0,1,1,1,1
"InChI=1S/C11H12N4O3S/c12-7-4-8(16)14-11(13-7)19-6-3-9(17)15(10(6)18)5-1-2-5/h4-6H,1-3H2,(H3,12,13,14,16)",0,0,0,0,0,0,0,0,0,0,0,0,0,0,0,0,0,0,0,0,1,1,0,0,0,0,0,0,0,0,0,0,0,0,0,0,0,1,0,0,0,0,0,0,1,0,1,0,0,0,0,0,1,0,0,0,0,0,1,0,0,1,0,1,1,0,0,0,0,0,0,0,0,0,1,1,1,1,0,1,1,0,1,1,1,0,0,1,1,0,0,1,0,0,0,1,1,1,1,0,0,0,0,0,0,1,0,0,0,1,1,0,1,0,0,0,1,0,1,1,1,1,0,0,1,0,1,0,0,0,1,1,1,0,1,1,1,0,1,1,0,1,1,0,1,1,0,1,0,1,1,0,0,1,0,1,1,1,1,0,1,0,1,1,1,1
"InChI=1S/C11H12N4O3S/c1-6-8(9(16)14-15-11(17)12-2)13-10(18-6)7-4-3-5-19-7/h3-5H,1-2H3,(H,14,16)(H2,12,15,17)",0,0,0,0,0,0,0,0,0,0,0,0,0,0,0,0,0,0,0,0,0,0,0,0,0,0,0,0,0,0,0,0,0,0,0,1,1,0,0,0,0,0,1,0,1,0,0,0,0,0,0,1,0,1,0,0,1,0,0,0,0,1,0,0,1,0,0,0,1,0,0,0,0,0,0,1,1,1,1,1,1,0,1,0,0,0,0,1,1,0,0,1,1,1,1,1,1,0,1,0,0,0,0,0,0,1,0,0,0,1,0,0,0,0,0,0,1,0,1,1,1,0,0,1,1,0,0,0,0,1,1,0,0,0,0,0,1,0,1,1,1,1,0,1,0,1,0,0,1,1,1,1,0,0,0,1,1,1,1,1,1,0,0,1,1,1
"InChI=1S/C11H12N4O3S/c1-17-7-3-4-9(18-2)8(5-7)13-10(16)14-11-15-12-6-19-11/h3-6H,1-2H3,(H2,13,14,15,16)",0,0,0,0,0,0,0,0,0,0,0,0,0,0,0,0,0,0,0,0,0,0,0,0,0,0,0,0,0,0,0,0,0,0,0,1,1,0,0,0,0,0,0,0,1,0,1,0,0,0,0,1,1,0,0,0,0,0,0,0,0,0,0,0,0,0,0,0,1,0,0,0,0,0,0,1,1,1,1,1,1,0,1,0,0,0,0,1,0,0,0,0,1,1,1,1,1,0,1,0,0,0,0,0,0,1,0,1,0,1,0,0,1,0,0,0,1,0,1,1,1,0,0,1,1,1,1,0,0,1,1,0,1,0,1,0,1,0,1,1,1,1,1,1,1,1,0,0,1,1,1,1,0,0,0,1,1,1,1,1,1,0,1,1,1,1
"InChI=1S/C11H12N4O3S/c1-6-4-7(15-14-6)10(16)12-3-2-9-13-8(5-19-9)11(17)18/h4-5H,2-3H2,1H3,(H,12,16)(H,14,15)(H,17,18)",0,0,0,0,0,0,0,0,0,0,0,0,0,0,0,0,0,0,0,0,0,0,0,0,0,0,0,0,0,0,0,0,0,0,0,1,0,0,0,0,0,0,0,0,1,0,1,0,0,0,0,1,1,0,0,0,0,0,0,0,0,0,0,0,1,0,0,0,0,0,0,0,0,0,0,1,0,1,1,1,1,1,1,0,0,0,0,1,0,0,0,1,0,1,1,1,1,0,1,1,0,0,0,1,0,0,0,0,0,1,1,0,0,0,0,0,1,1,1,1,1,0,1,1,1,0,0,0,0,1,1,0,0,0,0,1,1,1,1,1,1,1,0,0,0,1,1,0,1,0,1,0,1,1,1,1,1,1,1,1,1,0,0,1,1,1
"InChI=1S/C11H12N4O3S/c1-18-9-4-2-3-8(5-9)15-19(16,17)10-6-13-11(12)14-7-10/h2-7,15H,1H3,(H2,12,13,14)",0,0,0,0,0,0,0,0,0,0,0,0,0,0,0,0,0,0,0,0,0,0,0,0,1,0,0,0,0,0,0,1,1,0,0,0,0,0,0,0,0,0,1,0,1,0,0,0,0,0,1,0,1,0,1,0,0,1,1,1,1,0,0,1,1,0,1,0,0,0,0,0,1,0,0,1,1,1,0,1,1,0,0,0,0,0,0,1,0,0,0,0,1,1,0,0,1,1,1,0,0,1,0,0,0,1,0,1,0,0,0,1,1,0,0,0,1,0,1,1,1,0,0,1,1,1,1,0,0,1,1,0,1,0,1,1,1,0,0,1,1,1,1,0,1,1,0,1,1,0,1,1,0,0,0,1,1,1,1,1,1,0,1,1,1,1
"InChI=1S/C11H12N4O3S/c1-6-7(2)19-11(13-6)14-10(18)8-3-12-15(4-8)5-9(16)17/h3-4H,5H2,1-2H3,(H,16,17)(H,13,14,18)",0,0,0,0,0,0,0,0,0,0,0,0,0,0,0,0,0,0,0,0,0,0,0,0,0,0,0,0,0,0,0,0,0,0,0,1,0,0,0,0,0,0,0,0,1,0,1,0,0,1,0,1,0,0,0,0,0,0,0,0,0,0,0,0,1,0,0,0,0,0,0,0,0,0,1,1,1,1,0,1,1,0,1,0,0,0,0,1,0,0,0,1,0,1,1,1,1,0,1,1,0,0,0,1,0,1,0,0,0,1,1,0,0,0,0,0,1,0,1,1,1,1,1,1,1,0,0,0,0,1,1,1,1,0,1,1,1,1,1,1,1,1,0,1,0,1,0,1,1,1,0,0,1,1,1,1,1,1,1,1,1,0,0,1,1,1
"InChI=1S/C11H12N4O3S/c1-5-9(6(2)15-14-5)10(18)13-11-12-7(4-19-11)3-8(16)17/h4H,3H2,1-2H3,(H,14,15)(H,16,17)(H,12,13,18)",0,0,0,0,0,0,0,0,0,0,0,0,0,0,0,0,0,0,0,0,0,0,0,0,0,0,0,0,0,0,0,0,0,0,0,1,0,0,0,0,0,0,0,0,1,0,1,0,0,1,0,1,1,0,0,0,0,0,0,0,0,0,0,0,1,0,0,0,0,0,0,0,0,0,0,1,1,1,0,1,1,0,1,0,0,0,0,1,0,0,0,1,0,1,0,1,1,0,1,0,0,0,0,1,0,1,0,0,0,1,1,0,0,0,0,0,1,0,1,1,1,0,1,1,1,0,0,0,0,1,1,1,1,0,1,1,1,0,1,1,1,1,0,1,0,1,0,0,1,1,1,0,0,1,1,1,1,1,1,1,1,0,0,1,1,1
"InChI=1S/C11H12N4O3S/c1-6-9(10(16)17)4-8(18-6)5-19-11-12-13-14-15(11)7-2-3-7/h4,7H,2-3,5H2,1H3,(H,16,17)",0,0,0,0,0,0,0,0,0,0,0,0,0,0,0,0,0,0,0,0,0,1,0,0,0,0,0,0,0,0,0,0,0,0,0,0,0,0,0,0,0,0,0,0,0,0,1,0,0,1,0,1,0,0,0,0,1,0,1,0,0,1,0,1,1,0,0,0,0,1,0,0,0,0,1,1,1,1,1,1,1,0,1,0,0,0,0,1,1,0,0,0,0,1,0,1,0,0,1,0,0,0,0,0,0,1,0,1,0,0,1,0,0,0,0,0,0,0,1,1,1,1,1,1,1,0,0,0,0,1,1,1,1,0,0,1,1,1,1,1,1,1,0,1,0,1,0,1,1,1,0,1,1,1,1,1,1,1,1,1,1,0,0,1,1,1
"InChI=1S/C11H12N4O3S/c1-2-19(17,18)14-11(16)9-6-13-15(8-9)10-4-3-5-12-7-10/h3-8H,2H2,1H3,(H,14,16)",0,0,0,0,0,0,0,0,0,0,0,0,0,0,0,0,0,0,0,0,0,0,0,0,0,0,0,0,0,0,0,1,1,0,0,0,0,0,0,0,0,0,0,0,1,0,0,0,0,1,1,1,0,0,1,0,0,1,0,1,1,1,0,0,1,0,1,0,0,0,0,0,1,0,1,1,0,1,1,1,0,0,1,0,0,0,0,1,1,0,1,1,0,1,0,1,1,1,1,0,0,1,0,0,0,1,0,0,0,1,1,1,0,1,0,0,1,0,1,1,1,1,0,1,1,0,0,0,0,1,1,1,1,0,1,1,1,1,1,1,1,1,0,0,1,1,0,1,1,0,0,0,1,0,1,1,1,1,1,1,1,0,1,1,1,1
"InChI=1S/C11H12N4O3S/c1-8-7-13-10(11(14-8)18-2)15-19(16,17)9-5-3-4-6-12-9/h3-7H,1-2H3,(H,13,15)",0,0,0,0,0,0,0,0,0,0,0,0,0,0,0,0,0,0,0,0,1,0,0,0,0,0,0,0,0,0,0,1,1,0,0,0,0,1,0,0,0,0,0,0,1,0,1,0,0,0,1,0,0,0,1,0,0,1,1,1,1,0,0,1,1,0,1,0,0,0,0,0,1,0,0,1,1,1,1,0,1,0,0,0,0,0,0,1,0,0,0,1,1,1,1,0,1,1,1,0,0,1,0,0,0,1,0,0,0,1,0,1,0,0,0,0,1,0,1,1,1,0,0,1,1,1,1,0,0,1,1,0,1,0,0,1,1,0,0,1,1,1,1,0,1,1,0,1,1,1,1,0,0,0,0,1,1,1,1,1,1,0,1,1,1,1
"InChI=1S/C11H12N4O3S/c1-19(17,18)8-4-2-7(3-5-8)14-11(16)10-9(12)6-13-15-10/h2-6H,12H2,1H3,(H,13,15)(H,14,16)",0,0,0,0,0,0,0,0,0,0,0,0,0,0,0,0,0,0,0,0,0,0,0,0,0,0,0,0,0,0,0,0,0,0,0,0,0,0,0,0,0,0,0,0,1,0,0,0,0,0,1,1,1,1,1,0,0,1,1,1,1,0,0,1,1,0,1,0,0,0,0,0,1,0,0,1,0,1,1,1,1,0,1,1,0,0,0,1,0,0,0,1,1,1,1,1,1,0,1,0,0,1,0,0,0,0,0,1,0,1,0,1,0,0,0,0,1,0,1,1,1,0,0,1,1,0,0,0,0,1,1,0,1,0,1,1,1,0,1,1,1,1,0,1,1,1,0,1,1,1,1,0,0,0,0,1,1,1,1,1,1,0,1,1,1,1
"InChI=1S/C11H12N4O3S/c1-7-4-8(11(12)16)2-3-9(7)15-19(17,18)10-5-13-6-14-10/h2-6,15H,1H3,(H2,12,16)(H,13,14)",0,0,0,0,0,0,0,0,0,0,0,0,0,0,0,0,0,0,0,0,1,0,0,0,0,0,0,0,0,0,0,1,1,0,0,0,0,0,0,0,0,0,0,0,1,0,1,0,0,1,1,0,0,1,1,0,0,1,1,1,1,0,0,1,1,0,1,0,0,0,0,0,1,0,0,1,1,1,1,1,1,0,1,1,0,0,0,1,0,0,0,1,0,1,1,1,1,0,1,0,0,1,0,0,0,1,0,1,0,1,0,1,0,0,0,0,1,0,1,1,1,0,0,1,1,0,0,0,0,1,1,0,1,0,1,1,1,0,0,1,1,1,0,1,1,1,0,1,1,1,1,0,0,1,0,1,0,1,1,1,1,0,1,1,1,1
"InChI=1S/C11H12N4O3S/c1-6(9-14-12-5-15(9)2)13-10(16)7-3-4-8(19-7)11(17)18/h3-6H,1-2H3,(H,13,16)(H,17,18)",0,0,0,0,0,0,0,0,0,0,0,0,0,0,0,0,0,0,0,0,0,0,0,0,0,0,0,0,0,0,0,0,0,0,0,1,0,1,0,0,0,0,0,0,0,0,0,0,0,0,0,1,0,0,0,0,0,0,0,0,0,0,0,0,1,0,0,0,0,0,0,0,0,0,1,1,1,1,1,1,1,0,1,0,1,0,0,1,0,0,0,1,1,1,0,1,0,0,1,0,0,0,0,0,0,0,0,1,0,1,0,0,0,0,0,0,1,0,1,1,1,1,1,1,1,0,0,0,0,1,1,0,0,0,0,1,1,0,1,1,1,1,0,1,0,1,0,1,1,1,1,0,0,1,0,1,1,1,1,1,1,0,0,1,1,1
"InChI=1S/C11H12N4O3S/c1-3-6-15-11(12-13-14-15)19-7-8-4-5-9(18-8)10(16)17-2/h3-5H,1,6-7H2,2H3",0,0,0,0,0,0,0,0,0,0,0,0,0,0,0,0,0,0,0,0,0,0,0,0,0,0,0,0,0,0,0,0,0,1,0,0,0,0,0,0,0,0,0,0,0,0,1,0,0,0,0,1,0,0,0,0,1,0,1,0,0,0,0,1,1,0,0,0,0,1,0,1,0,0,1,1,1,1,1,1,1,0,1,0,0,0,0,1,0,0,0,0,1,1,0,1,0,0,1,1,0,0,0,0,0,1,0,1,0,0,1,0,0,0,0,0,0,0,1,1,1,1,1,1,1,1,0,1,0,1,0,1,0,0,0,1,1,1,0,1,1,1,0,1,0,1,0,1,1,1,0,1,1,1,1,1,1,1,1,1,1,0,0,1,1,1
"InChI=1S/C11H12N4O3S/c1-7-11(8(2)13-12-7)15-14-9-3-5-10(6-4-9)19(16,17)18/h3-6,14H,1-2H3,(H,16,17,18)",0,0,0,0,0,0,0,0,0,0,0,0,0,0,0,0,0,0,0,0,0,0,0,0,0,0,0,0,0,0,0,0,0,0,0,0,0,0,1,1,0,0,0,0,1,0,0,1,0,0,1,1,0,0,1,0,0,1,1,1,1,0,0,1,0,0,1,0,0,0,0,0,1,0,0,1,0,1,1,1,1,0,1,0,0,0,0,1,0,0,0,0,0,1,0,1,0,0,1,0,0,1,0,0,0,1,0,0,0,0,0,1,0,0,0,0,0,0,1,1,1,0,0,1,1,0,0,0,0,1,1,0,1,0,1,1,1,0,1,1,1,1,0,0,1,1,0,1,1,1,1,0,0,0,0,1,0,1,1,1,1,0,1,1,1,1
"InChI=1S/C11H12N4O3S/c1-7-5-8(2)14-11(13-7)15-19(17,18)9-3-4-10(16)12-6-9/h3-6,9H,1-2H3,(H,13,14,15)",0,0,0,0,0,0,0,0,0,0,0,0,0,0,0,0,0,0,0,0,0,0,0,0,1,0,0,0,0,0,0,1,1,0,0,0,0,0,0,0,0,0,0,0,1,0,0,0,0,0,1,0,0,0,1,0,0,1,0,1,1,0,0,1,1,0,1,0,0,0,0,0,1,0,0,1,1,1,0,1,1,0,0,0,0,0,0,1,0,0,0,1,0,1,0,0,1,1,1,0,0,1,0,0,0,1,0,0,0,1,0,1,0,0,0,0,1,0,1,1,1,0,0,1,1,0,1,0,0,1,1,0,1,0,1,1,1,0,0,1,1,1,1,0,1,1,0,1,1,0,1,0,0,1,0,1,0,1,1,1,1,0,1,1,1,1
"InChI=1S/C11H12N4O3S/c1-8(14-16)9-2-4-10(5-3-9)15-19(17,18)11-6-12-7-13-11/h2-7,15-16H,1H3,(H,12,13)",0,0,0,0,0,0,0,0,0,0,0,0,0,0,0,0,0,0,0,0,1,0,0,1,0,0,0,0,0,0,0,1,1,0,0,0,0,0,0,0,0,0,0,0,1,0,1,0,0,1,1,0,0,1,1,0,0,1,1,1,1,0,0,1,1,0,1,0,1,0,1,0,1,0,0,1,1,1,1,1,1,0,1,0,0,0,0,1,0,0,0,0,0,1,1,1,1,0,1,0,0,1,0,0,0,1,0,1,0,0,0,1,0,0,0,0,1,0,1,1,1,0,0,1,1,0,0,0,0,1,1,0,1,0,1,1,1,0,1,1,1,1,0,0,1,1,0,1,1,0,1,0,0,0,0,1,0,1,1,1,1,0,1,1,1,1
"InChI=1S/C11H12N4O3S/c1-18-8-4-6(2-3-7(8)16)10-12-13-11-15(14-10)9(17)5-19-11/h2-4,10,12,14,16H,5H2,1H3",0,0,0,0,0,0,0,0,0,0,0,0,0,0,0,0,0,0,0,0,0,0,0,0,0,0,0,0,0,0,0,0,0,0,0,1,0,1,0,0,0,0,1,0,0,0,1,0,0,1,0,1,1,0,0,0,0,0,0,0,0,1,0,0,0,0,0,0,0,0,0,1,0,0,0,1,1,1,1,1,1,0,1,0,0,0,0,1,0,0,1,1,1,1,1,1,1,1,1,0,0,0,0,0,1,1,0,1,0,1,0,0,1,0,0,0,1,0,1,1,1,1,0,1,1,1,1,0,0,1,1,1,0,0,0,1,1,1,1,1,1,1,1,1,1,1,0,1,1,1,1,1,1,1,0,1,1,1,1,1,1,0,1,1,1,1
"InChI=1S/C11H12N4O3S/c1-6-7(4-13-15-6)10(16)12-3-2-9-14-8(5-19-9)11(17)18/h4-5H,2-3H2,1H3,(H,12,16)(H,13,15)(H,17,18)",0,0,0,0,0,0,0,0,0,0,0,0,0,0,0,0,0,0,0,0,0,0,0,0,0,0,0,0,0,0,0,0,0,0,0,1,0,0,0,0,0,0,0,0,1,0,1,0,0,1,0,1,1,0,0,0,0,0,0,0,0,0,0,0,1,0,0,0,0,0,0,0,0,0,0,1,0,1,0,1,1,0,1,0,0,0,0,1,0,1,1,1,0,1,1,1,1,0,1,1,0,0,0,0,0,0,0,1,0,1,1,0,0,0,0,0,1,1,1,1,1,0,1,1,1,0,0,0,0,1,1,0,0,0,0,1,1,1,1,1,1,1,0,1,0,1,1,0,1,1,1,0,1,1,1,1,1,1,1,1,1,0,0,1,1,1
"InChI=1S/C11H12N4O3S/c1-7-6-19-10(12-7)13-8(16)2-4-15-5-3-9(17)14-11(15)18/h3,5-6H,2,4H2,1H3,(H,12,13,16)(H,14,17,18)",0,0,0,0,0,0,0,0,0,0,0,0,0,0,0,0,0,0,0,0,0,0,0,0,0,0,0,0,0,0,0,0,0,0,0,1,1,0,0,0,0,0,0,0,1,0,1,0,0,0,0,0,0,0,0,0,0,0,0,0,0,0,0,0,1,0,0,0,0,0,0,0,0,0,1,1,1,1,0,1,1,0,1,0,1,0,0,1,1,1,0,1,0,0,0,1,1,1,1,1,0,0,0,1,0,1,0,0,0,1,1,0,1,0,0,0,1,1,1,1,1,1,0,0,1,0,1,0,0,0,1,1,1,0,1,1,1,1,1,1,1,1,1,1,1,1,1,1,1,1,0,0,1,1,1,1,1,1,1,1,1,0,1,1,1,1
"InChI=1S/C11H12N4O3S/c1-17-8-3-6(7(12)4-9(8)18-2)10(16)14-11-15-13-5-19-11/h3-5H,12H2,1-2H3,(H,14,15,16)",0,0,0,0,0,0,0,0,0,0,0,0,0,0,0,0,0,0,0,0,0,0,0,0,0,0,0,0,0,0,0,0,0,0,0,1,0,0,0,0,0,0,0,0,1,0,1,0,0,1,0,1,1,0,0,0,0,0,0,0,0,0,0,0,1,0,0,0,0,0,0,1,0,0,0,1,1,1,1,1,1,0,1,1,0,0,0,1,0,0,0,1,1,1,0,1,1,0,1,0,0,0,0,0,0,1,0,1,0,1,0,0,1,0,0,0,1,0,1,1,1,0,0,1,1,1,1,0,0,1,1,0,1,0,1,0,1,0,1,1,1,1,1,1,1,1,0,0,1,1,1,1,0,0,0,1,1,1,1,1,1,0,1,1,1,1
"InChI=1S/C11H12N4O3S/c1-6-4-9(16)14-11(13-6)19-5-7-2-3-8(18-7)10(17)15-12/h2-4H,5,12H2,1H3,(H,15,17)(H,13,14,16)",0,0,0,0,0,0,0,0,0,0,0,0,0,0,0,0,0,0,0,0,0,0,0,0,0,0,0,0,0,0,0,0,0,0,0,0,0,0,0,0,0,0,0,0,1,0,1,0,0,0,0,1,0,0,0,0,1,0,1,0,0,0,0,1,1,0,0,1,1,0,0,1,0,0,0,1,1,1,0,0,1,0,1,1,0,0,0,1,0,0,0,1,0,1,1,1,1,1,1,0,0,0,0,0,0,1,0,0,0,1,0,0,1,0,0,0,1,0,1,1,1,0,0,1,1,0,1,0,0,1,1,1,0,0,0,1,1,1,1,1,1,1,1,0,1,1,0,0,1,0,1,1,1,1,1,1,1,1,1,1,1,0,1,1,1,1
"InChI=1S/C11H12N4O3S/c1-8-4-13-9(5-12-8)6-15-19(17,18)10-2-3-11(16)14-7-10/h2-5,7,15H,6H2,1H3,(H,14,16)",0,0,0,0,0,0,0,0,0,0,0,0,0,0,0,0,0,0,0,0,0,0,0,0,0,0,0,0,0,0,0,1,1,0,0,0,0,0,0,0,0,0,0,0,1,0,0,0,0,0,1,0,0,0,1,0,0,1,1,1,1,0,0,1,1,0,1,0,0,0,0,0,1,0,0,1,0,1,1,1,1,1,0,0,0,0,0,1,0,0,0,1,0,1,0,0,1,1,1,1,0,1,0,0,0,1,0,0,0,1,1,1,1,0,0,0,1,0,1,1,1,0,0,1,1,0,1,0,0,1,1,0,0,0,0,1,1,1,1,1,1,1,1,0,1,1,0,1,1,0,1,0,1,0,1,1,1,1,1,1,1,0,1,1,1,1
"InChI=1S/C11H12N4O3S/c1-7-4-9(19(12,17)18)2-3-10(7)15-11(16)8-5-13-14-6-8/h2-6H,1H3,(H,13,14)(H,15,16)(H2,12,17,18)",0,0,0,0,0,0,0,0,0,0,0,0,0,0,0,0,0,0,0,0,0,0,0,0,0,0,0,0,0,0,0,1,1,0,0,0,0,0,0,0,0,0,0,0,1,0,0,0,0,1,1,1,1,0,1,0,0,1,1,1,1,0,0,1,1,0,1,0,0,0,0,0,1,0,0,1,0,1,0,1,1,0,1,1,0,0,0,1,0,0,0,1,0,1,0,1,1,0,1,0,0,1,0,0,0,1,0,1,0,1,0,1,0,0,0,0,1,0,1,1,1,0,0,1,1,0,0,0,0,1,1,0,1,0,1,1,1,0,0,1,1,1,0,1,1,1,0,1,1,1,1,0,0,1,0,1,0,1,1,1,1,0,1,1,1,1
"InChI=1S/C11H12N4O3S/c1-7-3-4-10(9(5-7)15(16)17)18-6-8-11(12-2)19-14-13-8/h3-5,12H,6H2,1-2H3",0,0,0,0,0,0,0,0,0,0,0,0,0,0,0,0,0,0,0,0,1,0,0,0,0,0,0,0,0,0,0,1,1,0,0,1,0,0,0,0,0,0,0,0,1,0,1,0,0,1,0,1,0,0,0,1,0,0,0,0,0,0,1,0,1,0,1,0,0,1,1,0,0,0,0,1,0,0,1,1,1,0,1,0,0,0,0,1,1,1,0,0,1,1,1,1,1,0,1,0,0,1,0,0,0,0,0,1,1,0,1,0,1,0,0,0,0,0,1,1,1,1,0,1,1,1,1,0,0,1,1,0,1,0,1,1,1,1,0,1,1,1,1,1,1,1,0,1,1,1,1,1,1,0,1,1,1,1,1,1,1,0,1,1,1,1
"InChI=1S/C11H12N4O3S/c1-2-12-9(16)5-13-7-3-4-8-10(14-6-19-8)11(7)15(17)18/h3-4,6,13H,2,5H2,1H3,(H,12,16)",0,0,0,0,0,0,0,0,0,0,0,0,0,0,0,0,0,0,0,0,0,0,0,0,0,1,0,0,0,0,0,0,0,0,0,1,0,0,0,0,0,0,0,0,1,0,1,0,0,0,0,0,0,1,0,1,0,0,0,0,0,0,1,0,1,0,0,0,0,1,1,0,0,0,0,1,0,1,1,1,1,1,1,0,0,0,0,1,0,1,1,1,0,1,1,1,1,0,1,1,0,1,0,1,1,0,0,1,0,1,1,0,0,1,0,0,1,0,1,1,1,1,0,1,1,0,0,0,1,1,1,1,1,0,1,1,1,1,1,1,1,1,0,1,1,1,0,1,1,1,1,0,1,0,1,1,1,1,1,1,1,0,1,1,1,1
"InChI=1S/C11H12N4O3S/c1-6-4-10(14(3)13-6)12-11(16)9-5-8(15(17)18)7(2)19-9/h4-5H,1-3H3,(H,12,16)",0,0,0,0,0,0,0,0,0,0,0,0,0,0,0,0,0,0,0,0,1,0,0,0,0,0,0,0,0,0,0,0,0,0,0,1,0,1,0,0,0,0,0,0,1,0,0,0,0,0,0,1,0,0,0,1,0,0,0,0,0,0,1,0,1,0,0,0,0,1,1,0,0,0,1,1,1,1,1,0,1,0,1,0,0,0,0,1,0,0,0,1,1,1,0,1,1,0,1,0,0,1,0,0,0,0,0,1,0,1,0,0,0,0,0,0,1,0,1,1,1,1,0,1,1,0,0,0,0,1,1,0,1,0,1,1,1,0,1,1,1,1,0,1,0,1,0,1,1,1,0,0,0,0,0,1,1,1,1,1,1,0,0,1,1,1
"InChI=1S/C11H12N4O3S/c1-7-9(11(17)18)10(19-14-7)13-8(16)3-6-15-5-2-4-12-15/h2,4-5H,3,6H2,1H3,(H,13,16)(H,17,18)",0,0,0,0,0,0,0,0,0,0,0,0,0,0,0,0,0,0,0,0,1,0,0,0,0,0,0,0,0,0,0,1,1,0,0,1,0,0,0,0,0,0,0,0,1,0,1,0,0,1,0,1,0,0,0,0,0,0,0,0,0,0,0,0,1,0,1,0,0,0,0,0,0,0,1,1,0,1,1,1,1,0,1,0,0,0,0,1,0,1,0,1,0,1,0,1,1,0,1,1,0,0,0,1,0,0,0,0,0,1,1,0,0,0,0,0,1,1,1,1,1,1,1,1,1,0,0,0,0,1,1,1,1,0,1,1,1,1,1,1,1,1,0,1,0,1,1,1,1,1,0,0,1,1,1,1,1,1,1,1,1,0,0,1,1,1
"InChI=1S/C11H12N4O3S/c12-10-13-11(15-14-10)19-6-5-18-8-4-2-1-3-7(8)9(16)17/h1-4H,5-6H2,(H,16,17)(H3,12,13,14,15)",0,0,0,0,0,0,0,0,0,0,0,0,0,0,0,0,0,0,0,0,0,0,0,0,1,0,0,0,0,0,0,0,0,0,0,0,0,0,0,0,0,0,1,0,0,0,1,0,0,1,0,1,0,1,0,0,0,0,1,0,0,0,0,1,1,0,0,1,1,0,0,0,0,0,0,1,1,1,1,0,1,0,1,0,0,0,0,1,1,1,1,0,0,1,0,1,0,0,1,0,0,0,0,0,0,1,0,0,1,0,0,0,1,0,0,0,0,1,1,1,1,0,1,1,1,1,1,0,0,1,1,1,1,0,1,1,1,1,1,1,0,1,1,1,1,1,1,0,0,1,1,1,1,1,1,1,1,1,1,0,1,0,1,1,1,1
"InChI=1S/C11H12N4O3S/c12-15-10(16)5-19-11-13-6-3-8-9(4-7(6)14-11)18-2-1-17-8/h3-4H,1-2,5,12H2,(H,13,14)(H,15,16)",0,0,0,0,0,0,0,0,0,0,0,0,0,0,0,0,0,0,0,0,0,0,0,0,0,1,0,0,0,0,0,0,0,0,0,0,0,0,0,0,0,0,0,0,1,0,1,0,0,0,0,1,0,1,0,0,1,0,0,0,0,0,0,1,0,0,0,0,0,0,0,1,0,0,0,1,1,1,0,0,1,0,1,1,0,0,0,1,0,1,0,1,0,1,1,1,1,1,1,0,0,0,0,1,1,1,0,0,1,1,1,0,1,0,0,0,1,1,1,1,1,0,0,1,1,0,0,0,0,1,1,1,0,0,1,0,1,1,1,1,0,1,0,1,1,1,1,0,0,0,1,1,1,0,1,1,1,1,1,0,1,0,1,1,1,1
"InChI=1S/C11H12N4O3S/c1-6-3-8(19-9(6)11(17)18)14-10(16)7(2)15-5-12-4-13-15/h3-5,7H,1-2H3,(H,14,16)(H,17,18)",0,0,0,0,0,0,0,0,0,0,0,0,0,0,0,0,0,0,0,0,1,0,0,0,0,0,0,0,0,0,0,0,0,0,0,1,0,0,0,0,0,0,0,0,1,0,1,0,0,1,0,1,0,0,0,0,0,0,0,0,0,0,0,0,1,0,0,0,0,0,0,0,0,0,1,1,1,1,1,1,1,0,1,0,0,0,0,1,0,0,0,1,0,1,1,1,1,0,1,0,0,0,0,0,0,0,0,1,0,1,0,0,0,0,0,0,1,0,1,1,1,1,1,1,1,0,0,0,0,1,1,0,1,0,1,1,1,0,1,1,1,1,0,1,0,1,0,1,1,1,1,0,0,1,0,1,1,1,1,1,1,0,0,1,1,1
"InChI=1S/C11H12N4O3S/c16-10(12-3-1-8-2-4-19-7-8)6-15-5-9(11(17)18)13-14-15/h2,4-5,7H,1,3,6H2,(H,12,16)(H,17,18)",0,0,0,0,0,0,0,0,0,0,0,0,0,0,0,0,0,0,0,0,0,0,0,0,0,0,0,0,0,0,0,0,0,0,0,1,0,0,0,0,0,0,0,0,1,0,0,0,0,1,0,1,0,0,0,0,0,0,0,0,0,0,0,0,1,0,0,0,0,1,0,0,0,0,1,1,1,1,1,1,0,0,1,0,0,0,0,1,0,1,1,1,0,1,1,1,1,0,1,1,0,0,0,1,0,0,0,0,0,1,1,0,0,0,0,0,1,1,1,1,1,1,1,1,1,0,0,1,1,1,1,1,0,0,0,1,1,1,1,1,0,1,0,0,0,1,1,1,0,0,0,0,1,1,1,1,1,1,1,0,1,0,0,1,1,1
"InChI=1S/C11H12N4O3S/c1-2-7-19-11(12)14-13-10(16)8-3-5-9(6-4-8)15(17)18/h2-6H,1,7H2,(H2,12,14)(H,13,16)",0,0,0,0,0,0,0,0,0,0,0,0,0,0,0,0,0,0,0,0,0,0,0,0,0,0,0,0,0,0,0,0,0,1,0,0,0,0,0,0,0,0,1,0,1,0,1,0,0,1,0,1,0,1,0,1,0,0,0,0,0,0,1,0,0,0,0,0,1,1,1,0,0,0,0,1,1,1,1,0,1,0,0,0,0,0,0,1,0,1,0,1,0,1,1,0,0,0,1,0,0,1,0,0,0,1,0,0,0,1,0,0,0,0,0,0,1,0,1,0,0,1,0,1,1,0,0,0,0,1,1,0,1,0,1,1,0,1,1,1,0,1,0,0,1,1,0,1,0,0,1,0,1,0,1,1,1,1,1,0,1,0,1,1,1,1
"InChI=1S/C11H12N4O3S/c1-8-2-4-9(5-3-8)19(17,18)6-10(16)14-11-12-7-13-15-11/h2-5,7H,6H2,1H3,(H2,12,13,14,15,16)",0,0,0,0,0,0,0,0,0,0,0,0,0,0,0,0,0,0,0,0,0,0,0,0,1,0,0,0,0,0,0,0,0,0,0,0,0,0,0,0,0,0,0,0,0,0,0,0,0,1,1,1,0,0,1,0,0,1,1,1,1,0,0,1,1,0,1,0,0,0,0,0,1,0,0,1,1,1,1,0,1,0,1,0,0,0,0,1,1,0,0,1,0,1,0,1,1,0,1,0,0,1,0,1,0,1,0,0,0,1,1,1,0,0,0,0,1,0,1,1,1,0,0,1,1,0,0,0,0,1,1,1,1,0,1,1,1,1,1,1,1,1,0,0,1,1,0,1,1,0,1,0,1,0,1,1,1,1,1,1,1,0,1,1,1,1
"InChI=1S/C11H12N4O3S/c1-15-7-6-10(13-15)14-19(17,18)9-4-2-8(3-5-9)11(12)16/h2-7H,1H3,(H2,12,16)(H,13,14)",0,0,0,0,0,0,0,0,0,0,0,0,0,0,0,0,0,0,0,0,0,0,0,0,0,0,0,0,0,0,0,1,1,0,0,0,0,1,0,0,0,0,0,0,1,0,0,0,0,1,1,1,0,0,1,0,0,1,1,1,1,0,0,1,1,0,1,0,0,0,0,0,1,0,1,1,1,1,1,0,1,0,1,1,0,0,0,1,0,0,0,1,1,1,0,1,1,0,1,0,0,1,0,0,0,1,0,1,0,1,0,1,0,0,0,0,1,0,1,1,1,1,0,1,1,0,0,0,0,1,1,0,1,0,1,1,1,0,0,1,1,1,0,0,1,1,0,1,1,0,1,0,0,1,0,1,0,1,1,1,1,0,1,1,1,1
"InChI=1S/C11H12N4O3S/c1-7-2-3-8(4-12-7)5-15-10(18)13-14-11(15)19-6-9(16)17/h2-4H,5-6H2,1H3,(H,13,18)(H,16,17)",0,0,0,0,0,0,0,0,0,0,0,0,0,0,0,0,0,0,0,0,0,0,0,0,0,0,0,0,0,0,0,0,0,0,0,0,1,0,0,0,0,0,0,0,1,0,1,0,0,1,0,1,0,0,0,0,0,0,1,0,0,0,0,1,1,0,0,0,0,0,0,0,0,0,1,1,1,1,1,1,1,0,1,0,1,0,0,1,0,1,0,0,0,1,1,1,0,1,1,1,0,0,0,1,0,1,0,0,0,1,0,0,1,0,0,0,1,0,1,1,1,1,1,1,1,0,1,1,0,1,1,1,0,0,0,1,1,1,1,1,1,1,1,1,1,1,0,1,1,1,0,0,1,1,1,1,1,1,1,1,1,0,1,1,1,1
"InChI=1S/C11H12N4O3S/c1-17-7-3-6(4-8(5-7)18-2)13-11-9(10(12)16)14-15-19-11/h3-5,13H,1-2H3,(H2,12,16)",0,0,0,0,0,0,0,0,0,0,0,0,0,0,0,0,0,0,0,0,1,0,0,0,0,0,0,0,0,0,0,1,1,0,0,1,0,0,0,0,0,0,0,0,1,0,1,0,0,0,0,1,1,0,0,0,0,0,0,0,0,0,0,0,1,0,1,0,0,1,0,0,0,0,0,1,0,0,1,1,1,0,1,1,0,0,0,1,1,0,0,1,1,1,1,1,1,0,1,0,0,0,0,0,0,0,0,0,0,1,0,0,1,0,0,0,1,0,1,1,1,0,0,1,1,1,1,0,0,1,1,0,1,0,1,1,1,0,0,1,1,1,1,1,1,1,0,0,1,1,1,1,0,1,0,1,1,1,1,1,1,0,1,1,1,1
"InChI=1S/C11H12N4O3S/c1-6-8(4-12-15(6)2)10(18)14-11-13-7(5-19-11)3-9(16)17/h4-5H,3H2,1-2H3,(H,16,17)(H,13,14,18)",0,0,0,0,0,0,0,0,0,0,0,0,0,0,0,0,0,0,0,0,0,0,0,0,0,0,0,0,0,0,0,0,0,0,0,1,0,0,0,0,0,0,0,0,1,0,1,0,0,1,0,1,0,0,0,0,0,0,0,0,0,0,0,0,1,0,0,0,0,0,0,0,0,0,1,1,1,1,0,1,1,0,1,0,0,0,0,1,0,0,0,1,1,1,0,1,1,0,1,0,0,0,0,1,0,1,0,1,0,1,1,0,0,0,0,0,1,0,1,1,1,1,1,1,1,0,0,0,0,1,1,1,1,0,1,1,1,0,1,1,1,1,0,1,0,1,0,1,1,1,0,0,0,1,1,1,1,1,1,1,1,0,0,1,1,1
"InChI=1S/C11H12N4O3S/c1-14-8(12)7(10(17)15(2)11(14)18)13-9(16)6-3-4-19-5-6/h3-5H,12H2,1-2H3,(H,13,16)",0,0,0,0,0,0,0,0,0,0,0,0,0,0,0,0,0,0,0,0,1,0,0,0,0,0,0,0,0,0,0,0,0,0,0,1,1,1,0,0,0,0,0,0,1,0,0,0,0,1,0,0,0,0,0,0,0,0,0,0,0,0,0,0,1,0,0,0,0,0,0,0,0,0,1,1,1,1,1,1,0,0,1,1,1,0,0,1,1,0,0,1,1,0,1,1,1,1,1,0,0,0,0,0,0,1,0,0,0,1,0,0,1,0,0,0,1,0,1,1,1,1,0,0,1,0,1,0,0,0,1,0,1,0,1,1,1,0,1,1,1,1,1,1,1,1,0,1,1,1,1,0,0,1,0,1,1,1,1,1,1,0,1,1,1,1
"InChI=1S/C11H12N4O3S/c1-18-9-4-2-3-8(5-9)7-19-11-12-13-14-15(11)6-10(16)17/h2-5H,6-7H2,1H3,(H,16,17)",0,0,0,0,0,0,0,0,0,0,0,0,0,0,0,0,0,0,0,0,0,0,0,0,0,0,0,0,0,0,0,0,0,0,0,0,0,0,0,0,0,0,0,0,0,0,1,0,0,1,0,1,0,0,0,0,0,0,1,0,0,0,0,1,1,0,0,0,0,1,0,0,0,0,1,1,1,1,1,1,1,0,1,0,0,0,0,1,0,0,0,0,1,1,1,1,1,0,1,1,0,0,0,1,0,1,0,1,0,0,1,0,1,0,0,0,0,0,1,1,1,1,1,1,1,1,1,1,0,1,1,1,0,0,0,1,1,1,1,1,1,1,1,1,1,1,0,1,1,1,0,1,1,1,1,1,1,1,1,1,1,0,1,1,1,1
"InChI=1S/C11H12N4O3S/c1-2-19-6-10-13-11(18-14-10)7-3-4-8(12)9(5-7)15(16)17/h3-5H,2,6,12H2,1H3",0,0,0,0,0,0,0,0,0,0,0,0,0,0,0,0,0,0,0,0,0,0,0,1,0,0,0,0,0,0,0,0,0,0,0,0,0,1,0,0,0,0,0,0,1,0,0,0,0,1,0,0,0,0,0,1,1,0,0,0,0,1,1,0,1,0,0,0,0,1,1,0,0,0,0,1,1,1,1,0,0,0,1,1,0,1,0,1,0,0,0,1,0,1,0,1,1,0,1,0,0,1,0,0,0,0,0,0,0,1,1,0,0,1,0,1,1,0,1,1,1,1,0,1,1,0,0,0,0,1,1,0,1,0,1,1,1,1,0,1,1,1,0,1,1,1,0,1,1,1,1,0,1,0,1,1,1,1,1,1,1,0,1,1,1,1
"InChI=1S/C11H12N4O3S/c1-19(17,18)5-4-15-7-9(8-16)11(14-15)10-6-12-2-3-13-10/h2-3,6-8H,4-5H2,1H3",0,0,0,0,0,0,0,0,0,0,0,0,0,0,0,0,0,0,0,0,0,0,0,0,0,0,0,0,0,0,0,0,0,0,0,0,0,0,0,0,0,0,0,0,1,0,0,0,0,1,1,1,0,0,1,0,0,1,0,1,1,1,0,0,1,0,1,0,0,0,0,0,1,0,1,1,0,1,1,1,0,0,1,0,0,1,0,1,0,0,0,0,1,1,0,1,1,1,1,1,0,1,0,0,0,0,0,0,0,0,1,1,0,0,1,1,0,1,1,1,1,1,0,1,1,0,0,0,0,1,0,1,0,0,0,1,1,1,0,1,1,1,0,1,1,1,1,1,1,1,0,0,1,1,1,1,0,1,1,1,1,0,1,1,1,1
"InChI=1S/C11H12N4O3S/c12-11(16)9-3-1-2-8(4-9)5-15-19(17,18)10-6-13-7-14-10/h1-4,6-7,15H,5H2,(H2,12,16)(H,13,14)",0,0,0,0,0,0,0,0,0,0,0,0,0,0,0,0,0,0,0,0,1,0,0,0,0,0,0,0,0,0,0,1,1,0,0,0,0,0,0,0,0,0,1,0,1,0,1,0,0,1,1,0,0,1,1,0,0,1,1,1,1,0,0,1,1,0,1,0,0,0,0,0,1,0,0,1,1,1,1,1,1,1,1,0,0,0,0,1,0,0,1,1,0,1,1,1,1,0,1,1,0,1,0,0,0,1,0,0,0,1,0,1,0,0,0,0,1,0,1,1,1,0,0,1,1,0,0,0,0,1,1,0,0,0,0,1,1,1,1,1,0,1,0,0,1,1,0,1,0,0,1,0,1,0,1,1,1,1,1,0,1,0,1,1,1,1
"InChI=1S/C11H12N4O3S/c1-7(6-10(17)18)19-11-12-13-14-15(11)8-2-4-9(16)5-3-8/h2-5,7,16H,6H2,1H3,(H,17,18)",0,0,0,0,0,0,0,0,0,0,0,0,0,0,0,0,0,0,0,0,0,0,0,0,0,0,0,0,0,0,0,0,0,0,0,0,0,0,0,0,0,0,0,0,1,0,1,0,0,0,0,1,0,0,0,0,0,0,1,0,0,1,0,1,1,0,0,0,0,1,0,0,0,0,1,1,1,1,1,1,1,0,1,0,0,0,0,1,0,0,0,0,0,1,0,1,0,0,1,0,0,0,0,1,0,1,0,0,0,0,0,0,1,0,1,0,0,0,1,1,1,1,1,1,1,0,1,0,0,1,1,1,1,0,1,1,1,0,1,1,1,1,1,1,1,1,0,1,1,1,0,1,0,1,1,1,1,1,1,1,1,0,1,1,1,1
"InChI=1S/C11H12N4O3S/c1-12-11(16)8-4-2-3-5-9(8)15-19(17,18)10-6-13-7-14-10/h2-7,15H,1H3,(H,12,16)(H,13,14)",0,0,0,0,0,0,0,0,0,0,0,0,0,0,0,0,0,0,0,0,1,0,0,0,0,0,0,0,0,0,0,1,1,0,0,0,0,0,0,0,0,0,0,0,1,0,1,0,0,1,1,0,1,1,1,0,0,1,1,1,1,0,0,1,1,0,1,0,0,0,0,0,1,0,0,1,1,1,1,1,1,0,1,0,0,0,0,1,0,0,0,1,1,1,1,1,1,0,1,0,0,1,0,0,0,1,0,1,0,1,0,1,0,0,0,0,1,0,1,1,1,0,0,1,1,0,0,0,0,1,1,0,1,0,1,1,1,0,1,1,1,1,0,1,1,1,0,1,1,1,1,0,0,0,0,1,1,1,1,1,1,0,1,1,1,1
"InChI=1S/C11H12N4O3S/c1-2-18-9(16)3-8-6-19-11(14-8)15-10(17)7-4-12-13-5-7/h4-6H,2-3H2,1H3,(H,12,13)(H,14,15,17)",0,0,0,0,0,0,0,0,0,0,0,0,0,0,0,0,0,0,0,0,0,0,0,0,0,0,0,0,0,0,0,0,0,0,0,1,0,0,0,0,0,0,0,0,1,0,1,0,0,1,0,1,1,0,0,0,0,0,0,0,0,0,0,0,1,0,0,0,0,0,0,0,0,0,0,1,1,1,0,1,1,0,1,0,0,0,0,1,0,0,0,1,0,1,0,1,1,0,1,0,0,0,0,0,0,1,0,1,1,1,1,0,0,1,0,0,1,0,1,1,1,0,1,1,1,1,0,0,1,1,1,1,1,0,1,1,1,1,1,1,1,1,0,0,0,1,0,0,1,0,1,0,1,1,1,1,1,1,1,1,1,0,0,1,1,1
"InChI=1S/C11H12N4O3S/c1-6-7(2)19-11(13-6)14-9(16)5-15-8(10(17)18)3-4-12-15/h3-4H,5H2,1-2H3,(H,17,18)(H,13,14,16)",0,0,0,0,0,0,0,0,0,0,0,0,0,0,0,0,0,0,0,0,0,0,0,0,0,0,0,0,0,0,0,0,0,0,0,1,0,0,0,0,0,0,0,0,1,0,1,0,0,0,0,1,0,0,0,0,0,0,0,0,0,0,0,0,1,0,0,0,0,0,0,0,0,0,1,1,1,1,1,1,1,0,1,0,0,0,0,1,0,0,1,1,0,1,1,1,1,0,1,1,0,0,0,1,0,1,0,0,0,1,1,0,0,0,0,0,1,0,1,1,1,1,1,1,1,0,0,0,0,1,1,1,1,0,1,1,1,1,1,1,1,1,0,1,0,1,0,1,1,1,0,0,1,1,1,1,1,1,1,1,1,0,0,1,1,1
"InChI=1S/C11H12N4O3S/c12-4-2-5-15(8-10-3-1-6-18-10)19(16,17)11-7-13-9-14-11/h1,3,6-7,9H,2,5,8H2,(H,13,14)",0,0,0,0,0,0,0,0,0,0,0,0,0,0,0,0,0,0,0,0,1,0,0,0,0,0,0,0,0,0,0,1,1,0,0,0,0,0,0,0,1,0,0,0,1,0,1,0,0,0,1,0,0,0,1,0,1,1,1,1,1,0,0,1,1,0,1,0,0,0,0,0,1,0,0,1,1,1,1,1,1,0,1,0,0,1,0,1,0,0,1,0,0,1,1,1,1,0,1,1,0,1,0,0,0,1,0,0,0,0,1,1,0,0,0,0,1,1,1,1,1,1,0,1,1,0,0,0,1,1,1,1,0,0,0,1,1,1,0,1,0,1,0,0,0,1,1,1,0,0,1,1,1,0,1,1,1,1,1,0,1,0,0,1,1,1
"InChI=1S/C11H12N4O3S/c1-5-7-9(15(2)3-6(12)16)13-4-14-10(7)19-8(5)11(17)18/h4H,3H2,1-2H3,(H2,12,16)(H,17,18)",0,0,0,0,0,0,0,0,0,0,0,0,0,0,0,0,0,0,0,0,1,0,0,0,0,1,0,0,0,0,0,0,0,0,0,1,0,1,0,0,0,0,1,0,1,0,1,0,0,1,0,0,0,0,0,0,0,0,0,0,0,0,0,0,1,0,0,0,0,0,0,0,0,0,0,1,1,1,1,1,1,0,1,0,1,1,0,1,0,0,0,1,1,0,1,1,0,1,1,1,0,0,0,1,1,0,0,1,0,1,1,0,0,0,1,0,1,0,1,1,1,1,1,0,1,0,0,0,0,0,1,1,1,0,1,1,1,1,1,1,1,1,0,1,1,1,0,1,1,1,1,0,1,1,1,1,1,1,1,1,1,0,1,1,1,1
"InChI=1S/C11H12N4O3S/c1-7-12-11(14-13-7)19-6-8-3-4-10(18-2)9(5-8)15(16)17/h3-5H,6H2,1-2H3,(H,12,13,14)",0,0,0,0,0,0,0,0,0,0,0,0,0,0,0,0,0,0,0,0,0,0,0,0,0,0,0,0,0,0,0,0,0,0,0,0,0,1,0,0,0,0,0,0,1,0,1,0,0,1,0,1,0,0,0,1,0,0,1,0,0,0,1,1,1,0,0,0,0,1,1,0,0,0,0,1,1,1,1,0,1,0,1,0,0,0,0,1,1,0,1,0,1,1,1,1,0,0,1,0,0,1,0,0,0,1,0,1,0,0,0,0,1,0,0,0,0,0,1,1,1,1,0,1,1,1,1,0,0,1,1,0,1,0,1,1,1,1,0,1,1,1,1,1,1,1,0,1,1,1,1,1,1,0,1,1,1,1,1,1,1,0,1,1,1,1
"InChI=1S/C11H12N4O3S/c12-11(16)9-1-3-10(4-2-9)19(17,18)15-7-8-5-13-14-6-8/h1-6,15H,7H2,(H2,12,16)(H,13,14)",0,0,0,0,0,0,0,0,0,0,0,0,0,0,0,0,0,0,0,0,0,0,0,0,0,0,0,0,0,0,0,1,1,0,0,0,0,0,0,0,0,0,0,0,1,0,0,0,0,1,1,1,1,0,1,0,0,1,1,1,1,0,0,1,1,0,1,0,0,0,0,0,1,0,0,1,0,1,0,1,1,1,1,1,0,0,0,1,0,1,1,1,0,1,0,1,0,0,1,1,0,1,0,0,0,1,0,0,0,1,0,1,0,0,0,0,1,0,1,1,1,0,0,1,1,0,0,0,0,1,1,0,0,0,0,1,1,1,0,1,0,1,0,0,1,1,0,1,0,0,1,0,1,1,1,1,0,1,1,0,1,0,1,1,1,1
"InChI=1S/C11H12N4O3S/c1-7-6-9(19-10(7)11(17)18)13-8(16)2-4-15-5-3-12-14-15/h3,5-6H,2,4H2,1H3,(H,13,16)(H,17,18)",0,0,0,0,0,0,0,0,0,0,0,0,0,0,0,0,0,0,0,0,1,0,0,0,0,0,0,0,0,0,0,0,0,0,0,1,0,0,0,0,0,0,0,0,1,0,1,0,0,1,0,1,0,0,0,0,0,0,0,0,0,0,0,0,1,0,0,0,0,1,0,0,0,0,1,1,1,1,0,1,1,0,1,0,0,0,0,1,0,1,0,1,0,1,0,1,1,0,1,1,0,0,0,1,0,0,0,0,0,1,1,0,0,0,0,0,1,1,1,1,1,1,1,1,1,0,0,0,0,1,1,1,1,0,1,1,1,1,1,1,1,1,0,1,0,1,1,1,1,1,0,0,1,1,1,1,1,1,1,1,1,0,0,1,1,1
"InChI=1S/C11H12N4O3S/c1-2-12-11(18)14-8(16)5-15-6-13-9-7(10(15)17)3-4-19-9/h3-4,6H,2,5H2,1H3,(H2,12,14,16,18)",0,0,0,0,0,0,0,0,0,0,0,0,0,0,0,0,0,0,0,0,1,0,0,0,0,1,0,0,0,0,0,0,0,0,0,1,1,0,0,0,0,0,0,0,1,0,1,0,0,1,0,0,1,0,0,0,0,0,0,0,0,0,0,0,1,0,0,0,0,0,0,0,0,0,1,1,1,1,1,1,1,0,1,0,1,0,0,1,1,1,1,1,0,0,1,1,1,1,1,1,0,0,0,1,1,1,0,0,0,1,1,0,1,1,0,0,1,0,1,1,1,1,0,0,1,0,1,0,0,0,1,1,0,0,0,1,1,1,1,1,1,1,1,1,1,1,0,1,1,1,0,0,1,1,1,1,1,1,1,1,1,0,1,1,1,1
"InChI=1S/C11H12N4O3S/c1-12-9(16)8-10(17)15-19-11(8)14-6-3-7(18-2)5-13-4-6/h3-5,14H,1-2H3,(H,12,16)(H,15,17)",0,0,0,0,0,0,0,0,0,0,0,0,0,0,0,0,0,0,0,0,1,0,0,0,0,0,0,0,0,0,0,1,1,0,0,1,0,0,0,0,0,0,0,0,1,0,1,0,0,1,0,0,1,0,0,0,0,0,0,0,0,0,0,0,1,0,1,0,0,0,0,0,0,0,0,1,0,1,1,1,1,0,1,0,0,0,0,1,1,0,0,1,1,1,1,1,1,1,1,0,0,0,0,0,0,0,0,0,0,1,0,0,1,0,0,0,1,0,1,1,1,0,0,1,1,1,1,0,0,1,1,0,1,0,1,1,1,0,1,1,1,1,1,1,1,1,0,0,1,1,1,1,0,1,0,1,1,1,1,1,1,0,1,1,1,1
"InChI=1S/C11H12N4O3S/c1-7(16)13-14-9(17)4-5-10-12-11(15-18-10)8-3-2-6-19-8/h2-3,6H,4-5H2,1H3,(H,13,16)(H,14,17)",0,0,0,0,0,0,0,0,0,0,0,0,0,0,0,0,0,0,0,0,0,0,0,1,0,0,0,0,0,0,0,0,0,0,0,1,0,1,0,0,0,0,0,0,0,0,0,0,0,0,0,1,0,0,0,0,1,0,0,0,0,1,0,0,1,0,0,0,0,0,1,0,0,0,0,1,1,1,1,0,1,0,1,0,0,0,0,1,0,1,0,1,0,1,1,1,0,0,1,0,0,1,0,1,0,0,0,0,0,1,1,0,0,0,0,0,1,1,1,1,1,0,0,1,1,0,0,0,0,1,1,1,0,0,0,0,1,0,1,1,1,1,0,0,0,1,1,0,1,0,0,0,0,0,1,1,1,1,1,1,1,0,0,1,1,1
"InChI=1S/C11H12N4O3S/c1-2-19-6-10-13-11(18-14-10)8-4-3-7(15(16)17)5-9(8)12/h3-5H,2,6,12H2,1H3",0,0,0,0,0,0,0,0,0,0,0,0,0,0,0,0,0,0,0,0,0,0,0,1,0,0,0,0,0,0,0,0,0,0,0,0,0,1,0,0,0,0,0,0,1,0,0,0,0,1,0,0,0,0,0,1,1,0,0,0,0,1,1,0,1,0,0,0,0,1,1,0,0,0,0,1,1,1,1,1,0,0,1,1,0,1,0,1,0,0,0,1,0,1,0,1,1,0,1,0,0,1,0,0,0,0,0,0,0,1,1,0,0,1,0,1,1,0,1,1,1,1,0,1,1,0,0,0,0,1,1,0,1,0,1,1,1,1,0,1,1,1,0,1,1,1,0,1,1,1,1,0,1,0,1,1,1,1,1,1,1,0,1,1,1,1
"InChI=1S/C11H12N4O3S/c1-7-8(10(16)17)9(14-11(18)13-7)19-6-5-15-4-2-3-12-15/h2-4,8H,5-6H2,1H3,(H,16,17)",0,0,0,0,0,0,0,0,0,0,0,0,0,0,0,0,0,0,0,0,0,0,0,0,0,0,0,0,0,0,0,0,0,0,0,0,1,0,0,0,0,0,0,0,1,0,1,0,0,0,0,1,0,0,0,0,0,0,0,0,0,0,0,1,1,0,0,0,0,0,0,0,0,0,1,0,1,1,0,0,1,0,1,0,0,0,0,1,0,0,0,0,0,1,0,1,1,1,1,1,0,0,0,0,0,1,0,0,0,1,1,0,0,0,0,0,1,1,1,1,1,1,1,1,1,0,1,0,0,1,1,0,0,0,0,1,1,1,1,1,1,1,1,0,1,1,1,1,1,1,0,0,1,1,1,1,1,1,1,1,1,0,1,1,1,1
"InChI=1S/C11H12N4O3S/c16-9(12-8-4-5-17-15-8)6-19-11-14-13-10(18-11)7-2-1-3-7/h4-5,7H,1-3,6H2,(H,12,15,16)",0,0,0,0,0,0,0,0,0,0,1,0,0,0,0,0,0,0,0,0,0,0,0,1,0,0,0,0,0,0,0,0,0,0,0,0,0,1,0,0,0,0,0,0,0,0,1,0,0,0,0,1,0,0,0,0,1,0,1,0,0,1,0,1,1,0,0,0,0,0,1,0,0,0,0,0,1,1,0,0,1,0,1,0,0,0,0,1,0,0,1,1,0,1,1,1,1,0,1,0,0,1,0,0,0,1,0,0,0,1,1,0,0,0,0,0,1,1,1,1,1,0,0,1,1,0,0,0,0,1,1,1,1,0,0,1,1,1,0,1,0,1,0,0,0,1,1,0,0,0,1,0,1,1,1,1,1,1,1,0,1,0,0,1,1,1
"InChI=1S/C11H12N4O3S/c1-6(9-14-7(5-19-9)11(17)18)13-8-10(16)15(2)4-3-12-8/h3-6H,1-2H3,(H,12,13)(H,17,18)",0,0,0,0,0,0,0,0,0,0,0,0,0,0,0,0,0,0,0,0,0,0,0,0,0,0,0,0,0,0,0,0,0,0,0,1,0,1,0,0,0,0,0,0,1,0,1,0,0,0,0,0,0,0,0,0,0,0,0,0,0,0,0,0,1,0,0,0,0,0,0,0,0,0,1,1,1,1,1,0,1,0,1,0,1,0,0,1,0,0,0,1,1,0,1,1,0,1,1,0,0,0,0,0,0,0,0,1,0,1,0,0,0,0,0,0,1,0,1,1,1,1,1,0,1,0,1,0,0,0,1,0,1,0,0,1,1,0,1,1,1,1,1,0,1,1,0,1,1,1,1,0,0,1,0,1,1,1,1,1,1,0,1,1,1,1
"InChI=1S/C11H12N4O3S/c16-9(5-15-7-19-6-10(15)17)13-14-11(18)8-2-1-3-12-4-8/h1-4H,5-7H2,(H,13,16)(H,14,18)",0,0,0,0,0,0,0,0,0,0,0,0,0,0,0,0,0,0,0,0,0,0,0,0,0,0,0,1,0,0,0,0,0,0,0,1,0,0,0,0,0,0,0,0,1,0,1,0,0,1,0,1,0,0,0,0,0,0,0,0,0,0,0,0,1,0,0,0,0,0,0,0,0,0,1,1,0,1,1,1,0,0,1,0,1,1,0,1,0,0,1,1,0,1,1,1,1,1,1,1,0,0,0,1,0,0,0,0,0,1,1,0,0,0,0,0,1,0,1,1,1,1,0,1,1,0,1,0,1,1,1,1,0,0,0,1,1,1,1,1,0,1,1,0,1,1,0,1,0,1,0,0,1,1,1,1,1,1,1,0,1,0,1,1,1,1
"InChI=1S/C11H12N4O3S/c1-19(17,18)10-5-3-2-4-9(10)14-11(16)6-15-8-12-7-13-15/h2-5,7-8H,6H2,1H3,(H,14,16)",0,0,0,0,0,0,0,0,0,0,0,0,0,0,0,0,0,0,0,0,0,0,0,0,0,0,0,0,0,0,0,0,0,0,0,0,0,0,0,0,0,0,0,0,1,0,0,0,0,0,1,1,0,0,1,0,0,1,1,1,1,0,0,1,1,0,1,0,0,0,0,0,1,0,1,1,1,1,1,1,1,0,1,0,0,0,0,1,0,0,0,1,1,1,1,1,1,0,1,1,0,1,0,1,0,0,0,1,0,1,1,1,0,0,0,0,1,0,1,1,1,1,0,1,1,0,0,0,0,1,1,1,1,0,1,1,1,1,1,1,1,1,0,1,1,1,0,1,1,1,0,0,1,0,1,1,1,1,1,1,1,0,1,1,1,1
"InChI=1S/C11H12N4O3S/c16-10-7-19(17,18)6-9(10)15-13-11(12-14-15)8-4-2-1-3-5-8/h1-5,9-10,16H,6-7H2",0,0,0,0,0,0,0,0,0,0,0,0,0,0,0,0,0,0,0,0,0,0,0,0,0,0,0,0,0,0,0,0,0,0,0,1,0,1,0,0,0,0,0,0,0,0,0,0,0,1,1,1,0,0,1,0,0,1,0,1,1,1,0,0,1,0,1,0,0,1,0,0,1,0,1,1,1,1,1,1,0,0,1,0,0,1,0,1,1,1,0,0,0,1,1,1,1,0,1,0,0,1,0,1,0,0,0,0,0,0,1,1,0,0,0,0,0,0,1,1,1,1,0,1,1,0,1,0,0,1,1,1,1,0,0,1,1,1,1,1,0,1,1,0,1,1,0,1,0,1,0,1,1,0,0,1,1,1,1,0,1,0,1,1,1,1
"InChI=1S/C11H12N4O3S/c12-14-13-10-5-1-2-6-11(10)19(17,18)15-7-3-4-9(15)8-16/h1-2,5-6,8-9H,3-4,7H2",0,0,0,0,0,0,0,0,0,0,0,0,0,0,0,0,0,0,0,0,0,0,0,0,0,0,0,0,0,0,0,1,1,0,0,0,0,0,0,0,0,0,0,0,1,0,0,0,0,0,1,1,0,0,1,0,0,1,1,1,1,0,0,1,0,0,1,0,0,1,0,0,1,0,1,1,1,0,0,1,1,0,1,0,0,0,0,1,0,0,0,0,0,1,1,1,1,0,1,1,0,1,0,0,0,1,0,0,0,0,1,1,0,0,0,0,1,0,1,1,1,1,0,1,1,0,0,0,0,1,0,0,1,0,1,1,1,1,0,1,0,1,0,1,1,1,0,1,0,1,0,0,1,1,0,1,0,1,1,0,1,0,1,1,1,1
"InChI=1S/C11H12N4O3S/c1-7-6-10(14-13-7)15-19(17,18)9-4-2-8(3-5-9)11(12)16/h2-6H,1H3,(H2,12,16)(H2,13,14,15)",0,0,0,0,0,0,0,0,0,0,0,0,0,0,0,0,0,0,0,0,0,0,0,0,0,0,0,0,0,0,0,1,1,0,0,0,0,1,0,0,0,0,0,0,1,0,0,0,0,1,1,1,0,1,1,0,0,1,1,1,1,0,0,1,1,0,1,0,0,0,0,0,1,0,0,1,1,1,1,0,1,0,1,1,0,0,0,1,0,0,0,1,0,1,0,1,1,0,1,0,0,1,0,0,0,1,0,0,0,1,0,1,0,0,0,0,1,0,1,1,1,0,0,1,1,0,0,0,0,1,1,0,1,0,1,1,1,0,0,1,1,1,0,0,1,1,0,1,1,0,1,0,0,1,0,1,0,1,1,1,1,0,1,1,1,1
"InChI=1S/C11H12N4O3S/c1-19(17,18)10-4-2-9(3-5-10)11(14-16)6-15-8-12-7-13-15/h2-5,7-8,16H,6H2,1H3",0,0,0,0,0,0,0,0,0,0,0,0,0,0,0,0,0,0,0,0,0,0,0,1,0,0,0,0,0,0,0,0,0,0,0,0,0,0,0,0,0,0,0,0,0,0,0,0,0,1,1,1,0,0,1,0,0,1,1,1,1,0,0,1,1,0,1,0,1,0,1,0,1,0,1,1,1,1,1,1,1,0,1,0,0,0,0,1,0,1,0,0,1,1,0,1,1,0,1,1,0,1,0,0,0,0,0,1,0,0,1,1,0,0,0,0,0,0,1,1,1,1,0,1,1,0,0,0,0,1,1,0,0,0,0,1,1,1,1,1,1,1,0,0,1,1,0,1,1,0,0,0,1,0,1,1,0,1,1,1,1,0,1,1,1,1
"InChI=1S/C11H12N4O3S/c1-14(5-8-6-19-7-12-8)11-9(15(16)17)3-4-10(13-11)18-2/h3-4,6-7H,5H2,1-2H3",0,0,0,0,0,0,0,0,0,0,0,0,0,0,0,0,0,0,0,0,1,0,0,0,0,0,0,0,0,0,0,0,0,0,0,1,0,1,0,0,0,0,0,0,1,0,1,0,0,0,0,0,0,0,0,1,0,0,0,0,0,0,1,0,1,0,0,0,0,1,1,0,0,0,0,1,1,1,1,0,0,0,1,0,1,1,0,1,0,0,0,1,1,1,0,1,1,1,1,1,0,1,0,0,0,0,0,1,0,1,1,0,1,0,1,0,1,0,1,1,1,1,0,1,1,1,1,0,0,1,0,0,1,0,1,1,1,1,0,1,1,1,1,1,1,1,0,1,1,1,0,0,1,0,1,1,1,1,1,1,1,0,1,1,1,1
"InChI=1S/C11H12N4O3S/c1-15-7-8(6-13-15)19(17,18)14-10-5-3-2-4-9(10)11(12)16/h2-7,14H,1H3,(H2,12,16)",0,0,0,0,0,0,0,0,0,0,0,0,0,0,0,0,0,0,0,0,0,0,0,0,0,0,0,0,0,0,0,1,1,0,0,0,0,0,0,0,0,0,1,0,1,0,0,0,0,1,1,1,1,0,1,0,0,1,1,1,1,0,0,1,1,0,1,0,0,0,0,0,1,0,1,1,0,1,0,1,1,0,1,0,0,0,0,1,0,0,0,1,1,1,0,1,1,0,1,0,0,1,0,0,0,1,0,0,0,1,0,1,0,0,0,0,1,0,1,1,1,1,0,1,1,0,0,0,0,1,1,0,1,0,1,1,1,0,1,1,1,1,0,1,1,1,0,1,1,1,1,0,0,0,0,1,1,1,1,1,1,0,1,1,1,1
"InChI=1S/C11H12N4O3S/c1-7(16)8-3-4-10(9(5-8)15(17)18)19-11-13-12-6-14(11)2/h3-7,16H,1-2H3",0,0,0,0,0,0,0,0,0,0,0,0,0,0,0,0,0,0,0,0,0,0,0,0,0,0,0,0,0,0,0,0,0,0,0,0,0,0,0,0,0,0,0,0,1,0,1,0,0,1,0,1,0,0,0,1,0,0,1,0,0,0,1,1,1,0,0,0,0,1,1,0,0,0,1,1,1,1,1,0,1,0,1,0,1,0,0,1,0,0,0,0,1,1,0,1,0,0,1,0,0,1,0,0,0,1,0,1,0,0,0,0,0,0,0,0,0,0,1,1,1,1,0,1,1,0,0,0,0,1,1,0,1,0,1,1,1,0,1,1,1,1,0,1,1,1,0,1,1,1,0,1,0,0,0,1,1,1,1,1,1,0,1,1,1,1
"InChI=1S/C11H12N4O3S/c1-7-9(10(11(12)16)14-13-7)15-19(17,18)8-5-3-2-4-6-8/h2-6,15H,1H3,(H2,12,16)(H,13,14)",0,0,0,0,0,0,0,0,0,0,0,0,0,0,0,0,0,0,0,0,0,0,0,0,0,0,0,0,0,0,0,1,1,0,0,0,0,0,0,0,0,0,0,0,1,0,0,0,0,0,1,1,1,1,1,0,0,1,1,1,1,0,0,1,1,0,1,0,0,0,0,0,1,0,0,1,0,1,1,1,1,0,1,1,0,0,0,1,0,0,0,1,0,1,1,1,1,0,1,0,0,1,0,0,0,1,0,0,0,1,0,1,0,0,0,0,1,0,1,1,1,0,0,1,1,0,0,0,0,1,1,0,1,0,1,1,1,0,0,1,1,1,0,1,1,1,0,1,1,1,1,0,0,1,0,1,0,1,1,1,1,0,1,1,1,1
"InChI=1S/C11H12N4O3S/c1-7-3-4-8(19(2,17)18)5-9(7)10(16)14-11-12-6-13-15-11/h3-6H,1-2H3,(H2,12,13,14,15,16)",0,0,0,0,0,0,0,0,0,0,0,0,0,0,0,0,0,0,0,0,0,0,0,0,1,0,0,0,0,0,0,0,0,0,0,0,0,0,0,0,0,0,0,0,0,0,0,0,0,1,1,1,0,0,1,0,0,1,1,1,1,0,0,1,1,0,1,0,0,0,0,0,1,0,0,1,1,1,1,0,1,0,1,0,0,0,0,1,0,0,0,1,1,1,0,1,1,0,1,0,0,1,0,0,0,1,0,1,0,1,0,1,0,0,0,0,1,0,1,1,1,0,0,1,1,0,0,0,0,1,1,0,1,0,1,1,1,0,1,1,1,1,0,1,1,1,0,1,1,1,1,0,0,0,0,1,1,1,1,1,1,0,1,1,1,1
"InChI=1S/C11H12N4O3S/c1-15-7-8(6-13-15)11(16)14-9-4-2-3-5-10(9)19(12,17)18/h2-7H,1H3,(H,14,16)(H2,12,17,18)",0,0,0,0,0,0,0,0,0,0,0,0,0,0,0,0,0,0,0,0,0,0,0,0,0,0,0,0,0,0,0,1,1,0,0,0,0,0,0,0,0,0,0,0,1,0,0,0,0,1,1,1,0,0,1,0,0,1,1,1,1,0,0,1,1,0,1,0,0,0,0,0,1,0,1,1,0,1,0,1,1,0,1,1,0,0,0,1,0,0,0,1,1,1,0,1,1,0,1,0,0,1,0,0,0,1,0,0,0,1,0,1,0,0,0,0,1,0,1,1,1,1,0,1,1,0,0,0,0,1,1,0,1,0,1,1,1,0,1,1,1,1,0,1,1,1,0,1,1,1,1,0,0,0,0,1,1,1,1,1,1,0,1,1,1,1
"InChI=1S/C11H12N4O3S/c1-18-10-5-3-2-4-9(10)15-19(16,17)8-6-13-11(12)14-7-8/h2-7,15H,1H3,(H2,12,13,14)",0,0,0,0,0,0,0,0,0,0,0,0,0,0,0,0,0,0,0,0,0,0,0,0,1,0,0,0,0,0,0,1,1,0,0,0,0,0,0,0,0,0,1,0,1,0,0,0,0,0,1,0,1,0,1,0,0,1,1,1,1,0,0,1,1,0,1,0,0,0,0,0,1,0,0,1,1,1,0,1,1,0,0,0,0,0,0,1,0,0,0,0,1,1,1,0,1,1,1,0,0,1,0,0,0,1,0,1,0,0,0,1,1,0,0,0,1,0,1,1,1,0,0,1,1,1,1,0,0,1,1,0,1,0,1,1,1,0,0,1,1,1,1,1,1,1,0,1,1,1,1,1,0,0,0,1,1,1,1,1,1,0,1,1,1,1
"InChI=1S/C11H12N4O3S/c12-10-13-11(15-14-10)19-6-5-18-8-3-1-7(2-4-8)9(16)17/h1-4H,5-6H2,(H,16,17)(H3,12,13,14,15)",0,0,0,0,0,0,0,0,0,0,0,0,0,0,0,0,0,0,0,0,0,0,0,0,1,0,0,0,0,0,0,0,0,0,0,0,0,0,0,0,0,0,1,0,0,0,1,0,0,1,0,1,0,1,0,0,0,0,1,0,0,0,0,1,1,0,0,1,1,0,0,0,0,0,0,1,1,1,1,0,1,0,1,0,0,0,0,1,0,1,1,0,0,1,0,1,0,0,1,0,0,0,0,0,0,1,0,0,1,0,0,0,1,0,0,0,0,1,1,1,1,0,1,1,1,1,1,0,0,1,1,1,1,0,1,1,1,1,1,1,0,1,1,0,1,1,1,0,0,0,1,1,1,1,1,1,1,1,1,0,1,0,1,1,1,1
"InChI=1S/C11H12N4O3S/c1-7-13-14-11(18-7)19-6-8-3-4-9(12-2)10(5-8)15(16)17/h3-5,12H,6H2,1-2H3",0,0,0,0,0,0,0,0,0,0,0,0,0,0,0,0,0,0,0,0,0,0,0,0,0,0,0,0,0,0,0,0,0,0,0,0,0,0,0,0,0,0,0,0,1,0,1,0,0,1,0,1,0,0,0,1,1,0,1,0,0,0,1,1,1,0,0,0,0,1,1,0,0,0,0,1,0,1,1,0,1,0,1,0,0,0,0,1,0,0,0,1,1,1,1,1,1,0,1,0,0,1,0,0,0,1,0,1,0,1,0,0,0,0,0,0,1,0,1,1,1,1,0,1,1,0,0,0,0,1,1,0,1,0,1,1,1,1,0,1,1,1,0,1,1,1,0,1,1,1,1,0,1,0,1,1,1,1,1,1,1,0,1,1,1,1
"InChI=1S/C11H12N4O3S/c1-7-3-9(15-18-7)14-10(16)6-17-8-4-12-11(19-2)13-5-8/h3-5H,6H2,1-2H3,(H,14,15,16)",0,0,0,0,0,0,0,0,0,0,0,0,0,0,0,0,0,0,0,0,0,0,0,1,0,0,0,0,0,0,0,0,0,0,0,0,0,1,0,0,0,0,0,0,1,0,1,0,0,0,0,0,0,0,0,0,1,0,1,0,0,0,0,1,1,0,0,0,0,0,1,1,0,0,0,1,1,1,0,0,1,0,1,0,0,0,0,1,0,0,1,1,1,1,1,1,1,1,1,0,0,1,0,0,0,1,0,1,1,1,1,0,1,0,0,0,1,0,1,1,1,0,0,1,1,1,1,0,0,1,1,1,1,0,0,1,1,1,0,1,1,1,1,0,1,1,0,0,1,0,1,1,1,1,1,1,1,1,1,1,1,0,1,1,1,1
"InChI=1S/C11H12N4O3S/c12-8(19)5-14-10(17)11(18)15-7-3-1-6(2-4-7)9(13)16/h1-4H,5H2,(H2,12,19)(H2,13,16)(H,14,17)(H,15,18)",0,0,0,0,0,0,0,0,0,0,0,0,0,0,0,0,0,0,0,0,0,0,0,0,0,0,0,0,0,0,0,0,0,0,0,0,0,0,0,0,0,0,1,0,1,0,1,0,0,1,0,0,0,1,0,0,0,0,0,0,0,0,0,0,0,0,0,0,0,0,0,1,0,0,0,1,0,1,1,0,1,1,0,1,0,0,0,1,0,0,1,1,0,0,1,0,0,0,1,1,0,0,0,1,0,0,0,0,0,1,1,0,0,0,0,0,1,0,1,0,0,0,0,0,1,0,0,0,0,0,1,0,1,0,1,1,0,1,1,1,0,1,0,0,1,1,0,0,0,0,1,0,1,1,1,1,1,1,1,0,1,0,1,1,1,1
"InChI=1S/C11H12N4O3S/c16-9(17)7-19-11-14-13-10(18)15(11)6-3-8-1-4-12-5-2-8/h1-2,4-5H,3,6-7H2,(H,13,18)(H,16,17)",0,0,0,0,0,0,0,0,0,0,0,0,0,0,0,0,0,0,0,0,0,0,0,0,0,0,0,0,0,0,0,0,0,0,0,0,1,0,0,0,0,0,0,0,1,0,1,0,0,1,0,1,0,0,0,0,0,0,1,0,0,0,0,1,1,0,0,0,0,0,0,0,0,0,1,1,1,1,1,0,1,0,1,0,1,0,0,1,0,1,1,0,0,1,1,1,0,1,1,1,0,0,0,1,0,1,0,0,0,1,1,0,1,0,0,0,1,1,1,1,1,1,1,1,1,0,1,1,0,1,1,1,0,0,0,1,1,1,1,1,0,1,1,1,1,1,1,1,0,1,0,0,1,1,1,1,1,1,1,0,1,0,1,1,1,1
"InChI=1S/C11H12N4O3S/c1-2-14-10(13-7-11(14)15(16)17)8-19(18)9-3-5-12-6-4-9/h3-7H,2,8H2,1H3",0,0,0,0,0,0,0,0,0,0,0,0,0,0,0,0,0,0,0,0,1,0,0,0,0,0,0,0,0,0,0,0,0,0,0,0,0,1,0,0,0,0,0,0,1,0,0,0,0,0,1,0,0,0,0,1,0,0,1,1,1,0,1,1,1,0,1,0,0,1,1,0,1,0,1,1,1,1,1,1,1,0,1,0,1,0,0,1,0,0,0,0,0,1,1,1,1,1,1,1,0,1,0,0,0,0,0,1,0,0,1,0,0,1,0,0,0,0,1,1,1,1,0,1,1,0,0,0,1,1,0,1,1,0,1,1,1,1,0,1,1,1,0,1,1,1,0,1,1,1,0,0,1,0,1,1,0,1,1,1,1,0,1,1,1,1
"InChI=1S/C11H12N4O3S/c1-2-7-12-11(19)14-13-8-3-4-9-5-6-10(18-9)15(16)17/h2-6,8H,1,7H2,(H2,12,14,19)",0,0,0,0,0,0,0,0,0,0,0,0,0,0,0,0,0,0,0,0,1,0,0,0,0,0,0,0,0,0,0,0,0,1,0,0,0,0,0,0,0,0,1,0,1,0,1,0,0,0,0,1,0,0,0,1,1,0,0,0,0,0,1,0,0,0,0,0,1,1,1,1,0,0,0,1,1,1,1,0,1,0,1,0,0,0,0,1,0,1,0,1,0,1,0,1,0,0,1,1,0,1,0,0,0,1,0,0,0,1,0,0,0,0,0,0,1,0,1,1,0,1,0,1,1,0,0,0,0,1,1,0,1,0,1,1,1,1,0,1,0,1,0,0,0,1,0,1,0,0,1,1,1,0,1,1,1,1,1,0,1,0,0,1,1,1
"InChI=1S/C11H12N4O3S/c1-7-9(11(12)16)3-2-4-10(7)15-19(17,18)8-5-13-14-6-8/h2-6,15H,1H3,(H2,12,16)(H,13,14)",0,0,0,0,0,0,0,0,0,0,0,0,0,0,0,0,0,0,0,0,0,0,0,0,0,0,0,0,0,0,0,1,1,0,0,0,0,0,0,0,0,0,1,0,1,0,0,0,0,1,1,1,1,0,1,0,0,1,1,1,1,0,0,1,1,0,1,0,0,0,0,0,1,0,0,1,0,1,0,1,1,0,1,0,0,0,0,1,0,0,0,1,0,1,0,1,1,0,1,0,0,1,0,0,0,1,0,1,0,1,0,1,0,0,0,0,1,0,1,1,1,0,0,1,1,0,0,0,0,1,1,0,1,0,1,1,1,0,1,1,1,1,0,1,1,1,0,1,1,1,1,0,0,0,0,1,1,1,1,1,1,0,1,1,1,1
"InChI=1S/C11H12N4O3S/c16-10(6-8-2-1-5-19-8)12-3-4-15-7-9(11(17)18)13-14-15/h1-2,5,7H,3-4,6H2,(H,12,16)(H,17,18)",0,0,0,0,0,0,0,0,0,0,0,0,0,0,0,0,0,0,0,0,0,0,0,0,0,0,0,0,0,0,0,0,0,0,0,1,0,0,0,0,0,0,0,0,1,0,0,0,0,0,0,1,0,0,0,0,0,0,0,0,0,0,0,0,1,0,0,0,0,1,0,0,0,0,1,1,1,1,1,1,1,0,1,0,0,0,0,1,0,1,1,1,0,1,1,1,1,0,1,1,0,0,0,1,0,0,0,0,0,1,1,0,0,0,0,0,1,1,1,1,1,1,1,1,1,0,0,1,1,1,1,1,0,0,0,1,1,1,1,1,0,1,0,0,0,1,1,1,0,0,0,0,1,1,1,1,1,1,1,0,1,0,0,1,1,1
"InChI=1S/C11H12N4O3S/c1-3-4-12-11-14-8(6-19-11)10(16)17-5-9-13-7(2)15-18-9/h3,6H,1,4-5H2,2H3,(H,12,14)",0,0,0,0,0,0,0,0,0,0,0,0,0,0,0,0,0,0,0,0,0,0,0,1,0,0,0,0,0,0,0,0,0,1,0,1,0,1,0,0,0,0,0,0,1,0,1,0,0,0,0,0,0,0,0,0,1,0,0,0,0,0,0,0,1,0,0,0,0,0,1,1,0,0,0,1,1,1,1,0,1,0,1,0,0,0,0,1,0,1,1,1,0,1,1,1,1,0,1,1,0,1,0,0,0,1,0,1,1,1,1,0,0,0,0,0,1,0,1,1,1,0,1,1,1,1,0,0,0,1,1,1,1,0,0,1,1,1,0,1,1,1,0,0,0,1,0,0,1,0,1,0,1,1,1,1,1,1,1,1,1,0,0,1,1,1
"InChI=1S/C11H12N4O3S/c1-5-8(15-18-14-5)4-19-10-9(11(16)17)6(2)12-7(3)13-10/h4H2,1-3H3,(H,16,17)",0,0,0,0,0,0,0,0,0,0,0,0,0,0,0,0,0,0,0,0,0,0,0,1,0,0,0,0,0,0,0,0,0,0,0,0,0,1,0,0,0,0,0,0,1,0,1,0,0,1,0,0,0,0,0,0,1,0,1,0,0,0,0,1,1,0,0,0,0,0,1,0,0,0,0,1,1,1,0,1,1,0,1,0,0,0,0,1,0,0,0,0,0,1,0,1,1,1,1,0,0,1,0,0,0,0,0,0,0,0,1,0,0,0,0,1,0,0,1,1,1,0,1,1,1,0,0,0,0,1,1,0,0,0,0,1,1,1,1,1,1,1,0,1,1,1,0,0,1,1,0,0,1,1,1,1,1,1,1,1,1,0,1,1,1,1
"InChI=1S/C11H12N4O3S/c1-7-8(11(12)16)3-2-4-9(7)15-19(17,18)10-5-13-6-14-10/h2-6,15H,1H3,(H2,12,16)(H,13,14)",0,0,0,0,0,0,0,0,0,0,0,0,0,0,0,0,0,0,0,0,1,0,0,0,0,0,0,0,0,0,0,1,1,0,0,0,0,0,0,0,0,0,1,0,1,0,1,0,0,1,1,0,0,1,1,0,0,1,1,1,1,0,0,1,1,0,1,0,0,0,0,0,1,0,0,1,1,1,1,1,1,0,1,0,0,0,0,1,0,0,0,1,0,1,1,1,1,0,1,0,0,1,0,0,0,1,0,1,0,1,0,1,0,0,0,0,1,0,1,1,1,0,0,1,1,0,0,0,0,1,1,0,1,0,1,1,1,0,1,1,1,1,0,1,1,1,0,1,1,1,1,0,0,0,0,1,1,1,1,1,1,0,1,1,1,1
"InChI=1S/C11H12N4O3S/c1-7-4-9(14-18-7)13-10(16)5-17-15-11(12)8-2-3-19-6-8/h2-4,6H,5H2,1H3,(H2,12,15)(H,13,14,16)",0,0,0,0,0,0,0,0,0,0,0,0,0,0,0,0,0,0,0,0,0,0,0,1,0,0,0,0,0,0,0,0,0,0,0,1,0,1,0,0,0,0,1,0,0,0,0,0,0,1,0,0,0,0,0,0,1,0,0,0,0,0,0,0,0,0,0,0,0,0,1,1,0,0,0,1,1,1,0,1,0,0,1,0,0,0,0,1,0,0,1,1,0,1,1,1,1,0,1,0,0,1,0,1,0,0,0,0,1,1,1,0,0,0,0,0,1,0,1,1,1,0,0,1,1,1,0,0,0,1,1,1,1,0,0,1,1,1,0,1,1,1,0,0,0,1,0,0,1,0,1,1,1,1,1,1,1,1,1,1,1,0,0,1,1,1
"InChI=1S/C11H12N4O3S/c1-8(16)14-9-2-4-11(5-3-9)19(17,18)15-10-6-12-13-7-10/h2-7,15H,1H3,(H,12,13)(H,14,16)",0,0,0,0,0,0,0,0,0,0,0,0,0,0,0,0,0,0,0,0,0,0,0,0,0,0,0,0,0,0,0,1,1,0,0,0,0,0,0,0,0,0,0,0,1,0,0,0,0,0,1,1,1,1,1,0,0,1,1,1,1,0,0,1,1,0,1,0,0,0,0,0,1,0,0,1,0,1,1,1,1,0,1,0,0,0,0,1,0,0,0,1,0,1,0,1,0,0,1,0,0,1,0,0,0,1,0,1,0,1,0,1,0,0,0,0,1,0,1,1,1,0,0,1,1,0,0,0,0,1,1,0,1,0,1,1,1,0,1,1,1,1,0,0,1,1,0,1,1,0,1,0,0,0,0,1,1,1,1,1,1,0,1,1,1,1
"InChI=1S/C11H12N4O3S/c1-15-11(12-13-14-15)19-6-5-18-9-4-2-3-8(7-9)10(16)17/h2-4,7H,5-6H2,1H3,(H,16,17)",0,0,0,0,0,0,0,0,0,0,0,0,0,0,0,0,0,0,0,0,0,0,0,0,0,0,0,0,0,0,0,0,0,0,0,0,0,0,0,0,0,0,0,0,0,0,1,0,0,1,0,1,0,0,0,0,0,0,1,0,0,0,0,1,1,0,0,0,0,1,0,0,0,0,1,1,1,1,1,1,1,0,1,0,0,0,0,1,0,0,0,0,1,1,0,1,0,0,1,0,0,0,0,0,0,1,0,1,1,0,0,0,1,0,0,0,0,1,1,1,1,1,1,1,1,1,1,0,0,1,1,1,0,0,0,1,1,1,1,1,1,1,1,1,1,1,1,1,1,1,0,1,1,1,1,1,1,1,1,1,1,0,1,1,1,1
"InChI=1S/C11H12N4O3S/c12-8-6(9(16)15-11(13)14-8)3-1-5-2-4-7(19-5)10(17)18/h2,4,6H,1,3H2,(H,17,18)(H4,12,13,14,15,16)",0,0,0,0,0,0,0,0,0,0,0,0,0,0,0,0,0,0,0,0,0,0,0,0,1,0,0,0,0,0,0,0,0,0,0,1,0,1,0,0,0,0,1,0,0,0,0,0,0,0,0,0,1,0,0,0,0,0,0,0,0,0,0,0,0,0,0,0,0,0,0,0,0,0,0,1,1,1,0,1,1,0,1,0,0,0,0,1,0,1,1,1,0,0,0,1,1,1,1,0,0,0,0,0,0,1,0,0,0,1,0,0,0,0,0,0,1,1,1,1,1,0,1,0,1,0,1,0,0,0,1,0,1,0,0,1,1,0,1,1,0,1,1,0,1,1,1,0,0,1,1,0,0,1,1,1,1,1,1,0,1,0,1,1,1,1
"InChI=1S/C11H12N4O3S/c1-11-6-5(4-14(2)9(17)12-6)19-8(11)15(3)10(18)13-7(11)16/h4,8H,1-3H3,(H,13,16,18)",0,0,0,0,0,0,0,0,0,0,0,0,0,0,0,0,0,0,0,0,0,0,0,0,0,1,0,0,0,0,0,0,0,0,0,1,1,0,0,0,0,0,0,0,1,0,1,0,0,0,0,0,0,0,0,0,0,0,1,0,0,0,0,0,1,1,0,0,0,0,0,0,0,0,1,1,1,1,0,1,1,0,1,0,1,0,0,1,1,0,0,1,1,0,0,1,1,1,1,0,0,0,0,0,1,1,0,1,0,1,0,1,1,0,0,0,1,0,1,1,1,1,0,0,1,0,1,0,0,0,1,0,0,0,0,1,1,0,1,1,1,1,1,1,1,1,0,1,1,1,0,0,0,1,0,1,1,1,1,1,1,0,1,1,1,1
"InChI=1S/C11H12N4O3S/c1-19-10(15-11(13)17)8(5-12)9(16)14-6-7-3-2-4-18-7/h2-4H,6H2,1H3,(H,14,16)(H3,13,15,17)",0,0,0,0,0,0,0,0,0,0,0,0,0,0,0,0,0,0,0,0,1,0,0,0,0,0,0,0,0,0,0,0,0,0,0,0,1,0,0,0,1,0,1,0,1,0,1,0,0,1,0,0,1,0,0,0,1,0,0,0,0,0,0,0,0,0,0,0,0,0,0,0,0,0,0,1,1,1,0,1,1,0,1,0,0,0,0,1,0,1,0,1,1,0,1,1,1,0,1,1,0,0,0,0,0,1,0,0,0,1,0,0,0,0,0,0,1,0,1,1,0,0,0,0,1,0,0,0,0,0,1,1,0,0,0,0,1,1,1,1,1,1,0,0,0,1,0,0,1,0,1,1,1,0,1,1,1,1,1,1,1,0,0,1,1,1
"InChI=1S/C11H12N4O3S/c1-6-9(16)12-2-3-14(6)8-7(10(17)18)15-4-5-19-11(15)13-8/h4-6H,2-3H2,1H3,(H,12,16)(H,17,18)",0,0,0,0,0,0,0,0,0,0,0,0,0,0,0,0,0,0,0,0,1,0,0,0,0,0,0,0,0,0,0,0,0,0,0,1,0,1,0,0,0,0,0,0,1,0,1,0,0,0,0,0,0,0,0,0,0,0,0,0,0,1,0,0,1,0,0,0,0,0,0,0,0,0,1,1,1,1,1,1,1,0,1,0,1,0,0,1,0,1,1,1,0,0,1,1,1,1,1,1,0,0,0,0,1,1,0,1,0,1,1,0,0,0,0,1,1,1,1,1,1,1,1,0,1,0,1,0,0,0,1,0,1,0,1,1,1,1,1,1,1,1,1,1,1,1,1,1,1,1,0,0,1,1,0,1,1,1,1,1,1,0,1,1,1,1
"InChI=1S/C11H12N4O3S/c12-4-2-5-15(9-10-3-1-6-18-10)19(16,17)11-7-13-14-8-11/h1,3,6-8H,2,5,9H2,(H,13,14)",0,0,0,0,0,0,0,0,0,0,0,0,0,0,0,0,0,0,0,0,0,0,0,0,0,0,0,0,0,0,0,1,1,0,0,0,0,0,0,0,1,0,0,0,1,0,0,0,0,0,1,1,0,0,1,0,1,1,1,1,1,0,0,1,1,0,1,0,0,0,0,0,1,0,0,1,0,1,0,1,1,0,1,0,0,1,0,1,0,0,0,0,0,1,1,1,1,0,1,1,0,1,0,0,0,1,0,0,0,0,1,1,0,0,0,0,1,1,1,1,1,1,0,1,1,0,0,0,1,1,1,1,0,0,0,1,1,1,0,1,0,1,0,0,0,1,1,1,0,0,1,1,1,0,1,1,1,1,1,0,1,0,0,1,1,1
"InChI=1S/C11H12N4O3S/c1-13(6-8-5-12-14(2)7-8)11(16)9-3-4-10(19-9)15(17)18/h3-5,7H,6H2,1-2H3",0,0,0,0,0,0,0,0,0,0,0,0,0,0,0,0,0,0,0,0,1,0,0,0,0,0,0,0,0,0,0,0,0,0,0,1,0,0,0,0,0,0,0,0,1,0,1,0,0,1,0,1,0,0,0,1,0,0,0,0,0,0,1,0,1,0,0,0,0,1,1,0,0,0,1,1,0,1,0,1,1,0,1,0,1,1,0,1,0,0,0,1,1,1,0,1,0,0,1,1,0,1,0,0,0,0,0,1,0,1,0,0,0,0,1,0,1,0,1,1,1,1,0,1,1,0,0,0,0,1,0,0,1,0,1,1,1,1,0,1,1,1,0,0,0,1,0,1,1,0,0,0,1,1,1,1,0,1,1,1,1,0,0,1,1,1
"InChI=1S/C11H12N4O3S/c1-7-2-3-8(6-9(7)10(12)16)19(17,18)15-11-13-4-5-14-11/h2-6H,1H3,(H2,12,16)(H2,13,14,15)",0,0,0,0,0,0,0,0,0,0,0,0,0,0,0,0,0,0,0,0,0,0,0,0,1,0,0,0,0,0,0,1,1,0,0,0,0,0,0,0,0,0,1,0,1,0,0,0,0,1,1,0,0,0,1,0,0,1,1,1,1,0,0,1,1,0,1,0,0,0,0,0,1,0,0,1,1,1,0,0,1,0,1,0,0,0,0,1,0,0,0,1,0,1,0,1,1,0,1,0,0,1,0,0,0,1,0,0,0,1,0,1,0,0,0,0,1,0,1,1,1,0,0,1,1,0,0,0,0,1,1,0,1,0,1,1,1,0,1,1,1,1,0,1,1,1,0,1,1,1,1,0,0,0,0,1,1,1,1,1,1,0,1,1,1,1
"InChI=1S/C11H12N4O3S/c16-8-7(9(17)15-10(18)14-8)13-11(19)12-6-4-2-1-3-5-6/h1-5,7-8,16H,(H2,12,13,19)(H2,14,15,17,18)",0,0,0,0,0,0,0,0,0,0,0,0,0,0,0,0,0,0,0,0,0,0,0,0,0,0,0,0,0,0,0,0,0,0,0,0,1,0,0,0,0,0,1,0,1,0,1,0,0,0,0,0,1,1,0,0,0,0,0,0,0,0,0,0,0,0,0,0,0,0,0,0,0,0,0,1,1,1,1,0,1,0,0,0,0,0,0,1,1,0,0,1,0,0,1,0,1,1,1,0,0,0,0,0,0,1,0,0,0,1,0,0,0,0,0,0,1,0,1,1,1,0,0,0,1,0,1,0,0,0,1,0,1,0,1,0,1,0,1,1,0,1,1,0,1,1,0,0,0,1,1,0,0,0,0,1,1,1,1,0,1,0,1,1,1,1
"InChI=1S/C11H12N4O3S/c16-8-7(9(17)18)6-12-10-15(8)13-11(19-10)14-4-2-1-3-5-14/h6H,1-5H2,(H,17,18)",0,0,0,0,0,0,0,0,0,0,0,0,0,0,0,0,0,0,0,0,0,0,0,0,0,0,0,0,0,0,0,0,0,0,0,1,0,0,0,0,0,0,0,0,1,0,1,0,0,1,0,1,0,0,0,0,0,0,0,0,0,1,0,0,1,0,0,0,0,0,0,0,0,0,1,1,1,1,1,1,1,0,1,0,1,1,0,1,1,0,0,1,0,1,1,1,1,1,1,1,0,0,0,0,1,1,0,0,0,1,1,0,1,0,0,0,1,1,1,1,1,1,1,1,1,0,1,0,1,1,1,0,1,0,1,1,1,1,1,1,0,1,1,1,1,1,1,1,0,1,0,0,1,1,0,1,1,1,1,0,1,0,1,1,1,1
"InChI=1S/C11H12N4O3S/c1-18-8-4-2-3-7(5-8)12-10(19)14-15-6-9(16)13-11(15)17/h2-5H,6H2,1H3,(H2,12,14,19)(H,13,16,17)",0,0,0,0,0,0,0,0,0,0,0,0,0,0,0,0,0,0,0,0,0,0,0,0,0,0,0,0,0,0,0,0,0,0,0,0,1,0,0,0,0,0,1,0,1,0,1,0,0,0,0,1,1,0,0,0,0,0,0,0,0,0,0,0,0,0,0,0,0,0,0,0,0,0,1,1,1,1,1,0,1,0,1,0,0,0,0,1,1,0,1,1,1,1,1,1,1,0,1,1,0,0,0,1,0,1,0,1,0,1,1,0,1,0,0,0,1,0,1,1,1,1,0,1,1,1,1,0,0,1,1,1,1,0,1,1,1,1,1,1,1,1,1,0,1,1,0,1,1,1,1,1,1,1,0,1,1,1,1,1,1,0,1,1,1,1
"InChI=1S/C11H12N4O3S/c1-7(16)12-4-5-13-8-2-3-9-10(14-6-19-9)11(8)15(17)18/h2-3,6,13H,4-5H2,1H3,(H,12,16)",0,0,0,0,0,0,0,0,0,0,0,0,0,0,0,0,0,0,0,0,0,0,0,0,0,1,0,0,0,0,0,0,0,0,0,1,0,0,0,0,0,0,0,0,1,0,1,0,0,0,0,0,0,0,0,1,0,0,0,0,0,0,1,0,1,0,0,0,0,1,1,0,0,0,0,1,0,1,1,1,1,1,1,0,0,0,0,1,0,1,1,1,0,1,0,1,1,0,1,1,0,1,0,1,1,0,0,1,0,1,1,0,0,0,0,1,1,1,1,1,1,1,0,1,1,0,0,0,0,1,1,0,1,0,1,1,1,1,1,1,1,1,0,1,1,1,1,1,1,1,1,0,1,0,1,1,1,1,1,1,1,0,1,1,1,1
"InChI=1S/C11H12N4O3S/c1-19(16,17)15-6-9(7-15)11-13-10(14-18-11)8-2-4-12-5-3-8/h2-5,9H,6-7H2,1H3",0,0,0,0,0,0,0,1,0,0,1,0,0,0,0,0,0,0,0,0,0,0,0,1,0,0,0,0,0,0,0,1,1,0,0,0,0,1,0,0,0,0,0,0,1,0,0,0,0,1,1,0,0,0,1,0,1,1,0,1,1,1,0,1,1,0,1,0,0,0,1,0,1,0,1,1,1,1,1,1,1,0,1,0,0,1,0,1,0,0,0,1,1,1,0,1,1,1,1,1,0,1,0,0,0,1,0,1,0,1,0,1,0,0,0,1,1,0,1,1,1,1,0,1,1,0,0,0,0,1,0,0,0,0,0,1,1,1,0,1,1,1,0,0,1,1,0,1,1,0,0,0,1,0,0,1,1,1,1,1,1,0,1,1,1,1
"InChI=1S/C11H12N4O3S/c16-9(8-4-2-1-3-5-8)7-19-11-12-13-14-15(11)6-10(17)18/h1-5,9,16H,6-7H2,(H,17,18)",0,0,0,0,0,0,0,0,0,0,0,0,0,0,0,0,0,0,0,0,0,0,0,0,0,0,0,0,0,0,0,0,0,0,0,0,0,0,0,0,0,0,0,0,0,0,1,0,0,1,0,1,0,0,0,0,0,0,1,0,0,0,0,1,1,0,0,0,0,1,0,0,0,0,1,1,1,1,1,1,1,0,1,0,0,0,0,1,0,0,0,0,0,1,1,1,1,0,1,1,0,0,0,1,0,1,0,0,0,0,1,0,0,0,0,0,0,0,1,1,1,1,1,1,1,0,0,1,0,1,1,1,0,0,0,1,1,1,1,1,0,1,0,1,1,1,0,1,0,1,0,1,1,1,1,1,1,1,1,0,1,0,1,1,1,1
"InChI=1S/C11H12N4O3S/c1-18-8-3-4-10(9(12)7-8)19(16,17)15-11-13-5-2-6-14-11/h2-7H,12H2,1H3,(H,13,14,15)",0,0,0,0,0,0,0,0,0,0,0,0,0,0,0,0,0,0,0,0,0,0,0,0,1,0,0,0,0,0,0,1,1,0,0,0,0,0,0,0,0,0,0,0,1,0,0,0,0,0,1,0,1,0,1,0,0,1,1,1,1,0,0,1,1,0,1,0,0,0,0,0,1,0,0,1,1,1,0,1,1,0,0,1,0,0,0,1,0,0,0,0,1,1,0,0,1,1,1,0,0,1,0,0,0,1,0,1,0,0,0,1,1,0,0,0,1,0,1,1,1,0,0,1,1,1,1,0,0,1,1,0,1,0,1,1,1,0,0,1,1,1,1,1,1,1,0,1,1,1,1,1,0,0,0,1,1,1,1,1,1,0,1,1,1,1
"InChI=1S/C11H12N4O3S/c1-6-8(10(17)15-12)4-7(18-6)5-19-11-13-3-2-9(16)14-11/h2-4H,5,12H2,1H3,(H,15,17)(H,13,14,16)",0,0,0,0,0,0,0,0,0,0,0,0,0,0,0,0,0,0,0,0,0,0,0,0,0,0,0,0,0,0,0,0,0,0,0,0,0,0,0,0,0,0,0,0,1,0,1,0,0,1,0,1,0,1,0,0,1,0,1,0,0,0,0,1,1,0,0,0,0,0,0,0,0,0,0,1,1,1,0,0,1,0,1,1,0,0,0,1,1,0,0,1,0,1,1,1,1,1,1,0,0,0,0,0,0,1,0,1,0,1,0,0,1,0,0,0,1,0,1,1,1,0,0,1,1,0,1,0,0,1,1,1,0,0,0,0,1,1,1,1,1,1,1,1,1,1,0,0,1,1,1,1,1,0,1,1,1,1,1,1,1,0,1,1,1,1
"InChI=1S/C11H12N4O3S/c1-3-9-14-15-11(19-9)13-10(17)6-4-7(16)8(18-2)5-12-6/h4-5H,3H2,1-2H3,(H,12,16)(H,13,15,17)",0,0,0,0,0,0,0,0,0,0,0,0,0,0,0,0,0,0,0,0,0,0,0,0,0,0,0,0,0,0,0,0,0,0,0,1,0,0,0,0,0,0,0,0,1,0,1,0,0,0,0,1,0,1,0,0,0,0,0,0,0,0,0,0,1,0,0,0,0,0,0,1,0,0,0,1,1,1,1,1,1,0,1,0,0,0,0,1,0,0,0,1,1,1,1,1,1,1,1,0,0,0,0,0,0,1,0,1,0,1,1,0,1,1,0,0,1,0,1,1,1,0,0,1,1,1,1,0,0,1,1,0,1,0,1,1,1,0,1,1,1,1,1,1,1,1,0,0,1,1,1,1,0,1,1,1,1,1,1,1,1,0,1,1,1,1
"InChI=1S/C11H12N4O3S/c1-18-11-13-6-9(7-14-11)15-19(16,17)10-4-2-8(12)3-5-10/h2-7,15H,12H2,1H3",0,0,0,0,0,0,0,0,0,0,0,0,0,0,0,0,0,0,0,0,0,0,0,0,0,0,0,0,0,0,0,1,1,0,0,0,1,0,0,0,0,0,0,0,1,0,0,0,0,0,1,0,0,0,1,0,0,1,1,1,1,0,0,1,1,0,1,0,0,0,0,0,1,0,0,1,1,1,1,0,1,0,0,1,0,0,0,1,0,0,0,0,1,1,0,0,0,1,1,0,0,1,0,0,0,1,0,1,0,1,0,1,1,0,0,0,1,0,1,1,1,0,0,1,1,1,1,0,0,1,1,0,1,0,1,1,1,0,0,1,1,1,1,0,1,1,0,1,1,0,1,0,0,0,0,1,1,1,1,1,1,0,1,1,1,1
"InChI=1S/C11H12N4O3S/c1-18-9-6-13-11(14-7-9)15-8-2-4-10(5-3-8)19(12,16)17/h2-7H,1H3,(H2,12,16,17)(H,13,14,15)",0,0,0,0,0,0,0,0,0,0,0,0,0,0,0,0,0,0,0,0,0,0,0,0,1,0,0,0,0,0,0,1,1,0,0,0,0,0,0,0,0,0,0,0,1,0,0,0,0,0,1,0,0,0,1,0,0,1,1,1,1,0,0,1,1,0,1,0,0,0,0,0,1,0,0,1,1,1,0,0,1,0,0,1,0,0,0,1,0,0,0,0,1,1,1,0,0,1,1,0,0,1,0,0,0,1,0,0,0,0,0,1,1,0,0,0,1,0,1,1,1,0,0,1,1,1,1,0,0,1,1,0,1,0,1,1,1,0,0,1,1,1,1,0,1,1,0,1,1,0,1,1,0,0,0,1,1,1,1,1,1,0,1,1,1,1
"InChI=1S/C11H12N4O3S/c1-18-10-4-3-8(7-9(10)12)19(16,17)15-11-13-5-2-6-14-11/h2-7H,12H2,1H3,(H,13,14,15)",0,0,0,0,0,0,0,0,0,0,0,0,0,0,0,0,0,0,0,0,0,0,0,0,1,0,0,0,0,0,0,1,1,0,0,0,0,0,0,0,0,0,0,0,1,0,0,0,0,0,1,0,0,0,1,0,0,1,1,1,1,0,0,1,1,0,1,0,0,0,0,0,1,0,0,1,1,1,0,0,1,0,0,1,0,0,0,1,0,0,0,0,1,1,1,0,1,1,1,0,0,1,0,0,0,1,0,1,0,0,0,1,1,0,0,0,1,0,1,1,1,0,0,1,1,1,1,0,0,1,1,0,1,0,1,1,1,0,0,1,1,1,1,1,1,1,0,1,1,1,1,1,0,0,0,1,1,1,1,1,1,0,1,1,1,1
"InChI=1S/C11H12N4O3S/c1-6-4-7(18-9(6)10(17)15-12)5-19-11-13-3-2-8(16)14-11/h2-4H,5,12H2,1H3,(H,15,17)(H,13,14,16)",0,0,0,0,0,0,0,0,0,0,0,0,0,0,0,0,0,0,0,0,0,0,0,0,0,0,0,0,0,0,0,0,0,0,0,0,0,0,0,0,0,0,0,0,1,0,1,0,0,1,0,1,0,0,0,0,1,0,1,0,0,0,0,1,1,0,0,1,1,0,0,1,0,0,0,1,1,1,0,0,1,0,1,1,0,0,0,1,0,0,0,1,0,1,1,1,1,1,1,0,0,0,0,0,0,1,0,1,0,1,0,0,1,0,0,0,1,0,1,1,1,0,0,1,1,0,1,0,0,1,1,1,0,0,0,1,1,1,1,1,1,1,1,1,1,1,0,0,1,1,1,1,1,1,1,1,1,1,1,1,1,0,1,1,1,1
"InChI=1S/C11H12N4O3S/c1-7-5-9(16)8(12)6-10(7)19(17,18)15-11-13-3-2-4-14-11/h2-6,16H,12H2,1H3,(H,13,14,15)",0,0,0,0,0,0,0,0,0,0,0,0,0,0,0,0,0,0,0,0,0,0,0,0,1,0,0,0,0,0,0,1,1,0,0,0,0,0,0,0,0,0,0,0,1,0,0,0,0,1,1,0,0,1,1,0,0,1,1,1,1,0,0,1,1,0,1,0,0,0,0,0,1,0,0,1,1,1,0,0,1,0,0,1,0,0,0,1,0,0,0,0,0,1,1,0,1,1,1,0,0,1,0,0,0,1,0,0,0,0,0,1,1,0,0,0,1,0,1,1,1,0,0,1,1,0,1,0,0,1,1,0,1,0,1,1,1,0,1,1,1,1,1,1,1,1,0,1,1,1,1,1,0,0,0,1,1,1,1,1,1,0,1,1,1,1
"InChI=1S/C11H12N4O3S/c1-5-6(2-7(18-5)10(16)17)4-19-11-14-8(12)3-9(13)15-11/h2-3H,4H2,1H3,(H,16,17)(H4,12,13,14,15)",0,0,0,0,0,0,0,0,0,0,0,0,0,0,0,0,0,0,0,0,1,0,0,0,0,0,0,0,0,0,0,0,0,0,0,0,0,1,0,0,0,0,1,0,1,0,1,0,0,1,0,0,1,0,0,0,1,0,1,0,0,0,0,1,1,0,0,0,0,0,0,1,0,0,0,1,1,1,0,1,1,0,1,1,0,0,0,1,0,1,0,0,0,0,0,1,0,1,1,0,0,0,0,0,0,1,0,1,0,0,0,0,0,0,0,1,0,0,1,1,1,0,1,0,1,0,0,0,0,0,1,0,1,0,1,1,1,1,1,1,1,1,0,1,1,1,0,0,1,1,1,1,1,1,1,1,1,1,1,1,1,0,1,1,1,1
"InChI=1S/C11H12N4O3S/c1-18-8-2-3-9(12)10(6-8)19(16,17)15-11-7-13-4-5-14-11/h2-7H,12H2,1H3,(H,14,15)",0,0,0,0,0,0,0,0,0,0,0,0,0,0,0,0,0,0,0,0,0,0,0,0,0,0,0,0,0,0,0,1,1,0,0,0,0,1,0,0,0,0,0,0,1,0,0,0,0,0,1,0,0,0,1,0,0,1,1,1,1,0,0,1,0,0,1,0,0,0,0,0,1,0,0,1,1,1,1,1,1,0,0,1,0,0,0,1,0,0,0,0,1,1,0,0,1,1,1,0,0,1,0,0,0,1,0,1,0,0,0,1,1,0,0,0,1,0,1,1,1,0,0,1,1,1,1,0,0,1,1,0,1,0,1,1,1,0,0,1,1,1,1,1,1,1,0,1,1,1,1,1,0,0,0,1,1,1,1,1,1,0,1,1,1,1
"InChI=1S/C11H12N4O3S/c1-2-18-11(17)6-3-4-19-10(6)13-9(16)7-5-8(12)15-14-7/h3-5H,2H2,1H3,(H,13,16)(H3,12,14,15)",0,0,0,0,0,0,0,0,0,0,0,0,0,0,0,0,0,0,0,0,1,0,0,0,0,0,0,0,0,0,0,0,0,0,0,1,0,1,0,0,0,0,1,0,1,0,1,0,0,1,0,1,1,1,0,0,0,0,0,0,0,0,0,0,1,0,0,1,1,0,0,0,0,0,0,1,1,1,1,1,1,0,1,0,0,0,0,1,0,0,0,1,0,1,1,1,1,0,1,0,0,0,0,0,0,0,0,0,1,1,0,0,0,1,0,0,1,0,1,1,1,0,1,1,1,1,0,0,0,1,1,0,1,0,1,1,1,1,1,1,1,1,0,1,0,1,0,0,1,1,1,0,1,1,1,1,1,1,1,1,1,0,0,1,1,1
"InChI=1S/C11H12N4O3S/c1-7(8-2-3-19-6-8)12-10(16)5-15-4-9(11(17)18)13-14-15/h2-4,6-7H,5H2,1H3,(H,12,16)(H,17,18)",0,0,0,0,0,0,0,0,0,0,0,0,0,0,0,0,0,0,0,0,0,0,0,0,0,0,0,0,0,0,0,0,0,0,0,1,0,0,0,0,0,0,0,0,1,0,0,0,0,1,0,1,0,0,0,0,0,0,0,0,0,0,0,0,1,0,0,0,0,1,0,0,0,0,1,1,1,1,1,1,0,0,1,0,0,0,0,1,0,0,0,1,0,1,1,1,1,0,1,1,0,0,0,1,0,0,0,1,0,1,1,0,0,0,0,0,1,0,1,1,1,1,1,1,1,0,0,0,0,1,1,1,0,0,0,1,1,1,1,1,1,1,0,0,0,1,0,1,1,0,0,0,1,1,1,1,1,1,1,1,1,0,0,1,1,1
"InChI=1S/C11H12N4O3S/c1-11(2,10(12)16)14-6-3-4-7-8(13-5-19-7)9(6)15(17)18/h3-5,14H,1-2H3,(H2,12,16)",0,0,0,0,0,0,0,0,0,0,0,0,0,0,0,0,0,0,0,0,0,0,0,0,0,1,0,0,0,0,0,0,0,0,0,1,0,0,0,0,0,0,1,0,1,0,1,0,0,0,0,0,0,1,0,1,0,0,0,0,0,0,1,0,1,1,0,0,0,1,1,0,0,1,0,1,0,1,1,1,1,0,1,0,0,0,0,1,0,0,0,1,0,1,1,1,1,0,1,0,0,1,0,0,1,0,0,1,0,1,0,1,0,0,0,0,1,0,1,1,1,1,0,1,1,0,0,0,0,1,1,0,1,0,1,1,1,0,1,1,1,1,0,1,1,1,0,1,1,1,1,0,0,0,0,1,1,1,1,1,1,0,1,1,1,1
"InChI=1S/C11H12N4O3S/c1-12-19(17,18)10-5-3-2-4-9(10)15-11(16)8-6-13-14-7-8/h2-7,12H,1H3,(H,13,14)(H,15,16)",0,0,0,0,0,0,0,0,0,0,0,0,0,0,0,0,0,0,0,0,0,0,0,0,0,0,0,0,0,0,0,1,1,0,0,0,0,0,0,0,0,0,0,0,1,0,0,0,0,1,1,1,1,0,1,0,0,1,1,1,1,0,0,1,1,0,1,0,0,0,0,0,1,0,0,1,0,1,0,1,1,0,1,0,0,0,0,1,0,0,0,1,1,1,0,1,1,0,1,0,0,1,0,0,0,1,0,1,0,1,0,1,0,0,0,0,1,0,1,1,1,0,0,1,1,0,0,0,0,1,1,0,1,0,1,1,1,0,1,1,1,1,0,1,1,1,0,1,1,1,1,0,0,0,0,1,1,1,1,1,1,0,1,1,1,1
"InChI=1S/C11H12N4O3S/c1-6-4-7(15-18-6)5-13-10(16)8-2-3-9(19-8)11(17)14-12/h2-4H,5,12H2,1H3,(H,13,16)(H,14,17)",0,0,0,0,0,0,0,0,0,0,0,0,0,0,0,0,0,0,0,0,0,0,0,1,0,0,0,0,0,0,0,0,0,0,0,1,0,0,0,0,0,0,0,0,0,0,0,0,0,0,0,1,0,0,0,0,1,0,0,0,0,0,0,0,1,0,0,1,1,0,1,0,0,0,0,1,0,1,1,0,1,1,1,1,0,0,0,1,0,0,0,1,0,1,1,1,1,0,1,1,0,1,0,0,0,0,0,1,0,1,1,0,0,0,0,0,1,0,1,1,1,0,0,1,1,0,0,0,0,1,1,0,0,0,0,1,1,1,0,1,1,1,0,0,0,1,0,0,1,0,1,1,1,1,1,1,1,1,1,1,1,0,0,1,1,1
"InChI=1S/C11H12N4O3S/c1-5(2)9-12-4-7(8(13-9)10(16)17)19-11-15-14-6(3)18-11/h4-5H,1-3H3,(H,16,17)",0,0,0,0,0,0,0,0,0,0,0,0,0,0,0,0,0,0,0,0,0,0,0,0,0,0,0,0,0,0,0,0,0,0,0,0,0,1,0,0,0,0,0,0,1,0,1,0,0,0,0,1,0,0,0,0,1,0,1,0,0,0,0,1,1,0,0,0,0,0,0,0,0,1,0,1,1,1,0,0,1,0,1,0,0,0,0,1,0,0,0,1,0,1,1,1,0,1,1,0,0,0,0,0,0,1,0,1,0,1,0,0,0,0,0,0,1,0,1,1,1,0,1,1,1,0,0,0,0,1,1,0,0,0,0,1,1,0,1,1,1,1,0,1,1,1,0,0,1,1,0,0,0,1,0,1,1,1,1,1,1,0,1,1,1,1
"InChI=1S/C11H12N4O3S/c1-6-8(10(16)17)9(14-11(18)13-6)19-5-7-12-3-4-15(7)2/h3-4H,5H2,1-2H3,(H,16,17)(H,13,14,18)",0,0,0,0,0,0,0,0,0,0,0,0,0,0,0,0,0,0,0,0,0,0,0,0,0,0,0,0,0,0,0,0,0,0,0,0,1,1,0,0,0,0,0,0,1,0,1,0,0,1,0,0,0,0,0,0,0,0,1,0,0,0,0,1,1,0,0,0,0,0,0,0,0,0,1,1,1,1,0,0,1,0,1,0,1,0,0,1,0,0,0,0,1,0,0,1,1,1,1,0,0,0,0,0,0,1,0,1,0,1,1,0,1,0,0,1,1,0,1,1,1,1,1,0,1,0,1,0,0,0,1,0,0,0,0,1,1,1,1,1,1,1,1,1,1,1,0,1,1,1,0,0,1,1,1,1,1,1,1,1,1,0,1,1,1,1
"InChI=1S/C11H12N4O3S/c1-8(14-16)9-3-2-4-10(5-9)15-19(17,18)11-6-12-7-13-11/h2-7,15-16H,1H3,(H,12,13)",0,0,0,0,0,0,0,0,0,0,0,0,0,0,0,0,0,0,0,0,1,0,0,1,0,0,0,0,0,0,0,1,1,0,0,0,0,0,0,0,0,0,0,0,1,0,1,0,0,1,1,0,0,1,1,0,0,1,1,1,1,0,0,1,1,0,1,0,1,0,1,0,1,0,0,1,1,1,1,1,1,0,1,0,0,0,0,1,0,0,0,0,0,1,1,1,1,0,1,0,0,1,0,0,0,1,0,1,0,0,0,1,0,0,0,0,1,0,1,1,1,0,0,1,1,0,0,0,0,1,1,0,1,0,1,1,1,0,1,1,1,1,0,0,1,1,0,1,1,0,1,0,0,0,0,1,0,1,1,1,1,0,1,1,1,1
"InChI=1S/C11H12N4O3S/c1-2-5-12-11(19)14-13-7-8-6-9(15(17)18)3-4-10(8)16/h2-4,6-7,13H,1,5H2,(H2,12,14,19)",0,0,0,0,0,0,0,0,0,0,0,0,0,0,0,0,0,0,0,0,0,0,0,0,0,0,0,0,0,0,0,0,0,1,0,0,0,0,0,0,0,0,1,0,1,0,1,0,0,1,0,1,0,1,0,1,0,0,0,0,0,0,1,0,0,0,0,1,1,1,1,0,0,0,0,1,1,1,1,0,1,0,0,0,0,0,0,1,0,1,1,0,0,1,0,0,1,0,1,1,0,1,0,0,0,1,0,0,0,0,0,0,0,0,0,0,0,0,1,0,0,1,0,1,0,0,1,0,0,1,1,0,1,0,0,1,0,1,0,1,0,1,1,0,1,1,0,1,0,1,1,1,1,1,1,1,0,1,1,0,1,0,1,1,1,1
"InChI=1S/C11H12N4O3S/c1-2-18-9-4-12-3-8(15-9)13-5-10-14-7(6-19-10)11(16)17/h3-4,6H,2,5H2,1H3,(H,13,15)(H,16,17)",0,0,0,0,0,0,0,0,0,0,0,0,0,0,0,0,0,0,0,0,1,0,0,0,0,0,0,0,0,0,0,0,0,0,0,1,0,1,0,0,0,0,0,0,1,0,1,0,0,0,0,0,0,0,0,0,0,0,0,0,0,0,0,0,1,0,0,0,0,0,0,0,0,0,0,1,1,1,1,0,1,1,1,0,0,0,0,1,0,0,0,1,0,0,1,1,1,1,1,1,0,0,0,0,0,0,0,1,1,1,1,0,1,1,0,0,1,0,1,1,1,0,1,0,1,1,1,0,0,0,1,0,1,0,1,1,1,1,1,1,1,1,1,0,1,1,0,0,1,0,1,0,1,1,1,1,1,1,1,1,1,0,1,1,1,1
"InChI=1S/C11H12N4O3S/c1-7-10(6-13-14-7)19(17,18)15-9-4-2-3-8(5-9)11(12)16/h2-6,15H,1H3,(H2,12,16)(H,13,14)",0,0,0,0,0,0,0,0,0,0,0,0,0,0,0,0,0,0,0,0,0,0,0,0,0,0,0,0,0,0,0,1,1,0,0,0,0,0,0,0,0,0,1,0,1,0,0,0,0,1,1,1,1,0,1,0,0,1,1,1,1,0,0,1,1,0,1,0,0,0,0,0,1,0,0,1,0,1,0,1,1,0,1,0,0,0,0,1,0,0,0,1,0,1,0,1,1,0,1,0,0,1,0,0,0,1,0,1,0,1,0,1,0,0,0,0,1,0,1,1,1,0,0,1,1,0,0,0,0,1,1,0,1,0,1,1,1,0,1,1,1,1,0,1,1,1,0,1,1,1,1,0,0,0,0,1,1,1,1,1,1,0,1,1,1,1
"InChI=1S/C11H12N4O3S/c1-7-13-6-10(14-7)19(17,18)15-9-5-3-2-4-8(9)11(12)16/h2-6,15H,1H3,(H2,12,16)(H,13,14)",0,0,0,0,0,0,0,0,0,0,0,0,0,0,0,0,0,0,0,0,1,0,0,0,0,0,0,0,0,0,0,1,1,0,0,0,0,1,0,0,0,0,1,0,1,0,1,0,0,1,1,0,1,1,1,0,0,1,1,1,1,0,0,1,1,0,1,0,0,0,0,0,1,0,0,1,1,1,1,1,1,0,1,0,0,0,0,1,0,0,0,1,0,1,1,1,1,0,1,0,0,1,0,0,0,1,0,1,0,1,0,1,0,0,0,0,1,0,1,1,1,0,0,1,1,0,0,0,0,1,1,0,1,0,1,1,1,0,1,1,1,1,0,1,1,1,0,1,1,1,1,0,0,0,0,1,1,1,1,1,1,0,1,1,1,1
"InChI=1S/C11H12N4O3S/c1-7-2-3-8(19(12,17)18)6-10(7)14-11(16)9-4-5-13-15-9/h2-6H,1H3,(H,13,15)(H,14,16)(H2,12,17,18)",0,0,0,0,0,0,0,0,0,0,0,0,0,0,0,0,0,0,0,0,0,0,0,0,0,0,0,0,0,0,0,1,1,0,0,0,0,0,0,0,0,0,0,0,1,0,0,0,0,1,1,1,1,0,1,0,0,1,1,1,1,0,0,1,1,0,1,0,0,0,0,0,1,0,0,1,0,1,1,1,1,0,1,1,0,0,0,1,0,0,0,1,0,1,1,1,1,0,1,0,0,1,0,0,0,1,0,0,0,1,0,1,0,0,0,0,1,0,1,1,1,0,0,1,1,0,0,0,0,1,1,0,1,0,1,1,1,0,0,1,1,1,0,1,1,1,0,1,1,1,1,0,0,1,0,1,0,1,1,1,1,0,1,1,1,1
"InChI=1S/C11H12N4O3S/c1-7(10(17)18)6-19-11-12-13-14-15(11)8-2-4-9(16)5-3-8/h2-5,7,16H,6H2,1H3,(H,17,18)",0,0,0,0,0,0,0,0,0,0,0,0,0,0,0,0,0,0,0,0,0,0,0,0,0,0,0,0,0,0,0,0,0,0,0,0,0,0,0,0,0,0,0,0,1,0,1,0,0,0,0,1,0,0,0,0,0,0,1,0,0,1,0,1,1,0,0,0,0,1,0,0,0,0,1,1,1,1,1,1,1,0,1,0,0,0,0,1,0,1,0,0,0,1,0,1,0,0,1,0,0,0,0,0,0,1,0,0,0,0,0,0,1,0,1,0,0,0,1,1,1,1,1,1,1,0,1,0,0,1,1,0,1,0,1,1,1,1,1,1,1,1,1,1,1,1,0,1,1,1,0,1,1,1,1,1,1,1,1,1,1,0,1,1,1,1
"InChI=1S/C11H12N4O3S/c12-15-9(6-18-8-4-2-1-3-5-8)13-14-11(15)19-7-10(16)17/h1-5H,6-7,12H2,(H,16,17)",0,0,0,0,0,0,0,0,0,0,0,0,0,0,0,0,0,0,0,0,0,0,0,0,0,0,0,0,0,0,0,0,0,0,0,0,0,1,0,0,0,0,0,0,0,0,1,0,0,0,0,1,0,0,0,0,0,0,1,0,0,0,0,1,1,0,0,0,0,0,0,0,0,0,1,1,1,1,1,1,1,0,1,1,0,0,0,1,0,1,1,0,0,1,1,1,1,0,1,0,0,0,0,1,0,1,0,0,1,0,1,0,1,0,0,0,0,0,1,1,1,1,1,1,1,1,1,0,0,1,1,1,1,0,1,1,1,1,1,1,0,1,1,1,1,1,0,1,0,1,1,1,1,1,1,1,1,1,1,0,1,0,1,1,1,1
"InChI=1S/C11H12N4O3S/c1-15(11(16)8-6-13-14-7-8)9-2-4-10(5-3-9)19(12,17)18/h2-7H,1H3,(H,13,14)(H2,12,17,18)",0,0,0,0,0,0,0,0,0,0,0,0,0,0,0,0,0,0,0,0,0,0,0,0,0,0,0,0,0,0,0,1,1,0,0,0,0,0,0,0,0,0,0,0,1,0,0,0,0,1,1,1,0,0,1,0,0,1,1,1,1,0,0,1,1,0,1,0,0,0,0,0,1,0,0,1,0,1,0,1,1,0,1,1,1,0,0,1,0,0,0,1,1,1,0,1,1,0,1,0,0,1,0,0,0,1,0,1,0,1,0,1,0,0,0,0,1,0,1,1,1,1,0,1,1,0,0,0,0,1,1,0,1,0,1,1,1,0,0,1,1,1,0,0,1,1,0,1,1,0,1,0,0,1,0,1,0,1,1,1,1,0,1,1,1,1
"InChI=1S/C11H12N4O3S/c1-5-7(10(16)17)2-6(18-5)4-19-11-14-8(12)3-9(13)15-11/h2-3H,4H2,1H3,(H,16,17)(H4,12,13,14,15)",0,0,0,0,0,0,0,0,0,0,0,0,0,0,0,0,0,0,0,0,1,0,0,0,0,0,0,0,0,0,0,0,0,0,0,0,0,1,0,0,0,0,1,0,1,0,1,0,0,1,0,0,1,0,0,0,1,0,1,0,0,0,0,1,1,0,0,0,0,0,0,0,0,0,0,1,1,1,0,1,1,0,1,1,0,0,0,1,1,1,0,0,0,0,0,1,0,1,1,0,0,0,0,0,0,1,0,1,0,0,0,0,0,0,0,0,0,0,1,1,1,0,1,0,1,0,0,0,0,0,1,1,1,0,1,1,1,1,1,1,1,1,0,1,1,1,0,0,1,1,1,1,1,1,1,1,1,1,1,1,1,0,1,1,1,1
"InChI=1S/C11H12N4O3S/c16-6-9(10-13-11(12-7-17)19-15-10)14-18-8-4-2-1-3-5-8/h2,4,6-8H,1,3,5H2,(H,12,13,15,17)",0,0,0,0,0,0,0,0,0,0,0,0,0,0,0,0,0,0,0,0,0,0,0,1,0,0,0,0,0,0,0,1,1,0,0,1,0,1,0,0,0,0,0,0,0,0,1,0,0,0,0,0,0,0,0,0,0,0,0,0,0,0,0,0,0,0,1,0,0,0,1,0,0,0,0,0,1,1,1,0,1,0,1,0,0,0,0,1,1,0,0,0,0,1,1,1,1,0,1,0,0,1,0,0,0,1,0,0,0,1,0,0,0,0,0,0,1,1,1,1,1,0,0,1,0,1,1,0,0,1,1,1,1,0,0,1,1,0,0,1,0,1,1,0,1,1,1,0,0,0,1,1,0,1,0,1,1,1,1,0,1,0,1,1,1,1
"InChI=1S/C11H12N4O3S/c12-14-13-6-2-1-5(3-6)10-9(11(17)18)15-7(16)4-8(15)19-10/h5-6,8H,1-4H2,(H,17,18)",0,0,0,0,0,0,0,1,0,0,1,0,0,0,0,0,0,0,0,0,0,0,0,0,0,0,0,0,0,0,0,0,0,0,0,1,0,0,0,0,0,0,0,0,1,0,1,0,0,0,0,1,0,0,0,0,0,0,0,0,0,1,0,0,0,0,0,0,0,1,0,0,0,0,0,1,1,0,0,0,1,0,1,0,1,0,0,1,0,0,0,1,0,1,1,1,1,0,1,0,0,0,0,0,1,0,0,0,0,1,1,0,0,0,0,0,1,0,1,1,1,1,1,1,0,0,1,0,0,1,1,1,1,0,0,1,1,0,1,1,0,1,1,0,0,1,0,1,0,1,0,0,0,1,0,1,1,1,1,0,1,0,0,1,1,1
"InChI=1S/C11H12N4O3S/c1-8(14-16)9-2-4-10(5-3-9)15-19(17,18)11-6-12-13-7-11/h2-7,15-16H,1H3,(H,12,13)",0,0,0,0,0,0,0,0,0,0,0,0,0,0,0,0,0,0,0,0,0,0,0,1,0,0,0,0,0,0,0,1,1,0,0,0,0,0,0,0,0,0,0,0,1,0,0,0,0,1,1,1,1,0,1,0,0,1,1,1,1,0,0,1,1,0,1,0,1,0,1,0,1,0,0,1,0,1,0,1,1,0,1,0,0,0,0,1,0,0,0,0,0,1,0,1,1,0,1,0,0,1,0,0,0,1,0,1,0,0,0,1,0,0,0,0,1,0,1,1,1,0,0,1,1,0,0,0,0,1,1,0,1,0,1,1,1,0,1,1,1,1,0,0,1,1,0,1,1,0,1,0,0,0,0,1,0,1,1,1,1,0,1,1,1,1
"InChI=1S/C11H12N4O3S/c1-18-8-4-2-3-7(5-8)15-10(12)13-14-11(15)19-6-9(16)17/h2-5H,6H2,1H3,(H2,12,13)(H,16,17)",0,0,0,0,0,0,0,0,0,0,0,0,0,0,0,0,0,0,0,0,0,0,0,0,1,0,0,0,0,0,0,0,0,0,0,0,0,0,0,0,0,0,1,0,1,0,1,0,0,0,0,1,0,0,0,0,0,0,1,0,0,1,0,1,1,0,0,0,0,0,0,0,0,0,1,1,1,1,1,1,1,0,1,0,1,0,0,1,0,0,1,0,1,1,0,1,1,0,1,0,0,0,0,1,0,1,0,1,0,0,0,0,1,0,0,0,0,0,1,1,1,1,1,1,1,1,1,0,0,1,1,1,1,0,1,1,1,1,1,1,1,1,1,1,1,1,0,1,1,1,1,1,1,1,1,1,1,1,1,1,1,0,1,1,1,1
"InChI=1S/C11H12N4O3S/c1-18-8-5-3-2-4-7(8)15-10(12)13-14-11(15)19-6-9(16)17/h2-5H,6H2,1H3,(H2,12,13)(H,16,17)",0,0,0,0,0,0,0,0,0,0,0,0,0,0,0,0,0,0,0,0,0,0,0,0,1,0,0,0,0,0,0,0,0,0,0,0,0,0,0,0,0,0,1,0,1,0,1,0,0,0,0,1,0,0,0,0,0,0,1,0,0,1,0,1,1,0,0,0,0,0,0,0,0,0,1,1,1,1,1,1,1,0,1,0,1,0,0,1,0,0,1,0,1,1,1,1,0,0,1,0,0,0,0,1,0,1,0,1,0,0,0,0,1,0,0,0,0,0,1,1,1,1,1,1,1,1,1,0,0,1,1,1,1,0,1,1,1,1,1,1,1,1,1,1,1,1,0,1,1,1,1,1,1,1,1,1,1,1,1,1,1,0,1,1,1,1
"InChI=1S/C11H12N4O3S/c1-7-2-3-9(19(12,17)18)4-10(7)15-11(16)8-5-13-14-6-8/h2-6H,1H3,(H,13,14)(H,15,16)(H2,12,17,18)",0,0,0,0,0,0,0,0,0,0,0,0,0,0,0,0,0,0,0,0,0,0,0,0,0,0,0,0,0,0,0,1,1,0,0,0,0,0,0,0,0,0,0,0,1,0,0,0,0,1,1,1,1,0,1,0,0,1,1,1,1,0,0,1,1,0,1,0,0,0,0,0,1,0,0,1,0,1,0,1,1,0,1,1,0,0,0,1,0,0,0,1,0,1,0,1,1,0,1,0,0,1,0,0,0,1,0,0,0,1,0,1,0,0,0,0,1,0,1,1,1,0,0,1,1,0,0,0,0,1,1,0,1,0,1,1,1,0,1,1,1,1,0,1,1,1,0,1,1,1,1,0,0,0,0,1,1,1,1,1,1,0,1,1,1,1
"InChI=1S/C11H12N4O3S/c12-10(19)15(6-4-2-1-3-5-6)7-8(16)13-11(18)14-9(7)17/h1-5,7-8,16H,(H2,12,19)(H2,13,14,17,18)",0,0,0,0,0,0,0,0,0,0,0,0,0,0,0,0,0,0,0,0,0,0,0,0,0,0,0,0,0,0,0,0,0,0,0,0,1,0,0,0,0,0,1,0,1,0,1,0,0,0,0,0,1,0,0,0,0,0,0,0,0,0,0,0,0,0,0,0,0,0,0,0,0,0,0,1,1,1,1,0,1,0,0,0,1,0,0,1,1,0,0,1,0,0,1,0,1,1,1,0,0,0,0,0,0,1,0,0,0,1,0,0,0,0,0,0,1,0,1,1,1,1,0,0,1,0,1,0,0,0,1,0,1,0,1,0,1,0,1,1,0,1,1,0,1,1,0,1,0,1,1,0,0,0,0,1,1,1,1,0,1,0,1,1,1,1
"InChI=1S/C11H12N4O3S/c1-7-4-8(11(17)18)10(19-7)14-9(16)2-3-15-6-12-5-13-15/h4-6H,2-3H2,1H3,(H,14,16)(H,17,18)",0,0,0,0,0,0,0,0,0,0,0,0,0,0,0,0,0,0,0,0,1,0,0,0,0,0,0,0,0,0,0,0,0,0,0,1,0,0,0,0,0,0,0,0,1,0,1,0,0,1,0,1,0,0,0,0,0,0,0,0,0,0,0,0,1,0,0,0,0,0,0,0,0,0,1,1,1,1,1,1,1,0,1,0,0,0,0,1,0,1,0,1,0,1,0,1,1,0,1,1,0,0,0,1,0,0,0,0,0,1,1,0,0,0,0,0,1,1,1,1,1,1,1,1,1,0,0,0,0,1,1,1,1,0,1,1,1,1,1,1,1,1,0,1,0,1,1,1,1,1,0,0,1,1,1,1,1,1,1,1,1,0,0,1,1,1
"InChI=1S/C11H12N4O3S/c16-9(15-11-12-3-5-19-11)7-14-10(17)13-6-8-2-1-4-18-8/h1-5H,6-7H2,(H,12,15,16)(H2,13,14,17)",0,0,0,0,0,0,0,0,0,0,0,0,0,0,0,0,0,0,0,0,0,0,0,0,0,0,0,0,0,0,0,0,0,0,0,1,1,0,0,0,0,0,1,0,1,0,1,0,0,0,0,0,0,1,0,0,1,0,0,0,0,0,0,0,1,0,0,0,0,0,0,0,0,0,0,1,1,1,1,0,1,1,1,0,0,0,0,1,0,1,0,1,0,0,1,1,1,0,1,1,0,0,0,1,0,1,0,0,0,1,1,0,0,0,0,0,1,0,1,1,1,0,0,0,1,0,0,1,0,0,1,1,1,0,1,0,1,1,1,1,0,1,0,0,0,1,0,0,0,0,1,1,1,0,1,1,1,1,1,0,1,0,0,1,1,1
"InChI=1S/C11H12N4O3S/c1-7-6-19-10(13-7)4-12-9(17)5-15-11(18)3-2-8(16)14-15/h2-3,6H,4-5H2,1H3,(H,12,17)(H,14,16)",0,0,0,0,0,0,0,0,0,0,0,0,0,0,0,0,0,0,0,0,0,0,0,0,0,0,0,0,0,0,0,0,0,0,0,1,0,0,0,0,0,0,0,0,1,0,1,0,0,0,0,1,0,0,0,0,0,0,0,0,0,0,0,0,1,0,0,0,0,0,0,0,0,0,1,1,0,1,1,1,1,0,1,0,0,0,0,1,0,1,1,1,0,1,1,1,1,1,1,1,0,0,0,1,0,0,0,1,0,1,1,0,1,0,0,0,1,0,1,1,1,1,0,1,1,0,1,0,1,1,1,1,0,0,0,1,1,1,1,1,1,1,1,1,1,1,0,1,1,1,0,0,1,1,1,1,1,1,1,1,1,0,1,1,1,1
"InChI=1S/C11H12N4O3S/c16-6-5-14-9(13-7-11(14)15(17)18)8-19-10-3-1-2-4-12-10/h1-4,7,16H,5-6,8H2",0,0,0,0,0,0,0,0,0,0,0,0,0,0,0,0,0,0,0,0,1,0,0,0,0,0,0,0,0,0,0,0,0,0,0,0,0,1,0,0,0,0,0,0,1,0,1,0,0,0,0,0,0,0,0,1,0,0,1,0,0,0,1,1,1,0,0,0,0,1,1,0,0,0,1,1,1,1,1,1,1,1,1,0,1,0,0,1,0,0,0,0,0,1,1,1,1,1,1,1,0,1,0,1,0,0,0,0,1,0,1,0,0,0,0,0,0,1,1,1,1,1,0,1,1,0,0,1,1,1,1,1,1,0,1,1,1,1,1,1,0,1,0,1,1,1,1,1,0,1,0,0,1,0,1,1,1,1,1,0,1,0,1,1,1,1
"InChI=1S/C11H12N4O3S/c1-2-13-9(12-7-10(13)15(17)18)8-19-11-5-3-4-6-14(11)16/h3-7H,2,8H2,1H3",0,0,0,0,0,0,0,0,0,0,0,0,1,0,0,0,0,0,0,0,1,0,0,0,0,0,0,0,0,0,0,0,0,0,0,0,0,1,0,0,0,0,0,0,1,0,1,0,0,0,0,0,0,0,0,1,0,0,1,0,0,0,1,1,1,0,0,0,0,1,1,0,0,0,1,1,1,1,1,1,1,0,1,0,1,0,0,1,0,0,0,0,0,1,1,1,1,1,1,1,0,1,0,0,0,0,0,1,0,0,1,0,1,1,0,0,0,0,1,1,1,1,0,1,1,0,1,0,1,1,0,0,1,0,1,1,1,1,0,1,1,1,1,1,1,1,0,1,1,1,0,0,1,0,1,1,0,1,1,1,1,0,1,1,1,1
"InChI=1S/C11H12N4O3S/c1-7-10(17)13-11(15-14-7)19-6-9(16)12-5-8-3-2-4-18-8/h2-4H,5-6H2,1H3,(H,12,16)(H,13,15,17)",0,0,0,0,0,0,0,0,0,0,0,0,0,0,0,0,0,0,0,0,1,0,0,0,0,0,0,0,0,0,0,0,0,0,0,0,0,0,0,0,0,0,0,0,1,0,1,0,0,0,0,1,0,0,0,0,1,0,1,0,0,0,0,1,1,0,0,0,0,0,0,0,0,0,0,1,1,1,1,1,1,0,1,0,0,0,0,1,0,1,0,1,0,1,1,1,1,1,1,1,0,0,0,1,0,1,0,0,0,1,1,0,1,0,0,0,1,0,1,1,1,0,0,1,1,0,1,0,1,1,1,1,0,0,0,0,1,1,1,1,1,1,1,1,1,1,0,0,1,1,0,1,1,0,1,1,1,1,1,1,1,0,1,1,1,1
"InChI=1S/C11H12N4O3S/c1-14(2)9(16)5-12-7-3-4-8-10(13-6-19-8)11(7)15(17)18/h3-4,6,12H,5H2,1-2H3",0,0,0,0,0,0,0,0,0,0,0,0,0,0,0,0,0,0,0,0,0,0,0,0,0,1,0,0,0,0,0,0,0,0,0,1,0,0,0,0,0,0,0,0,1,0,1,0,0,0,0,0,0,0,0,1,0,0,0,0,0,0,1,0,1,0,0,0,0,1,1,0,0,1,0,1,0,1,1,1,1,1,1,0,1,1,0,1,0,0,0,1,1,1,1,1,1,0,1,1,0,1,0,0,1,0,0,0,0,1,1,0,0,0,0,1,1,0,1,1,1,1,0,1,1,0,0,0,0,1,1,1,1,0,1,1,1,1,0,1,1,1,0,1,1,1,0,1,1,1,1,0,1,1,1,1,0,1,1,1,1,0,1,1,1,1
"InChI=1S/C11H12N4O3S/c16-10-5-9(13-11(19)14-10)12-6-7-1-3-8(4-2-7)15(17)18/h1-4,9,12H,5-6H2,(H2,13,14,16,19)",0,0,0,0,0,0,0,0,0,0,0,0,0,0,0,0,0,0,0,0,0,0,0,0,0,0,0,0,0,0,0,0,0,0,0,0,0,1,0,0,0,0,0,0,1,0,1,0,0,1,0,0,1,0,0,1,0,0,0,0,0,0,1,1,0,0,0,0,0,1,1,0,0,0,0,1,1,1,0,1,1,1,0,0,0,0,0,1,0,0,1,1,0,1,0,0,1,1,1,1,0,1,0,1,0,1,0,0,0,1,1,0,0,0,0,0,1,0,1,1,1,1,0,1,1,0,1,0,1,1,1,1,1,0,1,1,1,1,1,1,0,1,1,0,1,1,0,1,0,0,1,0,1,0,1,1,1,1,1,0,1,0,1,1,1,1
"InChI=1S/C11H12N4O3S/c1-7-4-3-5-8(19(2,17)18)9(7)15-6-13-10(12)14-11(15)16/h3-6H,1-2H3,(H2,12,14,16)",0,0,0,0,0,0,0,0,0,0,0,0,0,0,0,0,0,0,0,0,0,0,0,0,1,0,0,0,0,0,0,0,0,0,0,0,1,0,0,0,0,0,0,0,1,0,0,0,0,1,1,0,1,0,1,0,0,1,1,1,1,1,0,1,1,0,1,0,0,0,0,0,1,0,1,1,1,1,0,1,1,0,0,0,1,0,0,1,0,0,0,0,1,0,0,0,1,1,1,0,0,1,0,0,0,1,0,1,0,1,0,1,1,0,0,0,1,0,1,1,1,1,0,1,1,0,1,0,0,1,1,0,1,0,1,1,1,0,1,1,1,1,1,1,1,1,0,1,1,1,1,0,0,0,0,1,1,1,1,1,1,0,1,1,1,1
"InChI=1S/C11H12N4O3S/c16-11(14-15-8-12-13-9-15)6-7-19(17,18)10-4-2-1-3-5-10/h1-5,8-9H,6-7H2,(H,14,16)",0,0,0,0,0,0,0,0,0,0,0,0,0,0,0,0,0,0,0,0,0,0,0,0,0,0,0,0,0,0,0,0,0,0,0,0,0,0,0,0,0,0,0,0,0,0,0,0,0,0,1,1,0,0,1,0,0,1,1,1,1,0,0,1,1,0,1,0,0,0,0,0,1,0,1,1,1,1,1,1,1,0,1,0,0,0,0,1,0,1,0,1,0,1,1,1,0,0,1,0,0,1,0,1,0,0,0,0,0,1,1,1,0,0,0,0,1,1,1,1,1,1,0,1,1,0,0,0,0,1,1,1,1,0,1,1,1,1,1,1,0,1,0,0,1,1,1,1,0,0,0,0,1,0,1,1,1,1,1,0,1,0,1,1,1,1
"InChI=1S/C11H12N4O3S/c1-6-14-8-4-7(13-3-2-11(12)16)9(15(17)18)5-10(8)19-6/h4-5,13H,2-3H2,1H3,(H2,12,16)",0,0,0,0,0,0,0,0,0,0,0,0,0,0,0,0,0,0,0,0,0,0,0,0,0,1,0,0,0,0,0,0,0,0,0,1,0,0,0,0,0,0,1,0,1,0,1,0,0,0,0,0,1,0,0,1,0,0,0,0,0,0,1,0,1,0,0,0,0,1,1,0,0,0,0,1,0,1,1,1,1,1,1,0,0,0,0,1,0,1,0,1,0,1,0,1,1,0,1,1,0,1,0,1,1,0,0,1,0,1,1,0,0,0,0,0,1,1,1,1,1,1,0,1,1,0,0,0,0,1,1,1,1,0,1,1,1,1,1,1,1,1,0,1,1,1,1,1,1,1,1,0,1,0,1,1,1,1,1,1,1,0,1,1,1,1
"InChI=1S/C11H12N4O3S/c16-7-13-9(10(17)18)6-19-5-8-4-15-3-1-2-12-11(15)14-8/h1-4,7,9H,5-6H2,(H,13,16)(H,17,18)",0,0,0,0,0,0,0,0,0,0,0,0,0,0,0,0,0,0,0,0,0,0,0,0,1,0,0,0,0,0,0,0,0,0,0,0,0,0,0,0,0,0,0,0,1,0,0,0,0,0,0,0,0,0,0,0,0,0,0,0,0,0,0,0,1,0,0,0,0,0,0,0,0,0,0,1,1,1,0,0,0,0,1,0,1,1,0,1,0,1,1,0,0,0,1,1,0,1,1,0,0,0,0,0,1,1,0,0,0,1,1,0,0,0,0,0,1,0,1,1,1,1,1,0,1,0,0,0,0,0,1,0,0,0,0,1,1,1,1,1,0,1,0,0,1,1,0,1,0,0,0,0,1,1,1,1,1,1,1,0,1,0,1,1,1,1
"InChI=1S/C11H12N4O3S/c1-18-8-2-4-12-11(15-8)13-5-3-9-14-7(6-19-9)10(16)17/h2,4,6H,3,5H2,1H3,(H,16,17)(H,12,13,15)",0,0,0,0,0,0,0,0,0,0,0,0,0,0,0,0,0,0,0,0,0,0,0,0,1,0,0,0,0,0,0,0,0,0,0,1,0,0,0,0,0,0,0,0,1,0,1,0,0,0,0,0,0,0,0,0,0,0,0,0,0,0,0,0,1,0,0,0,0,0,0,0,0,0,0,1,1,1,0,1,1,1,1,0,0,0,0,1,0,0,0,1,1,0,1,1,1,1,1,1,0,0,0,1,0,1,0,1,0,1,1,0,1,0,0,0,1,1,1,1,1,0,1,0,1,1,1,0,0,0,1,0,1,0,1,1,1,1,1,1,1,1,1,0,1,1,1,0,1,0,1,0,1,1,1,1,1,1,1,1,1,0,1,1,1,1
"InChI=1S/C11H12N4O3S/c12-4-1-7-15(8-2-5-13)19(17,18)11-9-14-6-3-10(11)16/h3,6,9H,1-2,7-8H2,(H,14,16)",0,0,0,0,0,0,0,0,0,0,0,0,0,0,0,0,0,0,0,0,0,0,0,0,0,0,0,0,0,0,0,1,1,0,0,0,0,0,0,0,1,0,0,0,1,0,0,0,0,0,1,0,0,0,1,0,0,1,1,1,1,0,0,1,1,0,1,0,0,0,0,0,1,0,0,1,0,0,0,1,1,0,0,0,0,1,0,1,1,0,0,0,0,1,0,0,1,1,1,1,0,1,0,0,0,1,0,0,0,0,1,1,1,0,0,0,1,1,0,1,1,1,0,1,1,0,1,1,1,1,1,0,0,0,0,1,1,1,0,1,0,1,1,1,1,1,1,1,0,1,1,1,1,1,1,1,0,1,1,0,1,0,1,1,1,1
"InChI=1S/C11H12N4O3S/c1-15-9(6-7-13-15)11(16)14-8-4-2-3-5-10(8)19(12,17)18/h2-7H,1H3,(H,14,16)(H2,12,17,18)",0,0,0,0,0,0,0,0,0,0,0,0,0,0,0,0,0,0,0,0,0,0,0,0,0,0,0,0,0,0,0,1,1,0,0,0,0,0,0,0,0,0,0,0,1,0,0,0,0,0,1,1,1,0,1,0,0,1,1,1,1,0,0,1,1,0,1,0,0,0,0,0,1,0,1,1,0,1,1,1,1,0,1,1,0,0,0,1,0,0,0,1,1,1,1,1,1,0,1,0,0,1,0,0,0,1,0,1,0,1,0,1,0,0,0,0,1,0,1,1,1,1,0,1,1,0,0,0,0,1,1,0,1,0,1,1,1,0,0,1,1,1,0,1,1,1,0,1,1,1,1,0,0,1,0,1,0,1,1,1,1,0,1,1,1,1
"InChI=1S/C11H12N4O3S/c1-12-19(17,18)9-4-2-8(3-5-9)11(16)14-10-6-7-13-15-10/h2-7,12H,1H3,(H2,13,14,15,16)",0,0,0,0,0,0,0,0,0,0,0,0,0,0,0,0,0,0,0,0,0,0,0,0,0,0,0,0,0,0,0,1,1,0,0,0,0,1,0,0,0,0,0,0,1,0,0,0,0,1,1,1,0,0,1,0,0,1,1,1,1,0,0,1,1,0,1,0,0,0,0,0,1,0,0,1,1,1,1,0,1,0,1,0,0,0,0,1,0,0,0,1,1,1,0,1,1,0,1,0,0,1,0,0,0,1,0,1,0,1,0,1,0,0,0,0,1,0,1,1,1,0,0,1,1,0,0,0,0,1,1,0,1,0,1,1,1,0,1,1,1,1,0,0,1,1,0,1,1,0,1,0,0,0,0,1,1,1,1,1,1,0,1,1,1,1
"InChI=1S/C11H12N4O3S/c1-6(2)15-10(18)13-14-11(15)19-8-5-3-4-7(12-8)9(16)17/h3-6H,1-2H3,(H,13,18)(H,16,17)",0,0,0,0,0,0,0,0,0,0,0,0,0,0,0,0,0,0,0,0,1,0,0,0,0,0,0,0,0,0,0,0,0,0,0,0,1,0,0,0,0,0,0,0,1,0,1,0,0,0,0,1,0,0,0,0,0,0,1,0,0,0,0,1,1,0,0,0,0,0,0,0,0,1,1,1,1,1,1,1,1,0,1,0,1,0,0,1,0,0,0,0,0,1,1,1,0,1,1,0,0,0,0,0,0,1,0,0,0,1,0,0,1,0,0,0,1,0,1,1,1,1,1,1,1,0,1,0,0,1,1,0,0,0,0,1,1,0,1,1,1,1,1,1,1,1,0,1,1,1,0,0,0,1,0,1,1,1,1,1,1,0,1,1,1,1
"InChI=1S/C11H12N4O3S/c1-6-7(2)19-11(13-6)14-9(16)5-15-4-8(3-12-15)10(17)18/h3-4H,5H2,1-2H3,(H,17,18)(H,13,14,16)",0,0,0,0,0,0,0,0,0,0,0,0,0,0,0,0,0,0,0,0,0,0,0,0,0,0,0,0,0,0,0,0,0,0,0,1,0,0,0,0,0,0,0,0,1,0,1,0,0,1,0,1,0,0,0,0,0,0,0,0,0,0,0,0,1,0,0,0,0,0,0,0,0,0,1,1,1,1,1,1,1,0,1,0,0,0,0,1,0,0,0,1,0,1,1,1,1,0,1,1,0,0,0,1,0,1,0,0,0,1,1,0,0,0,0,0,1,0,1,1,1,1,1,1,1,0,0,0,0,1,1,1,1,0,1,1,1,1,1,1,1,1,0,1,0,1,0,1,1,1,0,0,1,1,1,1,1,1,1,1,1,0,0,1,1,1
"InChI=1S/C11H12N4O3S/c1-19(16,17)15-6-9(7-15)11-13-10(14-18-11)8-3-2-4-12-5-8/h2-5,9H,6-7H2,1H3",0,0,0,0,0,0,0,1,0,0,1,0,0,0,0,0,0,0,0,0,0,0,0,1,0,0,0,0,0,0,0,1,1,0,0,0,0,1,0,0,0,0,0,0,1,0,0,0,0,1,1,0,0,0,1,0,1,1,0,1,1,1,0,1,1,0,1,0,0,0,1,0,1,0,1,1,1,1,1,1,1,0,1,0,0,1,0,1,0,0,0,1,1,1,0,1,1,1,1,1,0,1,0,0,0,1,0,1,0,1,0,1,0,0,0,1,1,0,1,1,1,1,0,1,1,0,0,0,0,1,0,0,0,0,0,1,1,1,0,1,1,1,0,0,1,1,0,1,1,0,0,0,1,0,0,1,1,1,1,1,1,0,1,1,1,1
"InChI=1S/C11H12N4O3S/c1-3-7(16)14-9-8(6-4-12-13-5-6)15-10(19-9)11(17)18-2/h4-5H,3H2,1-2H3,(H,12,13)(H,14,16)",0,0,0,0,0,0,0,0,0,0,0,0,0,0,0,0,0,0,0,0,1,0,0,0,0,0,0,0,0,0,0,0,0,0,0,1,0,0,0,0,0,0,0,0,1,0,1,0,0,1,0,1,0,0,0,0,0,0,0,0,0,1,0,0,1,0,0,0,0,0,0,0,0,0,0,1,0,1,1,1,1,0,1,0,0,0,0,1,0,0,0,1,1,1,1,1,0,0,1,0,0,0,0,1,0,0,0,0,0,1,1,0,0,1,0,0,1,0,1,1,1,0,1,1,1,1,0,0,0,1,1,1,1,0,1,1,1,0,1,1,1,1,0,1,0,1,0,0,1,1,1,0,0,1,1,1,1,1,1,1,1,0,0,1,1,1
"InChI=1S/C11H12N4O3S/c1-6-2-7-10(14-5-15-11(7)19-6)13-3-8(16)12-4-9(17)18/h2,5H,3-4H2,1H3,(H,12,16)(H,17,18)(H,13,14,15)",0,0,0,0,0,0,0,0,0,0,0,0,0,0,0,0,0,0,0,0,1,0,0,0,0,1,0,0,0,0,0,0,0,0,0,1,0,1,0,0,0,0,0,0,1,0,1,0,0,1,0,0,0,1,0,0,0,0,0,0,0,0,0,0,1,0,0,0,0,0,0,0,0,0,0,1,1,1,1,1,1,1,1,0,0,0,0,1,0,1,1,1,0,0,1,1,0,1,1,1,0,0,0,1,1,0,0,0,0,1,1,0,0,0,0,0,1,0,1,1,1,0,1,0,1,0,0,0,1,0,1,1,1,0,1,1,1,1,1,1,1,1,0,0,1,1,0,0,1,0,1,0,1,1,1,1,1,1,1,1,1,0,1,1,1,1
"InChI=1S/C11H12N4O3S/c1-2-18-9-6-4-3-5-8(9)15-11(12-13-14-15)19-7-10(16)17/h3-6H,2,7H2,1H3,(H,16,17)",0,0,0,0,0,0,0,0,0,0,0,0,0,0,0,0,0,0,0,0,0,0,0,0,0,0,0,0,0,0,0,0,0,0,0,0,0,0,0,0,0,0,0,0,1,0,1,0,0,0,0,1,0,0,0,0,0,0,1,0,0,1,0,1,1,0,0,0,0,1,0,0,0,0,1,1,1,1,1,1,1,0,1,0,0,0,0,1,0,0,0,0,0,1,1,1,1,0,1,0,0,0,0,1,0,1,0,1,1,0,0,0,1,1,0,0,0,0,1,1,1,1,1,1,1,1,1,0,0,1,1,1,1,0,1,1,1,1,1,1,1,1,1,1,1,1,0,1,1,1,0,1,1,1,1,1,1,1,1,1,1,0,1,1,1,1
"InChI=1S/C11H12N4O3S/c1-7-6-8(11(17)18)10(19-7)13-9(16)2-4-15-5-3-12-14-15/h3,5-6H,2,4H2,1H3,(H,13,16)(H,17,18)",0,0,0,0,0,0,0,0,0,0,0,0,0,0,0,0,0,0,0,0,1,0,0,0,0,0,0,0,0,0,0,0,0,0,0,1,0,0,0,0,0,0,0,0,1,0,1,0,0,1,0,1,0,0,0,0,0,0,0,0,0,0,0,0,1,0,0,0,0,1,0,0,0,0,1,1,1,1,0,1,1,0,1,0,0,0,0,1,0,1,0,1,0,1,0,1,1,0,1,1,0,0,0,1,0,0,0,0,0,1,1,0,0,0,0,0,1,1,1,1,1,1,1,1,1,0,0,0,0,1,1,1,1,0,1,1,1,1,1,1,1,1,0,1,0,1,1,1,1,1,0,0,1,1,1,1,1,1,1,1,1,0,0,1,1,1
"InChI=1S/C11H12N4O3S/c1-18-7-10-12-13-11(19)14(10)6-8-2-4-9(5-3-8)15(16)17/h2-5H,6-7H2,1H3,(H,13,19)",0,0,0,0,0,0,0,0,0,0,0,0,0,0,0,0,0,0,0,0,0,0,0,0,0,0,0,0,0,0,0,0,0,0,0,0,0,1,0,0,0,0,0,0,1,0,1,0,0,1,0,1,0,0,0,1,0,0,1,0,0,0,1,1,1,0,0,0,0,1,1,0,0,0,1,1,1,1,1,0,1,0,1,0,1,1,0,1,0,1,1,0,1,1,1,1,1,0,1,1,0,1,0,0,0,1,0,0,1,0,1,0,0,0,1,0,0,0,1,1,1,1,0,1,1,1,0,0,1,1,1,0,1,0,1,1,1,1,0,1,1,1,0,1,1,1,0,1,1,1,0,0,1,0,1,1,1,1,1,1,1,0,1,1,1,1
"InChI=1S/C11H12N4O3S/c1-17-9-7(10(16)18-2)5-4-6-8(9)15-11(19-3)12-13-14-15/h4-6H,1-3H3",0,0,0,0,0,0,0,0,0,0,0,0,0,0,0,0,0,0,0,0,0,0,0,0,0,0,0,0,0,0,0,0,0,0,0,0,0,0,0,0,0,0,0,0,1,0,1,0,0,1,0,1,0,0,0,0,0,0,1,0,0,1,0,1,1,0,0,0,0,1,0,0,0,0,1,1,1,1,1,1,1,0,1,0,0,0,0,1,1,0,0,0,1,1,1,1,1,0,1,0,0,0,0,0,0,1,0,1,0,0,0,0,1,0,0,0,0,0,1,1,1,1,1,1,1,1,1,0,0,1,0,0,1,0,1,1,1,0,0,1,1,1,1,1,1,1,0,1,1,1,0,1,0,1,0,1,1,1,1,1,1,0,1,1,1,1
"InChI=1S/C11H12N4O3S/c1-18-9-4-7(2-3-8(9)16)5-12-10(17)14-11-15-13-6-19-11/h2-4,6,16H,5H2,1H3,(H2,12,14,15,17)",0,0,0,0,0,0,0,0,0,0,0,0,0,0,0,0,0,0,0,0,0,0,0,0,0,0,0,0,0,0,0,0,0,0,0,1,1,0,0,0,0,0,0,0,0,0,1,0,0,1,0,1,1,0,0,0,0,0,0,0,0,0,0,0,0,0,0,0,1,0,0,1,0,0,0,1,1,1,1,1,1,0,1,0,0,0,0,1,0,1,0,0,1,1,0,1,1,0,1,1,0,0,0,0,0,1,0,1,0,1,0,0,1,0,0,0,1,0,1,1,1,0,0,1,1,1,1,0,0,1,1,0,1,0,0,0,1,1,1,1,1,1,1,1,1,1,0,0,1,1,1,1,1,0,1,1,1,1,1,1,1,0,1,1,1,1
"InChI=1S/C11H12N4O3S/c1-2-14-10(12-13-11(14)19)7-18-9-5-3-8(4-6-9)15(16)17/h3-6H,2,7H2,1H3,(H,13,19)",0,0,0,0,0,0,0,0,0,0,0,0,0,0,0,0,0,0,0,0,0,0,0,0,0,0,0,0,0,0,0,0,0,0,0,0,0,1,0,0,0,0,0,0,1,0,1,0,0,0,0,1,0,0,0,1,0,0,1,0,0,0,1,1,1,0,0,0,0,1,1,0,0,0,1,1,1,1,1,0,1,0,1,0,1,0,0,1,0,1,1,0,0,1,1,1,1,0,1,1,0,1,0,0,0,1,0,1,1,0,1,0,1,1,0,0,0,0,1,1,1,1,0,1,1,1,1,0,1,1,1,0,1,0,1,1,1,1,0,1,1,1,1,1,1,1,0,1,1,1,0,1,1,0,1,1,1,1,1,1,1,0,1,1,1,1
"InChI=1S/C11H12N4O3S/c1-3-18-10(17)8-6-19-11(12-8)13-9(16)7-4-5-15(2)14-7/h4-6H,3H2,1-2H3,(H,12,13,16)",0,0,0,0,0,0,0,0,0,0,0,0,0,0,0,0,0,0,0,0,0,0,0,0,0,0,0,0,0,0,0,0,0,0,0,1,0,0,0,0,0,0,0,0,1,0,1,0,0,0,0,1,0,0,0,0,0,0,0,0,0,0,0,0,1,0,0,0,0,0,0,0,0,0,1,1,1,1,1,1,1,0,1,0,0,0,0,1,0,0,0,1,1,1,1,1,1,0,1,0,0,0,0,0,0,1,0,1,1,1,0,0,0,1,0,0,1,0,1,1,1,1,1,1,1,1,0,0,0,1,1,0,1,0,1,1,1,1,0,1,1,1,0,0,0,1,0,1,1,0,1,0,1,1,1,1,1,1,1,1,1,0,0,1,1,1
"InChI=1S/C11H12N4O3S/c1-8-2-4-9(5-3-8)11(16)14-15-19(17,18)10-6-12-13-7-10/h2-7,15H,1H3,(H,12,13)(H,14,16)",0,0,0,0,0,0,0,0,0,0,0,0,0,0,0,0,0,0,0,0,0,0,0,0,0,0,0,0,0,0,0,1,1,0,0,0,0,0,0,0,0,0,0,0,1,0,1,0,0,1,1,1,1,0,1,0,0,1,1,1,1,0,0,1,1,0,1,1,1,1,0,0,1,0,0,1,0,1,0,1,1,0,1,0,0,0,0,1,0,0,0,1,0,1,1,1,1,0,1,0,0,1,0,0,0,1,0,0,0,1,0,1,0,0,0,0,1,0,1,1,1,0,0,1,1,0,0,0,0,1,1,0,0,0,0,1,1,0,0,1,1,1,0,0,1,1,0,1,1,0,1,0,0,1,0,1,0,1,1,1,1,0,1,1,1,1
"InChI=1S/C11H12N4O3S/c16-15(17)9-2-4-10(5-3-9)18-6-1-7-19-11-12-8-13-14-11/h2-5,8H,1,6-7H2,(H,12,13,14)",0,0,0,0,0,0,0,0,0,0,0,0,0,0,0,0,0,0,0,0,0,0,0,0,0,0,0,0,0,0,0,0,0,0,0,0,0,0,0,0,0,0,0,0,1,0,1,0,0,0,0,1,0,0,0,1,0,0,1,0,0,0,1,1,1,0,0,0,0,1,1,0,0,0,0,1,1,1,1,0,1,0,1,0,0,0,0,1,0,0,1,0,0,1,0,1,0,0,1,0,0,1,0,0,0,1,0,0,1,0,0,0,1,0,0,0,0,1,1,1,1,1,0,1,1,1,1,0,0,1,1,1,1,0,1,1,1,1,0,1,0,1,1,0,1,1,1,1,0,0,1,1,1,0,1,1,1,1,1,0,1,0,1,1,1,1
"InChI=1S/C11H12N4O3S/c1-8-12-5-4-9(15-8)6-14-19(17,18)10-2-3-11(16)13-7-10/h2-5,7,14H,6H2,1H3,(H,13,16)",0,0,0,0,0,0,0,0,0,0,0,0,0,0,0,0,0,0,0,0,0,0,0,0,0,0,0,0,0,0,0,1,1,0,0,0,0,1,0,0,0,0,0,0,1,0,0,0,0,0,1,0,0,0,1,0,0,1,1,1,1,0,0,1,1,0,1,0,0,0,0,0,1,0,0,1,1,1,1,1,1,1,0,0,0,0,0,1,0,0,0,1,0,1,0,0,1,1,1,1,0,1,0,0,0,1,0,1,0,1,1,1,1,0,0,0,1,0,1,1,1,0,0,1,1,0,1,0,0,1,1,0,0,0,0,1,1,1,1,1,1,1,1,0,1,1,0,1,1,0,1,0,1,0,1,1,1,1,1,1,1,0,1,1,1,1
"InChI=1S/C11H12N4O3S/c1-6(10-15-7(4-19-10)11(16)17)14-8-3-9(18-2)13-5-12-8/h3-6H,1-2H3,(H,16,17)(H,12,13,14)",0,0,0,0,0,0,0,0,0,0,0,0,0,0,0,0,0,0,0,0,1,0,0,0,0,0,0,0,0,0,0,0,0,0,0,1,0,1,0,0,0,0,0,0,1,0,1,0,0,0,0,0,0,0,0,0,0,0,0,0,0,0,0,0,1,0,0,0,0,0,0,0,0,0,0,1,1,1,1,1,1,0,1,0,0,0,0,1,0,0,0,1,1,0,1,1,1,1,1,0,0,0,0,0,0,0,0,1,0,1,0,0,1,0,0,0,1,0,1,1,1,0,1,0,1,1,1,0,0,0,1,0,1,0,1,1,1,0,1,1,1,1,1,0,1,1,0,0,1,0,1,0,0,1,0,1,1,1,1,1,1,0,1,1,1,1
"InChI=1S/C11H12N4O3S/c12-19(17,18)9-3-1-2-8(6-9)7-13-11(16)10-4-5-14-15-10/h1-6H,7H2,(H,13,16)(H,14,15)(H2,12,17,18)",0,0,0,0,0,0,0,0,0,0,0,0,0,0,0,0,0,0,0,0,0,0,0,0,0,0,0,0,0,0,0,1,1,0,0,0,0,0,0,0,0,0,0,0,1,0,0,0,0,1,1,1,1,0,1,0,0,1,1,1,1,0,0,1,1,0,1,0,0,0,0,0,1,0,0,1,0,1,1,1,1,1,1,1,0,0,0,1,0,0,0,1,0,1,1,1,1,0,1,1,0,1,0,0,0,1,0,0,0,1,0,1,0,0,0,0,1,0,1,1,1,0,0,1,1,0,0,0,0,1,1,0,0,0,0,1,1,1,0,1,0,1,0,0,1,1,0,1,0,0,1,0,1,1,1,1,0,1,1,0,1,0,1,1,1,1
"InChI=1S/C11H12N4O3S/c12-7(11(16)17)5-19-6-9-14-10(15-18-9)8-3-1-2-4-13-8/h1-4,7H,5-6,12H2,(H,16,17)",0,0,0,0,0,0,0,0,0,0,0,0,0,0,0,0,0,0,0,0,0,0,0,1,0,0,0,0,0,0,0,0,0,0,0,0,0,1,0,0,0,0,0,0,1,0,0,0,0,0,0,0,0,1,0,0,1,0,0,0,0,1,0,0,1,0,0,0,0,0,1,0,0,0,0,1,1,1,1,0,0,0,1,1,0,1,0,1,0,1,1,1,0,1,1,1,1,1,1,0,0,1,0,1,0,0,0,0,0,1,1,0,0,0,0,0,1,0,1,1,1,0,1,1,1,0,0,0,0,1,1,1,0,0,0,1,1,1,1,1,0,1,0,0,1,1,0,0,0,0,1,0,1,1,1,1,1,1,1,0,1,0,1,1,1,1
"InChI=1S/C11H12N4O3S/c1-6-7(2)19-11(13-6)14-10(18)8-3-4-12-15(8)5-9(16)17/h3-4H,5H2,1-2H3,(H,16,17)(H,13,14,18)",0,0,0,0,0,0,0,0,0,0,0,0,0,0,0,0,0,0,0,0,0,0,0,0,0,0,0,0,0,0,0,0,0,0,0,1,0,0,0,0,0,0,0,0,1,0,1,0,0,0,0,1,0,0,0,0,0,0,0,0,0,0,0,0,1,0,0,0,0,0,0,0,0,0,1,1,1,1,1,1,1,0,1,0,0,0,0,1,0,0,1,1,0,1,1,1,1,0,1,1,0,0,0,1,0,1,0,0,0,1,1,0,0,0,0,0,1,0,1,1,1,1,1,1,1,0,0,0,0,1,1,1,1,0,1,1,1,1,1,1,1,1,0,1,0,1,0,1,1,1,1,0,1,1,1,1,1,1,1,1,1,0,0,1,1,1
"InChI=1S/C11H12N4O3S/c12-11(16)5-8-1-3-9(4-2-8)15-19(17,18)10-6-13-14-7-10/h1-4,6-7,15H,5H2,(H2,12,16)(H,13,14)",0,0,0,0,0,0,0,0,0,0,0,0,0,0,0,0,0,0,0,0,0,0,0,0,0,0,0,0,0,0,0,1,1,0,0,0,0,0,0,0,0,0,1,0,1,0,0,0,0,1,1,1,1,0,1,0,0,1,1,1,1,0,0,1,1,0,1,0,0,0,0,0,1,0,0,1,0,1,0,1,1,0,1,0,0,0,0,1,0,0,0,1,0,1,0,1,1,0,1,0,0,1,0,1,0,1,0,0,0,1,1,1,0,0,0,0,1,0,1,1,1,0,0,1,1,0,0,0,0,1,1,1,1,0,1,1,1,0,1,1,0,1,0,0,1,1,0,1,0,0,1,0,0,0,1,1,1,1,1,0,1,0,1,1,1,1
"InChI=1S/C11H12N4O3S/c1-5-3-6(16)18-11(5)19-9-7-8(12-4-13-9)10(17)15(2)14-7/h4-5,11,14H,3H2,1-2H3",0,0,0,0,0,0,0,0,0,0,0,0,0,0,0,0,0,0,0,0,0,0,0,0,0,1,0,0,0,0,0,0,0,0,0,0,0,0,0,0,0,0,0,0,1,0,1,0,0,0,0,1,0,0,0,0,1,0,1,0,0,0,0,1,1,0,0,0,0,0,0,0,0,0,1,1,1,1,1,1,1,0,1,0,0,0,0,1,0,0,0,1,1,1,1,1,1,1,1,0,0,0,0,0,1,0,0,0,0,1,0,0,1,0,1,0,1,0,1,1,1,1,1,1,1,0,1,0,0,1,1,1,0,0,0,1,1,0,0,1,1,1,1,1,1,1,0,1,1,1,1,0,0,1,0,1,1,1,1,1,1,0,1,1,1,1
"InChI=1S/C11H12N4O3S/c12-14-11(16)10-6-9(7-13-10)19(17,18)15-8-4-2-1-3-5-8/h1-7,13,15H,12H2,(H,14,16)",0,0,0,0,0,0,0,0,0,0,0,0,0,0,0,0,0,0,0,0,0,0,0,0,0,0,0,0,0,0,0,1,1,0,0,0,0,0,0,0,0,0,0,0,1,0,0,0,0,0,1,1,1,1,1,0,0,1,1,1,1,0,0,1,1,0,1,1,1,0,0,0,1,0,0,1,0,0,1,1,1,0,1,1,0,0,0,1,0,0,0,1,0,1,1,1,1,0,1,0,0,1,0,0,0,1,0,0,0,1,0,1,0,0,0,0,1,0,0,1,1,0,0,1,1,0,0,0,0,1,1,0,1,0,1,1,1,0,0,1,0,1,0,0,1,1,0,1,0,0,1,0,0,1,0,1,0,1,1,0,1,0,1,1,1,1
"InChI=1S/C11H12N4O3S/c1-15(10(16)8-4-5-12-18-8)11-14-13-9(19-11)7-3-2-6-17-7/h4-5,7H,2-3,6H2,1H3",0,0,0,0,0,0,0,0,0,0,0,0,0,0,0,0,0,0,0,0,0,0,0,1,0,0,0,0,0,0,0,0,0,0,0,1,0,0,0,0,0,0,0,0,0,0,1,0,0,0,0,1,0,0,0,0,1,0,0,0,0,1,0,0,1,0,0,0,0,0,1,1,0,0,0,1,1,1,1,1,1,0,1,0,1,0,0,1,0,0,0,1,1,1,1,1,1,0,1,0,0,1,0,0,0,1,0,1,1,1,0,0,0,0,0,0,1,0,1,1,1,1,0,1,1,0,0,0,0,1,0,1,1,0,1,1,1,1,0,1,1,1,0,0,0,1,0,1,1,0,0,1,1,1,0,1,1,1,1,1,1,0,0,1,1,1
"InChI=1S/C11H12N4O3S/c1-2-7-14-10(19)12-13-11(14,16)8-3-5-9(6-4-8)15(17)18/h2-6,13,16H,1,7H2,(H,12,19)",0,0,0,0,0,0,0,0,0,0,0,0,0,0,0,0,0,0,0,0,0,0,0,0,0,0,0,0,0,0,0,0,0,1,0,0,1,1,0,0,0,0,1,0,1,0,1,0,0,1,0,1,1,1,0,1,0,0,0,0,0,1,1,1,0,0,0,0,1,1,1,0,0,0,1,1,1,1,1,0,1,0,1,0,1,0,0,1,0,1,1,1,0,1,1,1,0,0,1,1,0,1,0,0,0,1,0,0,0,1,0,1,0,0,0,0,1,0,1,1,1,1,0,1,1,0,1,0,0,1,1,0,1,0,1,1,1,1,1,1,0,1,1,0,1,1,0,1,0,1,1,0,1,0,1,1,1,1,1,0,1,0,1,1,1,1
"InChI=1S/C11H12N4O3S/c1-18-11-6-5-10(13-14-11)15-19(16,17)9-4-2-3-8(12)7-9/h2-7H,12H2,1H3,(H,13,15)",0,0,0,0,0,0,0,0,0,0,0,0,0,0,0,0,0,0,0,0,0,0,0,0,0,0,0,0,0,0,0,1,1,0,0,0,0,1,0,0,0,0,0,0,1,0,0,0,0,0,1,1,0,0,1,0,0,1,1,1,1,0,0,1,1,0,1,0,0,0,0,0,1,0,0,1,1,1,1,0,1,0,0,1,0,0,0,1,0,0,0,1,1,1,1,0,1,1,1,0,0,1,0,0,0,1,0,1,0,1,0,1,1,0,0,0,1,0,1,1,1,0,0,1,1,1,1,0,0,1,1,0,1,0,1,1,1,0,0,1,1,1,1,0,1,1,0,1,1,0,1,0,0,0,0,1,1,1,1,1,1,0,1,1,1,1
"InChI=1S/C11H12N4O3S/c1-12-9(16)8-10(17)15-19-11(8)14-6-3-4-7(18-2)13-5-6/h3-5,14H,1-2H3,(H,12,16)(H,15,17)",0,0,0,0,0,0,0,0,0,0,0,0,0,0,0,0,0,0,0,0,1,0,0,0,0,0,0,0,0,0,0,1,1,0,0,1,0,0,0,0,0,0,0,0,1,0,1,0,0,1,0,0,1,0,0,0,0,0,0,0,0,0,0,0,1,0,1,0,0,0,0,0,0,0,0,1,0,1,1,1,1,0,1,0,0,0,0,1,1,0,0,1,1,1,0,1,1,1,1,0,0,0,0,0,0,0,0,1,0,1,0,0,1,0,0,0,1,0,1,1,1,0,0,1,1,1,1,0,0,1,1,0,1,0,1,1,1,0,1,1,1,1,1,1,1,1,0,0,1,1,1,0,0,1,0,1,1,1,1,1,1,0,1,1,1,1
"InChI=1S/C11H12N4O3S/c1-15-5-4-13-9(10(15)16)12-3-2-8-14-7(6-19-8)11(17)18/h4-6H,2-3H2,1H3,(H,12,13)(H,17,18)",0,0,0,0,0,0,0,0,0,0,0,0,0,0,0,0,0,0,0,0,0,0,0,0,0,0,0,0,0,0,0,0,0,0,0,1,0,1,0,0,0,0,0,0,1,0,1,0,0,0,0,0,0,0,0,0,0,0,0,0,0,0,0,0,1,0,0,0,0,0,0,0,0,0,1,1,1,1,1,1,1,1,1,0,1,0,0,1,0,0,0,1,1,0,1,1,0,1,1,1,0,0,0,1,0,0,0,0,0,1,1,0,1,0,0,0,1,1,1,1,1,1,1,0,1,0,1,0,0,0,1,0,1,0,1,1,1,1,1,1,1,1,1,1,1,1,1,1,1,1,1,0,1,1,1,1,1,1,1,1,1,0,1,1,1,1
"InChI=1S/C11H12N4O3S/c1-14(4-8-6-19-7-13-8)5-11(16)10-2-9(3-12-10)15(17)18/h2-3,6-7,12H,4-5H2,1H3",0,0,0,0,0,0,0,0,0,0,0,0,0,0,0,0,0,0,0,0,0,0,0,0,0,0,0,0,0,0,0,0,0,0,0,1,0,0,0,0,0,0,0,0,1,0,1,0,0,0,0,0,0,0,0,1,0,0,0,0,0,0,1,0,1,0,0,0,0,1,1,0,0,0,0,1,0,1,1,1,0,0,1,0,1,1,0,1,0,1,0,0,1,1,1,1,1,0,1,1,0,1,0,0,0,0,0,1,0,0,1,0,0,0,1,0,0,0,1,1,1,1,0,1,1,0,0,0,0,1,1,1,1,0,1,1,1,1,0,1,1,1,0,0,0,1,0,1,1,0,1,1,1,1,1,1,0,1,1,1,1,0,0,1,1,1
"InChI=1S/C11H12N4O3S/c1-15-6-7(5-13-15)4-12-11(18)14-9-8(10(16)17)2-3-19-9/h2-3,5-6H,4H2,1H3,(H,16,17)(H2,12,14,18)",0,0,0,0,0,0,0,0,0,0,0,0,0,0,0,0,0,0,0,0,1,0,0,0,0,0,0,0,0,0,0,0,0,0,0,1,1,0,0,0,0,0,1,0,1,0,1,0,0,1,0,1,1,0,0,0,0,0,0,0,0,0,0,0,1,0,0,0,0,0,0,0,0,0,1,1,1,1,0,1,1,0,1,0,0,0,0,1,0,1,0,0,1,1,0,1,1,0,1,1,0,0,0,0,0,1,0,1,0,1,0,0,0,0,0,0,1,0,1,1,1,1,1,1,1,0,0,0,0,1,1,0,1,0,1,1,1,1,1,1,1,1,0,1,0,1,0,1,1,1,1,0,1,1,1,1,1,1,1,1,1,0,0,1,1,1
"InChI=1S/C11H12N4O3S/c1-14(2)8(16)6-12-9(17)7-5-13-11-15(10(7)18)3-4-19-11/h3-5H,6H2,1-2H3,(H,12,17)",0,0,0,0,0,0,0,0,0,0,0,0,0,0,0,0,0,0,0,0,0,0,0,0,0,0,0,0,0,0,0,0,0,0,0,1,0,0,0,0,0,0,0,0,1,0,1,0,0,1,0,0,0,0,0,0,0,0,0,0,0,0,0,0,1,0,0,0,0,0,0,0,0,1,0,1,1,1,1,1,1,0,1,0,1,1,0,1,1,1,0,1,1,0,1,1,1,1,1,1,0,0,0,0,1,1,0,0,0,1,1,0,1,0,0,1,1,0,1,1,1,1,0,0,1,0,1,0,0,0,1,1,0,0,0,1,1,1,1,1,1,1,1,1,1,1,0,1,1,1,0,0,1,1,1,1,1,1,1,1,1,0,1,1,1,1
"InChI=1S/C11H12N4O3S/c1-19(17,18)9-4-2-3-8(5-9)11(16)12-6-10-13-7-14-15-10/h2-5,7H,6H2,1H3,(H,12,16)(H,13,14,15)",0,0,0,0,0,0,0,0,0,0,0,0,0,0,0,0,0,0,0,0,0,0,0,0,0,0,0,0,0,0,0,0,0,0,0,0,0,1,0,0,0,0,0,0,0,0,0,0,0,1,1,1,0,0,1,0,0,1,1,1,1,0,0,1,1,0,1,0,0,0,0,0,1,0,0,1,1,1,1,1,1,0,1,0,0,0,0,1,0,1,0,1,1,1,0,1,0,0,1,1,0,1,0,0,0,0,0,1,0,1,1,1,0,0,0,0,1,0,1,1,1,0,0,1,1,0,0,0,0,1,1,0,0,0,0,1,1,1,1,1,1,1,0,0,1,1,0,1,1,0,1,0,1,0,1,1,1,1,1,1,1,0,1,1,1,1
"InChI=1S/C11H12N4O3S/c1-14-5-4-9(16)15(11(14)18)6-7-2-3-8(19-7)10(17)13-12/h2-5H,6,12H2,1H3,(H,13,17)",0,0,0,0,0,0,0,0,0,0,0,0,0,0,0,0,0,0,0,0,0,0,0,0,0,0,0,0,0,0,0,0,0,0,0,1,1,0,0,0,0,0,0,0,1,0,0,0,0,0,0,1,0,0,0,0,0,0,0,0,0,0,0,0,1,0,0,1,1,0,0,0,0,0,1,1,1,0,0,0,1,0,1,1,1,0,0,1,1,0,0,1,1,1,1,1,1,1,1,1,0,0,0,0,0,1,0,1,0,1,0,0,1,0,0,0,1,0,0,1,1,1,0,1,1,0,1,0,0,1,1,0,0,0,0,1,1,1,0,1,1,1,1,1,1,1,0,1,1,1,1,0,1,1,1,1,0,1,1,1,1,0,1,1,1,1
"InChI=1S/C11H12N4O3S/c1-18-11-3-2-8(7-14-11)15-19(16,17)9-4-5-13-10(12)6-9/h2-7,15H,1H3,(H2,12,13)",0,0,0,0,0,0,0,0,0,0,0,0,0,0,0,0,0,0,0,0,0,0,0,0,0,0,0,0,0,0,0,1,1,0,0,0,0,1,0,0,0,0,1,0,1,0,0,0,0,0,1,0,0,0,1,0,0,1,1,1,1,0,0,1,1,0,1,0,0,0,0,0,1,0,0,1,1,1,1,0,1,0,0,0,0,0,0,1,0,0,0,1,1,1,0,0,0,1,1,0,0,1,0,0,0,1,0,1,0,1,0,1,1,0,0,0,1,0,1,1,1,0,0,1,1,1,1,0,0,1,1,0,1,0,1,1,1,0,0,1,1,1,1,0,1,1,0,1,1,0,1,0,0,0,0,1,1,1,1,1,1,0,1,1,1,1
"InChI=1S/C11H12N4O3S/c1-6-4-12-11(14-10(6)17)19-5-9(16)13-8-3-7(2)18-15-8/h3-4H,5H2,1-2H3,(H,12,14,17)(H,13,15,16)",0,0,0,0,0,0,0,0,0,0,0,0,0,0,0,0,0,0,0,0,0,0,0,1,0,0,0,0,0,0,0,0,0,0,0,0,0,1,0,0,0,0,0,0,1,0,1,0,0,1,0,0,0,0,0,0,1,0,1,0,0,0,0,1,1,0,0,0,0,0,1,0,0,0,0,1,1,1,0,0,1,0,1,0,0,0,0,1,0,0,1,1,0,1,1,1,1,1,1,0,0,1,0,0,0,1,0,0,0,1,1,0,1,0,0,0,1,0,1,1,1,0,0,1,1,0,1,0,0,1,1,1,1,0,0,1,1,1,1,1,1,1,1,1,1,1,0,0,1,1,1,1,1,1,1,1,1,1,1,1,1,0,1,1,1,1
"InChI=1S/C11H12N4O3S/c1-7-8(10(16)17)9(14-11(18)13-7)19-6-5-15-4-2-3-12-15/h2-4H,5-6H2,1H3,(H,16,17)(H,13,14,18)",0,0,0,0,0,0,0,0,0,0,0,0,0,0,0,0,0,0,0,0,0,0,0,0,0,0,0,0,0,0,0,0,0,0,0,0,1,0,0,0,0,0,0,0,1,0,1,0,0,1,0,1,0,0,0,0,0,0,1,0,0,0,0,1,1,0,0,0,0,0,0,0,0,0,1,1,1,1,0,0,1,0,1,0,0,0,0,1,0,0,0,0,0,1,0,1,1,1,1,1,0,0,0,0,0,1,0,0,0,1,1,0,1,0,0,0,1,1,1,1,1,1,1,1,1,0,1,0,0,1,1,0,0,0,0,1,1,1,1,1,1,1,1,1,1,1,1,1,1,1,0,0,1,1,1,1,1,1,1,1,1,0,1,1,1,1
"InChI=1S/C11H12N4O3S/c1-18-10-8(9(12)14-11(13)15-10)19(16,17)7-5-3-2-4-6-7/h2-6H,1H3,(H4,12,13,14,15)",0,0,0,0,0,0,0,0,0,0,0,0,0,0,0,0,0,0,0,0,1,0,0,0,1,0,0,0,0,0,0,0,0,0,0,0,0,1,0,0,0,0,1,0,1,0,0,0,0,0,1,0,1,0,1,0,0,1,1,1,1,0,0,1,1,0,1,0,0,0,0,0,1,0,0,1,1,1,0,1,1,0,0,1,0,0,0,1,1,0,0,1,1,0,0,0,1,1,1,0,0,1,0,0,0,1,0,0,0,1,0,1,1,0,0,0,1,0,1,1,1,0,0,1,1,1,1,0,0,1,1,0,1,0,1,1,1,0,0,1,1,1,1,1,1,1,0,1,1,1,1,0,0,0,0,1,1,1,1,1,1,0,1,1,1,1
"InChI=1S/C11H12N4O3S/c16-10(17)7-15-6-9(13-14-15)11(18)12-4-3-8-2-1-5-19-8/h1-2,5-6H,3-4,7H2,(H,12,18)(H,16,17)",0,0,0,0,0,0,0,0,0,0,0,0,0,0,0,0,0,0,0,0,0,0,0,0,0,0,0,0,0,0,0,0,0,0,0,1,0,0,0,0,0,0,0,0,1,0,0,0,0,0,0,1,0,0,0,0,0,0,0,0,0,0,0,0,1,0,0,0,0,1,0,0,0,0,1,1,1,1,1,1,1,0,1,0,0,0,0,1,0,1,1,1,0,1,1,1,1,0,1,1,0,0,0,1,0,0,0,0,0,1,1,0,0,0,0,0,1,1,1,1,1,1,1,1,1,0,0,0,0,1,1,1,0,0,0,1,1,1,1,1,0,1,0,0,0,1,1,1,0,0,0,0,1,1,1,1,1,1,1,0,1,0,0,1,1,1
"InChI=1S/C11H12N4O3S/c1-6-7(2)19-11(12-6)13-9(16)5-15-4-3-8(14-15)10(17)18/h3-4H,5H2,1-2H3,(H,17,18)(H,12,13,16)",0,0,0,0,0,0,0,0,0,0,0,0,0,0,0,0,0,0,0,0,0,0,0,0,0,0,0,0,0,0,0,0,0,0,0,1,0,0,0,0,0,0,0,0,1,0,1,0,0,0,0,1,0,0,0,0,0,0,0,0,0,0,0,0,1,0,0,0,0,0,0,0,0,0,1,1,1,1,1,1,1,0,1,0,0,0,0,1,0,0,0,1,0,1,1,1,1,0,1,1,0,0,0,1,0,1,0,0,0,1,1,0,0,0,0,0,1,0,1,1,1,1,1,1,1,0,0,0,0,1,1,1,1,0,1,1,1,1,1,1,1,1,0,1,0,1,0,1,1,1,0,0,1,1,1,1,1,1,1,1,1,0,0,1,1,1
"InChI=1S/C11H12N4O3S/c1-5-6(2)19-9-8(5)10(17)15(4-13-9)3-7(16)14-11(12)18/h4H,3H2,1-2H3,(H3,12,14,16,18)",0,0,0,0,0,0,0,0,0,0,0,0,0,0,0,0,0,0,0,0,1,0,0,0,0,1,0,0,0,0,0,0,0,0,0,1,1,0,0,0,0,0,1,0,1,0,1,0,0,1,0,0,1,0,0,0,0,0,0,0,0,0,0,0,1,0,0,0,0,0,0,0,0,0,1,1,1,1,1,1,1,0,1,0,1,0,0,1,1,0,1,1,0,0,1,1,1,1,1,1,0,0,0,1,1,1,0,0,0,1,1,0,1,0,0,0,1,0,1,1,1,1,0,0,1,0,1,0,0,0,1,1,0,0,0,1,1,1,1,1,1,1,1,1,1,1,0,1,1,1,1,0,1,1,1,1,1,1,1,1,1,0,1,1,1,1
"InChI=1S/C11H12N4O3S/c1-8-2-4-9(5-3-8)19(17,18)15-11(16)14-7-6-12-10(14)13-15/h2-5H,6-7H2,1H3,(H,12,13)",0,0,0,0,0,0,0,0,0,0,0,0,0,0,0,0,0,0,0,0,0,0,0,0,1,0,0,0,0,0,0,1,1,0,0,0,1,0,0,0,0,0,0,0,0,0,1,0,0,1,1,1,0,0,1,0,0,1,1,1,1,0,0,1,0,0,1,0,0,1,0,0,1,0,1,1,1,1,1,1,1,0,1,0,1,0,0,1,1,1,1,0,0,1,1,1,1,0,1,1,0,1,0,0,1,1,0,0,0,1,0,1,0,0,0,0,1,0,1,1,1,1,0,1,1,0,1,0,0,1,1,0,0,0,0,1,1,1,0,1,1,1,1,0,1,1,0,1,1,1,1,0,1,1,0,1,0,1,1,1,1,0,1,1,1,1
"InChI=1S/C11H12N4O3S/c1-7-6-19-11(16)14(7)5-8-2-3-9(13-12)10(4-8)15(17)18/h2-4,6,13H,5,12H2,1H3",0,0,0,0,0,0,0,0,0,0,0,0,0,0,0,0,0,0,0,0,0,0,0,0,0,0,0,0,0,0,0,0,0,0,0,1,0,0,0,0,0,0,0,0,1,0,1,0,0,1,0,1,0,0,0,1,0,0,0,0,0,0,1,0,1,0,0,1,1,1,1,0,0,0,1,1,0,0,1,1,1,0,1,1,1,0,0,1,0,0,0,0,0,1,0,1,1,0,1,1,0,1,0,0,0,1,0,0,0,1,0,0,1,0,0,1,1,0,1,1,1,1,0,1,1,0,1,0,0,1,1,0,1,0,1,1,1,1,0,1,1,1,1,1,1,1,0,1,1,1,1,0,1,1,1,1,0,1,1,1,1,0,1,1,1,1
"InChI=1S/C11H12N4O3S/c12-6-8-1-2-10(9(13)5-8)19(17,18)15-4-3-14-11(16)7-15/h1-2,5H,3-4,7,13H2,(H,14,16)",0,0,0,0,0,0,0,0,0,0,0,0,0,0,0,0,0,0,0,0,0,0,0,0,0,0,0,0,0,0,0,1,1,0,0,0,0,0,0,0,1,0,0,0,1,0,0,0,0,1,1,0,0,0,1,0,0,1,1,1,1,0,0,1,0,0,1,0,0,0,0,0,1,0,1,1,0,1,1,1,1,0,0,1,0,1,0,1,0,1,1,1,0,1,1,0,1,1,1,1,0,1,0,1,0,1,0,0,0,1,1,1,0,0,0,0,1,1,1,1,1,1,0,1,1,0,1,0,1,1,1,1,1,0,1,1,1,1,1,1,0,1,1,1,1,1,1,1,0,1,1,0,1,0,0,1,1,1,1,0,1,0,1,1,1,1
"InChI=1S/C11H12N4O3S/c1-15-6-13-14-9(15)4-5-12-10(16)7-2-3-8(19-7)11(17)18/h2-3,6H,4-5H2,1H3,(H,12,16)(H,17,18)",0,0,0,0,0,0,0,0,0,0,0,0,0,0,0,0,0,0,0,0,0,0,0,0,0,0,0,0,0,0,0,0,0,0,0,1,0,1,0,0,0,0,0,0,0,0,0,0,0,0,0,1,0,0,0,0,0,0,0,0,0,0,0,0,1,0,0,0,0,0,0,0,0,0,1,1,1,1,1,1,1,1,1,0,1,0,0,1,0,0,0,1,1,1,0,1,0,0,1,1,0,0,0,1,0,0,0,1,0,1,1,0,0,0,0,1,1,1,1,1,1,1,1,1,1,0,0,0,0,1,1,0,0,0,0,1,1,1,1,1,1,1,0,1,0,1,1,1,1,1,1,0,1,1,1,1,1,1,1,1,1,0,0,1,1,1
"InChI=1S/C11H12N4O3S/c1-6-3-13-11(19-2)15(10(6)17)4-7-5-18-14-8(7)9(12)16/h3,5H,4H2,1-2H3,(H2,12,16)",0,0,0,0,0,0,0,0,0,0,0,0,0,0,0,0,0,0,0,0,0,0,0,1,0,0,0,0,0,0,0,0,0,0,0,0,0,0,0,0,0,0,0,0,1,0,1,0,0,1,0,0,0,0,0,0,1,0,1,0,0,0,0,1,1,0,0,0,0,0,1,0,0,0,1,1,1,1,1,1,1,0,1,1,1,0,0,1,1,0,1,1,1,1,1,1,1,1,1,1,0,1,0,0,0,1,0,1,0,1,0,0,1,0,0,0,1,0,1,1,1,1,0,1,1,0,1,0,0,1,1,0,0,0,0,1,1,1,0,1,1,1,1,1,1,1,0,1,1,1,1,0,1,1,1,1,1,1,1,1,1,0,1,1,1,1
"InChI=1S/C11H12N4O3S/c16-11-13-9(5-10(19)14-11)12-6-7-2-1-3-8(4-7)15(17)18/h1-4,6,9,11,13,16H,5H2,(H,14,19)",0,0,0,0,0,0,0,0,0,0,0,0,0,0,0,0,0,0,0,0,0,0,0,0,0,0,0,0,0,0,0,0,0,0,0,0,1,1,0,0,0,0,1,0,1,0,1,0,0,1,0,0,1,0,0,1,0,0,0,0,0,0,1,1,0,0,0,0,0,1,1,0,0,0,0,1,1,1,0,1,1,0,0,0,0,0,0,1,0,0,1,0,0,1,0,0,1,1,1,0,0,1,0,1,0,1,0,0,0,1,1,0,0,0,0,0,1,0,1,1,1,1,0,1,1,0,1,0,0,1,1,0,1,0,1,1,1,0,1,1,0,1,1,0,1,1,0,1,0,0,1,0,0,0,0,1,1,1,1,0,1,0,1,1,1,1
"InChI=1S/C11H12N4O3S/c1-5-6(2)19-10-8(5)9(13-4-14-10)18-3-7(16)15-11(12)17/h4H,3H2,1-2H3,(H3,12,15,16,17)",0,0,0,0,0,0,0,0,0,0,0,0,0,0,0,0,0,0,0,0,1,0,0,0,0,1,0,0,0,0,0,0,0,0,0,1,1,0,0,0,0,0,1,0,1,0,1,0,0,1,0,0,1,0,0,0,0,0,0,0,0,0,0,0,1,0,0,0,0,0,0,1,0,0,0,1,1,1,0,1,1,0,1,0,0,0,0,1,1,0,1,1,0,0,1,1,1,1,1,0,0,0,0,1,1,1,0,0,1,1,1,0,1,0,0,0,1,0,1,1,1,0,0,0,1,1,1,0,0,0,1,1,0,0,0,0,1,1,1,1,1,1,1,1,1,1,0,0,1,1,1,0,1,0,1,1,1,1,1,1,1,0,1,1,1,1
"InChI=1S/C11H12N4O3S/c1-6-4-12-11(17)14-10(6)19-5-8(16)13-9-3-7(2)15-18-9/h3-4H,5H2,1-2H3,(H,13,16)(H,12,14,17)",0,0,0,0,0,0,0,0,0,0,0,0,0,0,0,0,0,0,0,0,1,0,0,1,0,0,0,0,0,0,0,0,0,0,0,0,1,0,0,0,0,0,0,0,1,0,1,0,0,1,0,0,0,0,0,0,1,0,1,0,0,0,0,1,1,0,0,0,0,0,1,0,0,0,0,1,1,1,1,0,1,0,1,0,0,0,0,1,1,0,0,1,0,1,0,1,0,1,1,0,0,1,0,1,0,1,0,1,0,1,1,0,1,0,0,0,1,0,1,1,1,0,0,1,1,0,1,0,0,1,1,1,1,0,1,0,1,1,1,1,1,1,1,1,1,1,0,0,1,1,0,0,1,0,1,1,1,1,1,1,1,0,1,1,1,1
"InChI=1S/C11H12N4O3S/c16-11(12-4-3-9-2-1-5-19-9)7-14-6-10(13-8-14)15(17)18/h1-2,5-6,8H,3-4,7H2,(H,12,16)",0,0,0,0,0,0,0,0,0,0,0,0,0,0,0,0,0,0,0,0,1,0,0,0,0,0,0,0,0,0,0,0,0,0,0,1,0,1,0,0,0,0,0,0,1,0,0,0,0,0,0,0,0,0,0,1,0,0,0,0,0,0,1,0,1,0,0,0,0,1,1,0,0,0,1,1,1,1,1,1,1,0,1,0,1,0,0,1,0,1,1,1,0,1,1,1,1,0,1,1,0,1,0,1,0,0,0,0,0,1,1,0,0,0,0,0,1,1,1,1,1,1,0,1,1,0,0,1,1,1,1,1,1,0,1,1,1,1,1,1,0,1,0,0,0,1,1,1,0,0,0,0,1,0,1,1,1,1,1,0,1,0,0,1,1,1
"InChI=1S/C11H12N4O3S/c1-19(17,18)10-3-7(2-8(12)4-10)11(16)15-9-5-13-14-6-9/h2-6H,12H2,1H3,(H,13,14)(H,15,16)",0,0,0,0,0,0,0,0,0,0,0,0,0,0,0,0,0,0,0,0,0,0,0,0,0,0,0,0,0,0,0,0,0,0,0,0,0,0,0,0,0,0,0,0,1,0,0,0,0,1,1,1,0,0,1,0,0,1,1,1,1,0,0,1,1,0,1,0,0,0,0,0,1,0,0,1,0,1,1,1,1,0,1,1,0,0,0,1,0,0,0,1,1,1,0,1,0,0,1,0,0,1,0,0,0,0,0,0,0,1,0,1,0,0,0,0,1,0,1,1,1,0,0,1,1,0,0,0,0,1,1,0,1,0,1,1,1,0,1,1,1,1,0,0,1,1,0,1,1,0,1,0,0,0,0,1,1,1,1,1,1,0,1,1,1,1
"InChI=1S/C11H12N4O3S/c1-15(11(16)10-6-7-13-14-10)8-2-4-9(5-3-8)19(12,17)18/h2-7H,1H3,(H,13,14)(H2,12,17,18)",0,0,0,0,0,0,0,0,0,0,0,0,0,0,0,0,0,0,0,0,0,0,0,0,0,0,0,0,0,0,0,1,1,0,0,0,0,0,0,0,0,0,0,0,1,0,0,0,0,0,1,1,0,0,1,0,0,1,1,1,1,0,0,1,1,0,1,0,0,0,0,0,1,0,0,1,0,1,1,1,1,0,1,1,1,0,0,1,0,0,0,1,1,1,1,1,1,0,1,0,0,1,0,0,0,1,0,1,0,1,0,1,0,0,0,0,1,0,1,1,1,1,0,1,1,0,0,0,0,1,1,0,1,0,1,1,1,0,0,1,1,1,0,0,1,1,0,1,1,0,1,0,0,1,0,1,0,1,1,1,1,0,1,1,1,1
"InChI=1S/C11H12N4O3S/c1-12-19(17,18)10-4-2-3-9(5-10)15-11(16)8-6-13-14-7-8/h2-7,12H,1H3,(H,13,14)(H,15,16)",0,0,0,0,0,0,0,0,0,0,0,0,0,0,0,0,0,0,0,0,0,0,0,0,0,0,0,0,0,0,0,1,1,0,0,0,0,0,0,0,0,0,0,0,1,0,0,0,0,1,1,1,1,0,1,0,0,1,1,1,1,0,0,1,1,0,1,0,0,0,0,0,1,0,0,1,0,1,0,1,1,0,1,0,0,0,0,1,0,0,0,1,1,1,0,1,1,0,1,0,0,1,0,0,0,1,0,1,0,1,0,1,0,0,0,0,1,0,1,1,1,0,0,1,1,0,0,0,0,1,1,0,1,0,1,1,1,0,1,1,1,1,0,0,1,1,0,1,1,0,1,0,0,0,0,1,1,1,1,1,1,0,1,1,1,1
"InChI=1S/C11H12N4O3S/c1-2-18-9(16)8-5-7(6-13-8)14-10(17)15-11-12-3-4-19-11/h3-6,13H,2H2,1H3,(H2,12,14,15,17)",0,0,0,0,0,0,0,0,0,0,0,0,0,0,0,0,0,0,0,0,0,0,0,0,0,0,0,0,0,0,0,0,0,0,0,1,1,0,0,0,0,0,1,0,1,0,1,0,0,0,0,0,0,0,0,0,0,0,0,0,0,0,0,0,1,0,0,0,0,0,0,0,0,0,0,1,1,1,1,1,1,0,1,0,0,0,0,1,0,0,1,0,0,0,1,1,1,0,1,0,0,0,0,0,0,1,0,0,1,1,0,0,0,1,0,0,1,0,1,1,1,0,1,0,1,1,0,0,0,0,1,0,1,0,1,1,1,1,1,1,1,1,0,0,0,1,0,0,1,0,1,0,1,1,1,1,1,1,1,1,1,0,0,1,1,1
"InChI=1S/C11H12N4O3S/c1-19(17,18)15-9-7-12-14-10(9)11(16)13-8-5-3-2-4-6-8/h2-7,15H,1H3,(H,12,14)(H,13,16)",0,0,0,0,0,0,0,0,0,0,0,0,0,0,0,0,0,0,0,0,0,0,0,0,0,0,0,0,0,0,0,1,1,0,0,0,0,0,0,0,0,0,0,0,1,0,0,0,0,0,1,1,1,1,1,0,0,1,0,1,1,0,0,0,1,0,1,0,0,0,0,0,1,0,0,1,0,1,1,1,0,0,1,0,0,0,0,1,0,0,0,1,1,1,1,1,1,0,1,0,0,1,0,0,0,1,0,1,0,1,0,1,0,0,0,0,1,0,1,1,1,0,0,1,1,0,0,0,0,1,1,0,1,0,1,1,1,0,0,1,1,1,0,1,1,1,0,1,1,1,1,0,0,1,0,1,0,1,1,1,1,0,1,1,1,1
"InChI=1S/C11H12N4O3S/c1-8(14-16)10-4-2-3-5-11(10)15-19(17,18)9-6-12-13-7-9/h2-7,15-16H,1H3,(H,12,13)",0,0,0,0,0,0,0,0,0,0,0,0,0,0,0,0,0,0,0,0,0,0,0,1,0,0,0,0,0,0,0,1,1,0,0,0,0,0,0,0,0,0,0,0,1,0,0,0,0,1,1,1,1,0,1,0,0,1,1,1,1,0,0,1,1,0,1,0,1,0,1,0,1,0,0,1,0,1,0,1,1,0,1,0,0,0,0,1,0,0,0,0,0,1,0,1,1,0,1,0,0,1,0,0,0,1,0,1,0,0,0,1,0,0,0,0,1,0,1,1,1,0,0,1,1,0,0,0,0,1,1,0,1,0,1,1,1,0,1,1,1,1,0,1,1,1,0,1,1,1,1,0,0,0,0,1,0,1,1,1,1,0,1,1,1,1
"InChI=1S/C11H12N4O3S/c1-15-7(6-16)5-13-11(15)19-8-3-4-12-9(14-8)10(17)18-2/h3-5,16H,6H2,1-2H3",0,0,0,0,0,0,0,0,0,0,0,0,0,0,0,0,0,0,0,0,0,0,0,0,0,0,0,0,0,0,0,0,0,0,0,0,0,1,0,0,0,0,0,0,1,0,1,0,0,0,0,0,0,0,0,0,0,0,1,0,0,0,0,1,1,0,0,0,0,0,0,0,0,0,1,1,1,1,0,1,1,1,1,0,1,0,0,1,0,0,0,0,1,0,1,1,1,1,1,0,0,0,0,0,0,1,0,1,1,0,1,0,0,0,0,1,0,0,1,1,1,1,1,0,1,1,0,0,0,0,1,0,0,0,0,1,1,1,1,1,1,1,0,1,1,1,0,1,1,1,0,0,1,1,1,1,1,1,1,1,1,0,1,1,1,1
"InChI=1S/C11H12N4O3S/c1-19(17,18)8-2-3-10(9(12)4-8)15-6-7(5-14-15)11(13)16/h2-6H,12H2,1H3,(H2,13,16)",0,0,0,0,0,0,0,0,0,0,0,0,0,0,0,0,0,0,0,0,0,0,0,0,0,0,0,0,0,0,0,0,0,0,0,0,0,0,0,0,0,0,1,0,1,0,0,0,0,1,1,1,0,0,1,0,0,1,1,1,1,1,0,1,1,0,1,0,0,0,0,0,1,0,1,1,0,1,1,1,1,0,1,1,0,0,0,1,0,0,0,1,1,1,0,1,1,0,1,0,0,1,0,0,0,0,0,1,0,1,0,1,0,0,0,0,1,0,1,1,1,1,0,1,1,0,0,0,0,1,1,0,1,0,1,1,1,0,1,1,1,1,0,1,1,1,0,1,1,1,1,0,0,0,0,1,1,1,1,1,1,0,1,1,1,1
"InChI=1S/C11H12N4O3S/c1-5-4-7(16)8(10(18)15(5)3)9(17)12-11-14-13-6(2)19-11/h4,16H,1-3H3,(H,12,14,17)",0,0,0,0,0,0,0,0,0,0,0,0,0,0,0,0,0,0,0,0,0,0,0,0,0,0,0,0,0,0,0,0,0,0,0,1,0,0,0,0,0,0,0,0,1,0,1,0,0,1,0,1,1,0,0,0,0,0,0,0,0,0,0,0,1,0,0,0,0,0,0,0,0,0,1,1,1,1,1,1,1,0,1,0,1,0,0,1,1,0,0,1,1,1,0,1,1,1,1,0,0,0,0,0,0,1,0,0,0,1,0,0,1,0,0,0,1,0,1,1,1,1,0,1,1,0,1,0,0,1,1,0,1,0,1,1,1,0,1,1,1,1,1,1,1,1,0,1,1,1,0,1,0,1,0,1,1,1,1,1,1,0,1,1,1,1
"InChI=1S/C11H12N4O3S/c1-7-2-3-8(19-7)4-12-10(16)6-15-5-9(11(17)18)13-14-15/h2-3,5H,4,6H2,1H3,(H,12,16)(H,17,18)",0,0,0,0,0,0,0,0,0,0,0,0,0,0,0,0,0,0,0,0,0,0,0,0,0,0,0,0,0,0,0,0,0,0,0,1,0,0,0,0,0,0,0,0,1,0,0,0,0,0,0,1,0,0,0,0,0,0,0,0,0,0,0,0,1,0,0,0,0,1,0,0,0,0,1,1,1,1,1,1,1,0,1,0,0,0,0,1,0,1,0,1,0,1,1,1,1,0,1,1,0,0,0,1,0,0,0,1,0,1,1,0,0,0,0,0,1,0,1,1,1,1,1,1,1,0,0,0,1,1,1,1,0,0,0,1,1,1,1,1,1,1,0,0,0,1,0,1,1,0,0,0,1,1,1,1,1,1,1,1,1,0,0,1,1,1
"InChI=1S/C11H12N4O3S/c1-18-6-8-3-2-4-9(5-8)15-11(12-13-14-15)19-7-10(16)17/h2-5H,6-7H2,1H3,(H,16,17)",0,0,0,0,0,0,0,0,0,0,0,0,0,0,0,0,0,0,0,0,0,0,0,0,0,0,0,0,0,0,0,0,0,0,0,0,0,0,0,0,0,0,0,0,1,0,1,0,0,1,0,1,0,0,0,0,0,0,1,0,0,1,0,1,1,0,0,0,0,1,0,0,0,0,1,1,1,1,1,1,1,0,1,0,0,1,0,1,0,0,0,0,1,1,0,1,0,0,1,0,0,0,0,1,0,1,0,1,1,0,0,0,0,0,1,0,0,0,1,1,1,1,1,1,1,1,0,0,0,1,1,1,1,0,1,1,1,1,1,1,1,1,0,1,1,1,0,1,1,1,0,0,1,1,1,1,1,1,1,1,1,0,1,1,1,1
"InChI=1S/C11H12N4O3S/c1-6-3-7(5-12)9(19(2,17)18)4-8(6)10(16)15-11(13)14/h3-4H,1-2H3,(H4,13,14,15,16)",0,0,0,0,0,0,0,0,0,0,0,0,0,0,0,0,0,0,0,0,0,0,0,0,1,0,0,0,0,0,0,0,0,0,0,0,0,0,0,0,1,0,1,0,0,0,0,0,0,1,1,0,1,0,1,0,0,1,1,1,1,0,0,1,0,0,1,0,0,0,0,0,1,0,0,1,1,1,0,0,1,0,0,1,0,0,0,1,0,0,0,1,1,0,0,0,1,0,1,0,0,1,0,0,0,1,0,1,0,1,0,1,0,0,0,0,1,0,1,0,0,0,0,1,1,0,0,0,0,1,1,0,0,0,0,1,0,0,1,1,1,1,0,1,1,1,0,1,1,1,1,0,0,0,0,1,1,1,1,1,1,0,1,1,1,1
"InChI=1S/C11H12N4O3S/c16-10(17)8-15-11(12-13-14-15)19-7-6-18-9-4-2-1-3-5-9/h1-5H,6-8H2,(H,16,17)",0,0,0,0,0,0,0,0,0,0,0,0,0,0,0,0,0,0,0,0,0,0,0,0,0,0,0,0,0,0,0,0,0,0,0,0,0,0,0,0,0,0,0,0,0,0,1,0,0,0,0,1,0,0,0,0,0,0,1,0,0,0,0,1,1,0,0,0,0,1,0,0,0,0,1,1,1,1,1,1,1,0,1,0,0,0,0,1,0,0,0,0,0,1,1,1,1,0,1,1,0,0,0,1,0,1,0,0,1,0,1,0,1,0,0,0,0,1,1,1,1,1,1,1,1,1,1,1,0,1,1,1,0,0,0,1,1,1,1,1,0,1,1,1,1,1,1,1,0,1,0,1,1,1,1,1,1,1,1,0,1,0,1,1,1,1
"InChI=1S/C11H12N4O3S/c1-6(10-14-7(5-19-10)11(16)17)13-8-3-12-4-9(15-8)18-2/h3-6H,1-2H3,(H,13,15)(H,16,17)",0,0,0,0,0,0,0,0,0,0,0,0,0,0,0,0,0,0,0,0,1,0,0,0,0,0,0,0,0,0,0,0,0,0,0,1,0,1,0,0,0,0,0,0,1,0,1,0,0,0,0,0,0,0,0,0,0,0,0,0,0,0,0,0,1,0,0,0,0,0,0,0,0,0,0,1,1,1,1,0,1,0,1,0,0,0,0,1,0,0,0,1,1,0,1,1,1,1,1,0,0,0,0,0,0,0,0,1,0,1,0,0,1,0,0,0,1,0,1,1,1,0,1,0,1,1,1,0,0,0,1,0,1,0,1,1,1,0,1,1,1,1,1,0,1,1,0,0,1,0,1,0,0,1,0,1,1,1,1,1,1,0,1,1,1,1
"InChI=1S/C11H12N4O3S/c16-10(17)5-14-11(18)8-4-7(9-2-1-3-19-9)13-15(8)6-12-14/h1-3,6-8,13H,4-5H2,(H,16,17)",0,0,0,0,0,0,0,0,0,0,0,0,0,0,0,0,0,0,0,0,0,0,0,0,0,0,0,0,0,0,0,0,0,0,0,1,0,0,0,0,0,0,0,0,0,0,0,0,0,0,0,1,0,0,0,0,0,0,0,0,0,1,0,0,0,0,0,0,0,0,0,0,0,0,1,1,1,1,1,1,1,0,1,0,0,0,0,1,0,1,0,1,0,1,1,1,1,1,1,1,0,0,0,1,1,0,0,0,0,1,1,0,0,0,0,0,1,0,1,1,1,1,1,1,1,0,1,1,0,1,1,1,0,0,0,1,1,1,1,1,0,1,1,0,1,1,0,1,0,1,1,0,1,1,1,1,1,1,1,0,1,0,1,1,1,1
"InChI=1S/C11H12N4O3S/c1-2-14-6-8(5-12-14)15-4-3-9(16)13-11(15)19-7-10(17)18/h3-6H,2,7H2,1H3,(H,17,18)",0,0,0,0,0,0,0,0,0,0,0,0,0,0,0,0,0,0,0,0,0,0,0,0,0,0,0,0,0,0,0,0,0,0,0,0,0,0,0,0,0,0,0,0,1,0,1,0,0,0,0,1,0,0,0,0,0,0,1,0,0,1,0,1,1,0,0,0,0,0,0,0,0,0,1,1,1,1,1,1,1,0,1,0,1,0,0,1,0,0,0,1,0,1,0,1,1,1,1,1,0,0,0,1,0,1,0,1,0,1,1,0,1,1,0,0,1,0,1,1,1,1,1,1,1,0,1,0,0,1,1,1,1,0,1,1,1,1,1,1,1,1,1,1,1,1,0,1,1,1,0,0,1,1,1,1,1,1,1,1,1,0,1,1,1,1
"InChI=1S/C11H12N4O3S/c1-7-10(11(17)18)13-14-15(7)6-9(16)12-5-8-3-2-4-19-8/h2-4H,5-6H2,1H3,(H,12,16)(H,17,18)",0,0,0,0,0,0,0,0,0,0,0,0,0,0,0,0,0,0,0,0,0,0,0,0,0,0,0,0,0,0,0,0,0,0,0,1,0,0,0,0,0,0,0,0,1,0,0,0,0,0,0,1,0,0,0,0,0,0,0,0,0,0,0,0,1,0,0,0,0,1,0,0,0,0,1,1,1,1,1,1,1,0,1,0,0,0,0,1,0,1,0,1,0,1,1,1,1,0,1,1,0,0,0,1,0,0,0,0,0,1,1,0,0,0,0,1,1,0,1,1,1,1,1,1,1,0,0,0,1,1,1,1,0,0,0,1,1,1,1,1,1,1,0,1,0,1,0,1,1,1,0,0,1,1,1,1,1,1,1,1,1,0,0,1,1,1
"InChI=1S/C11H12N4O3S/c1-18-7-6-12-11-13-10(14-19-11)8-4-2-3-5-9(8)15(16)17/h2-5H,6-7H2,1H3,(H,12,13,14)",0,0,0,0,0,0,0,0,0,0,0,0,0,0,0,0,0,0,0,0,0,0,0,0,0,0,0,0,0,0,0,1,1,0,0,1,0,1,0,0,0,0,0,0,1,0,1,0,0,1,0,0,0,0,0,1,0,0,0,0,0,1,1,0,0,0,1,0,0,1,1,0,0,0,0,1,1,1,1,1,1,0,1,0,0,1,0,1,0,0,1,0,1,1,1,1,0,0,1,1,0,1,0,0,0,1,0,0,1,0,1,0,0,0,1,1,0,1,1,1,1,1,0,1,1,1,0,0,0,1,1,1,1,0,1,1,1,1,0,1,1,1,0,1,1,1,1,1,1,1,1,0,1,0,1,1,1,1,1,1,1,0,1,1,1,1
"InChI=1S/C11H12N4O3S/c12-11-10(7-13-14-11)19(16,17)15-5-6-18-9-4-2-1-3-8(9)15/h1-4,7H,5-6H2,(H3,12,13,14)",0,0,0,0,0,0,0,0,0,0,0,0,0,0,0,0,0,0,0,0,0,0,0,0,0,1,0,0,0,0,0,1,1,0,0,0,0,1,0,0,0,0,1,0,1,0,0,0,0,0,1,1,0,1,1,0,1,1,1,1,1,0,0,1,1,0,1,1,1,0,0,0,1,0,1,1,1,1,1,1,1,0,1,0,0,0,0,1,0,0,0,0,0,1,1,1,1,1,1,1,0,1,0,0,1,1,0,0,1,0,1,1,1,0,0,0,1,1,1,1,1,1,0,1,1,0,0,0,0,1,1,1,1,0,1,1,1,1,0,1,0,1,0,1,1,1,1,1,0,1,1,1,1,0,0,1,1,1,1,0,1,0,1,1,1,1
"InChI=1S/C11H12N4O3S/c1-7-3-9(14-18-7)13-10(16)4-15(2)11(17)8-5-19-6-12-8/h3,5-6H,4H2,1-2H3,(H,13,14,16)",0,0,0,0,0,0,0,0,0,0,0,0,0,0,0,0,0,0,0,0,0,0,0,1,0,0,0,0,0,0,0,0,0,0,0,1,0,1,0,0,0,0,0,0,1,0,1,0,0,0,0,0,0,0,0,0,1,0,0,0,0,0,0,0,1,0,0,0,0,0,1,0,0,0,0,1,1,1,1,0,0,0,1,0,1,1,0,1,0,0,1,1,1,1,1,1,1,0,1,1,0,1,0,0,0,0,0,1,0,1,1,0,0,0,1,0,1,0,1,1,1,1,0,1,1,0,0,0,0,1,1,1,1,0,0,1,1,1,0,1,1,1,0,0,0,1,0,1,1,0,1,1,1,1,1,1,1,1,1,1,1,0,0,1,1,1
"InChI=1S/C11H12N4O3S/c16-10(17)8-5-6-9(18-8)19-11-12-13-14-15(11)7-3-1-2-4-7/h5-7H,1-4H2,(H,16,17)",0,0,0,0,0,0,0,0,0,0,0,0,0,0,0,0,0,0,0,0,1,0,0,0,0,0,0,0,0,0,0,0,0,0,0,0,0,0,0,0,0,0,0,0,0,0,1,0,0,0,0,1,0,0,0,0,1,0,1,0,0,1,0,1,1,0,0,0,0,1,0,1,0,0,1,1,1,1,1,1,1,0,1,0,0,0,0,1,0,0,0,0,0,1,0,1,1,0,1,0,0,0,0,0,0,1,0,0,0,0,1,0,0,0,0,0,0,1,1,1,1,1,1,1,1,0,0,0,0,1,1,0,1,0,0,1,1,0,1,1,0,1,0,1,0,1,1,1,0,1,0,1,0,1,0,1,1,1,1,0,1,0,0,1,1,1
"InChI=1S/C11H12N4O3S/c16-9(1-3-15-4-2-12-7-15)13-5-10-14-8(6-19-10)11(17)18/h2,4,6-7H,1,3,5H2,(H,13,16)(H,17,18)",0,0,0,0,0,0,0,0,0,0,0,0,0,0,0,0,0,0,0,0,0,0,0,0,0,0,0,0,0,0,0,0,0,0,0,1,0,0,0,0,0,0,0,0,1,0,1,0,0,0,0,0,0,0,0,0,0,0,0,0,0,0,0,0,1,0,0,0,0,0,0,0,0,0,1,1,1,1,1,1,1,0,1,0,1,0,0,1,0,1,0,1,0,0,1,1,1,0,1,1,0,0,0,1,0,0,0,0,0,1,1,0,0,0,0,0,1,1,1,1,1,1,1,0,1,0,0,1,1,0,1,1,0,0,0,1,1,1,1,1,0,1,0,0,0,1,1,1,0,0,0,0,1,1,1,1,1,1,1,0,1,0,0,1,1,1
"InChI=1S/C11H12N4O3S/c1-4-18-10(17)9-7(3)19-11(13-9)15-14-8(5-12)6(2)16/h4H2,1-3H3,(H,13,15)",0,0,0,0,0,0,0,0,0,0,0,0,0,0,0,0,0,0,0,0,0,0,0,0,0,0,0,0,0,0,0,0,0,0,0,1,0,0,0,0,1,0,0,0,1,0,1,0,0,0,0,1,0,0,0,0,0,0,0,0,0,0,0,0,1,0,0,0,1,0,0,0,0,0,0,1,1,1,1,1,1,0,1,0,0,0,0,1,0,0,0,0,0,1,1,1,1,0,1,0,0,0,0,0,0,1,0,0,1,0,0,0,0,1,0,0,0,0,1,1,1,0,1,1,1,1,0,0,0,1,1,0,1,0,1,1,1,1,0,1,1,1,0,1,0,1,0,0,1,1,1,1,1,1,1,1,1,1,1,1,1,0,0,1,1,1
"InChI=1S/C11H12N4O3S/c1-13-2-3-14(6-7(13)16)9-8(10(17)18)15-4-5-19-11(15)12-9/h4-5H,2-3,6H2,1H3,(H,17,18)",0,0,0,0,0,0,0,0,0,0,0,0,0,0,0,0,0,0,0,0,1,0,0,0,0,0,0,0,0,0,0,0,0,0,0,1,0,1,0,0,0,0,0,0,1,0,1,0,0,0,0,0,0,0,0,0,0,0,0,0,0,1,0,0,1,0,0,0,0,0,0,0,0,0,1,1,1,1,1,1,1,0,1,0,1,1,0,1,0,0,0,1,1,0,1,1,1,1,1,1,0,0,0,0,1,1,0,0,0,1,1,0,0,0,1,1,1,1,1,1,1,1,1,0,1,0,1,0,1,0,1,1,1,0,1,1,1,1,1,1,1,1,1,1,1,1,1,1,1,1,0,0,1,1,0,1,1,1,1,1,1,0,1,1,1,1
"InChI=1S/C11H12N4O3S/c1-7-2-3-9(4-10(7)11(12)16)19(17,18)15-8-5-13-14-6-8/h2-6,15H,1H3,(H2,12,16)(H,13,14)",0,0,0,0,0,0,0,0,0,0,0,0,0,0,0,0,0,0,0,0,0,0,0,0,0,0,0,0,0,0,0,1,1,0,0,0,0,0,0,0,0,0,1,0,1,0,0,0,0,1,1,1,1,1,1,0,0,1,1,1,1,0,0,1,1,0,1,0,0,0,0,0,1,0,0,1,0,1,1,1,1,0,1,0,0,0,0,1,0,0,0,1,0,1,0,1,0,0,1,0,0,1,0,0,0,1,0,0,0,1,0,1,0,0,0,0,1,0,1,1,1,0,0,1,1,0,0,0,0,1,1,0,1,0,1,1,1,0,1,1,1,1,0,1,1,1,0,1,1,1,1,0,0,0,0,1,1,1,1,1,1,0,1,1,1,1
"InChI=1S/C11H12N4O3S/c1-7-11(8(2)18-14-7)19(16,17)15-4-9-3-12-6-13-10(9)5-15/h3,6H,4-5H2,1-2H3",0,0,0,0,0,0,0,0,0,0,0,0,0,0,0,0,0,0,0,0,0,0,0,1,0,1,0,0,0,0,0,1,1,0,0,0,0,0,0,0,0,0,0,0,1,0,0,0,0,1,1,0,0,0,1,0,1,1,1,1,1,0,0,1,1,0,1,0,0,0,1,0,1,0,1,1,1,1,1,1,1,0,1,0,0,1,0,1,1,0,0,0,0,1,0,1,1,1,1,1,0,1,0,0,1,1,0,0,0,0,1,1,0,0,0,0,1,0,1,1,1,1,0,1,1,0,0,0,0,1,0,0,0,0,0,1,1,1,0,1,1,1,0,1,1,1,0,1,1,1,0,1,1,0,0,1,1,1,1,1,1,0,1,1,1,1
"InChI=1S/C11H12N4O3S/c1-18-9-2-4-10(5-3-9)19(16,17)15-14-8-11-12-6-7-13-11/h2-8,14-15H,1H3",0,0,0,0,0,0,0,0,0,0,0,0,0,0,0,0,0,0,0,0,1,0,0,0,0,0,0,0,0,0,0,1,1,0,0,0,0,1,0,0,0,0,0,0,1,0,1,0,0,0,1,1,0,0,1,0,0,1,1,1,1,0,0,1,0,0,1,1,1,1,0,0,1,0,0,1,1,1,1,1,1,0,1,0,0,0,0,1,0,0,0,0,1,1,1,1,0,0,1,0,0,1,0,0,0,1,0,1,0,0,0,1,1,0,0,0,1,0,1,1,1,0,0,1,1,1,1,0,0,1,1,0,0,0,0,1,1,0,0,1,1,1,1,0,1,1,0,1,1,0,1,1,0,0,0,1,1,1,1,1,1,0,1,1,1,1
"InChI=1S/C11H12N4O3S/c1-5-6(2)19-11(12-5)13-9(16)7-4-15(3)14-8(7)10(17)18/h4H,1-3H3,(H,17,18)(H,12,13,16)",0,0,0,0,0,0,0,0,0,0,0,0,0,0,0,0,0,0,0,0,0,0,0,0,0,0,0,0,0,0,0,0,0,0,0,1,0,0,0,0,0,0,0,0,1,0,1,0,0,1,0,1,0,0,0,0,0,0,0,0,0,0,0,0,1,0,0,0,0,0,0,0,0,0,1,1,1,1,0,1,1,0,1,0,0,0,0,1,0,0,0,1,1,1,1,1,1,0,1,0,0,0,0,0,0,1,0,0,0,1,0,0,0,0,0,0,1,0,1,1,1,1,1,1,1,0,0,0,0,1,1,0,1,0,1,1,1,0,1,1,1,1,0,1,0,1,0,1,1,1,0,0,0,1,0,1,1,1,1,1,1,0,0,1,1,1
"InChI=1S/C11H12N4O3S/c1-8(16)13-9-2-4-10(5-3-9)19(17,18)15-11-6-7-12-14-11/h2-7H,1H3,(H,13,16)(H2,12,14,15)",0,0,0,0,0,0,0,0,0,0,0,0,0,0,0,0,0,0,0,0,0,0,0,0,0,0,0,0,0,0,0,1,1,0,0,0,0,1,0,0,0,0,0,0,1,0,0,0,0,0,1,1,0,1,1,0,0,1,1,1,1,0,0,1,1,0,1,0,0,0,0,0,1,0,0,1,1,1,1,0,1,0,1,0,0,0,0,1,0,0,0,1,0,1,0,1,1,0,1,0,0,1,0,0,0,1,0,1,0,1,0,1,0,0,0,0,1,0,1,1,1,0,0,1,1,0,0,0,0,1,1,0,1,0,1,1,1,0,1,1,1,1,0,0,1,1,0,1,1,0,1,0,0,0,0,1,1,1,1,1,1,0,1,1,1,1
"InChI=1S/C11H12N4O3S/c1-12-9(16)4-5-13-7-2-3-8-10(14-6-19-8)11(7)15(17)18/h2-3,6,13H,4-5H2,1H3,(H,12,16)",0,0,0,0,0,0,0,0,0,0,0,0,0,0,0,0,0,0,0,0,0,0,0,0,0,1,0,0,0,0,0,0,0,0,0,1,0,0,0,0,0,0,0,0,1,0,1,0,0,0,0,0,1,0,0,1,0,0,0,0,0,0,1,0,1,0,0,0,0,1,1,0,0,0,0,1,0,1,1,1,1,1,1,0,0,0,0,1,0,1,0,1,1,1,0,1,1,0,1,1,0,1,0,1,1,0,0,1,0,1,1,0,0,0,0,1,1,1,1,1,1,1,0,1,1,0,0,0,0,1,1,1,1,0,1,1,1,1,1,1,1,1,0,1,1,1,1,1,1,1,1,0,1,0,1,1,1,1,1,1,1,0,1,1,1,1
"InChI=1S/C11H12N4O3S/c1-3-12-10(16)14-11-13-9-6(2)4-7(15(17)18)5-8(9)19-11/h4-5H,3H2,1-2H3,(H2,12,13,14,16)",0,0,0,0,0,0,0,0,0,0,0,0,0,0,0,0,0,0,0,0,0,0,0,0,0,1,0,0,0,0,0,0,0,0,0,1,1,0,0,0,0,0,1,0,1,0,1,0,0,1,0,0,0,0,0,1,0,0,0,0,0,0,1,0,1,0,0,0,0,1,1,0,0,0,0,1,1,1,0,1,1,0,1,0,0,0,0,1,0,1,0,0,0,1,0,1,1,0,1,1,0,1,0,0,1,1,0,1,0,1,0,0,0,1,0,0,1,0,1,1,1,1,0,1,1,0,0,0,0,1,1,0,1,0,1,1,1,1,1,1,1,1,0,0,1,1,0,1,1,0,1,0,1,0,1,1,1,1,1,1,1,0,1,1,1,1
"InChI=1S/C11H12N4O3S/c1-18-10-3-2-8(6-9(10)12)19(16,17)15-11-7-13-4-5-14-11/h2-7H,12H2,1H3,(H,14,15)",0,0,0,0,0,0,0,0,0,0,0,0,0,0,0,0,0,0,0,0,0,0,0,0,0,0,0,0,0,0,0,1,1,0,0,0,0,1,0,0,0,0,0,0,1,0,0,0,0,0,1,0,0,0,1,0,0,1,1,1,1,0,0,1,0,0,1,0,0,0,0,0,1,0,0,1,1,1,1,0,1,0,0,1,0,0,0,1,0,0,0,0,1,1,1,0,1,1,1,0,0,1,0,0,0,1,0,1,0,0,0,1,1,0,0,0,1,0,1,1,1,0,0,1,1,1,1,0,0,1,1,0,1,0,1,1,1,0,0,1,1,1,1,1,1,1,0,1,1,1,1,1,0,0,0,1,1,1,1,1,1,0,1,1,1,1
"InChI=1S/C11H12N4O3S/c1-18-6-8-5-9(19-7-10(16)17)15(14-8)11-12-3-2-4-13-11/h2-5H,6-7H2,1H3,(H,16,17)",0,0,0,0,0,0,0,0,0,0,0,0,0,0,0,0,0,0,0,0,1,0,0,0,1,0,0,0,0,0,0,0,0,0,0,0,0,0,0,0,0,0,0,0,1,0,1,0,0,0,0,1,0,0,0,0,0,0,1,0,0,1,0,1,1,0,0,0,0,0,0,0,0,0,1,1,1,1,1,0,1,0,1,0,0,1,0,1,0,0,0,0,1,1,1,1,1,1,1,0,0,0,0,1,0,1,0,1,1,0,1,0,0,0,1,0,0,0,1,1,1,1,1,1,1,1,0,0,0,1,1,1,1,0,1,1,1,1,1,1,1,1,0,1,1,1,0,1,1,1,0,0,1,1,1,1,1,1,1,1,1,0,1,1,1,1
"InChI=1S/C11H12N4O3S/c1-18-11(17)8-9-10(16)12-6(5-15(9)14-13-8)7-3-2-4-19-7/h2-5,8-9,13-14H,1H3,(H,12,16)",0,0,0,0,0,0,0,0,0,0,0,0,0,0,0,0,0,0,0,0,0,0,0,0,0,0,0,0,0,0,0,0,0,0,0,1,0,0,0,0,0,0,0,0,1,0,0,0,0,0,0,1,1,0,0,0,0,0,0,0,0,1,0,0,0,0,0,1,1,1,0,0,0,0,0,1,1,1,1,1,1,0,1,0,0,0,0,1,0,0,0,1,1,1,1,1,1,1,1,0,0,0,0,0,1,0,0,1,0,1,0,0,0,0,0,0,1,0,1,1,1,1,1,1,1,1,1,0,0,1,1,0,0,0,0,1,1,0,1,1,1,1,1,0,1,1,0,1,1,0,1,0,0,1,0,1,1,1,1,1,1,0,1,1,1,1
"InChI=1S/C11H12N4O3S/c1-14-8(2-4-12-14)6-15-5-3-9(16)13-11(15)19-7-10(17)18/h2-5H,6-7H2,1H3,(H,17,18)",0,0,0,0,0,0,0,0,0,0,0,0,0,0,0,0,0,0,0,0,0,0,0,0,0,0,0,0,0,0,0,0,0,0,0,0,0,0,0,0,0,0,0,0,1,0,1,0,0,0,0,1,0,0,0,0,0,0,1,0,0,0,0,1,1,0,0,0,0,0,0,0,0,0,1,1,1,1,1,1,1,0,1,0,1,0,0,1,0,0,0,1,1,1,0,1,1,1,1,1,0,0,0,1,0,1,0,1,0,1,1,0,1,0,0,1,1,0,1,1,1,1,1,1,1,0,1,1,0,1,1,1,0,0,0,1,1,1,1,1,1,1,1,1,1,1,0,1,1,1,0,0,1,1,1,1,1,1,1,1,1,0,1,1,1,1
"InChI=1S/C11H12N4O3S/c1-18-11-10(13-6-7-14-11)15-8-2-4-9(5-3-8)19(12,16)17/h2-7H,1H3,(H,13,15)(H2,12,16,17)",0,0,0,0,0,0,0,0,0,0,0,0,0,0,0,0,0,0,0,0,0,0,0,0,0,0,0,0,0,0,0,1,1,0,0,0,0,1,0,0,0,0,0,0,1,0,0,0,0,0,1,0,0,0,1,0,0,1,1,1,1,0,0,1,0,0,1,0,0,0,0,0,1,0,0,1,1,1,1,0,1,0,0,1,0,0,0,1,0,0,0,1,1,1,1,0,0,1,1,0,0,1,0,0,0,1,0,1,0,1,0,1,0,0,0,0,1,0,1,1,1,0,0,1,1,1,1,0,0,1,1,0,1,0,1,1,1,0,0,1,1,1,1,0,1,1,0,1,1,1,1,0,0,0,0,1,1,1,1,1,1,0,1,1,1,1
"InChI=1S/C11H12N4O3S/c1-8-10(11(16)14-19(2,17)18)13-15(12-8)9-6-4-3-5-7-9/h3-7H,1-2H3,(H,14,16)",0,0,0,0,0,0,0,0,0,0,0,0,0,0,0,0,0,0,0,0,0,0,0,0,0,0,0,0,0,0,0,1,1,0,0,0,0,0,0,0,0,0,0,0,1,0,0,0,0,0,1,1,0,0,1,0,0,1,0,1,1,1,0,0,1,0,1,0,0,1,0,0,1,0,1,1,1,1,1,1,0,0,1,0,0,0,0,1,1,0,0,1,1,1,1,1,1,0,1,0,0,1,0,0,0,1,0,0,0,1,0,1,0,0,0,0,1,0,1,1,1,1,0,1,1,0,0,0,0,1,1,0,1,0,1,1,1,0,1,1,1,1,0,1,1,1,0,1,1,1,0,0,0,0,0,1,1,1,1,1,1,0,1,1,1,1
"InChI=1S/C11H12N4O3S/c12-5-8-19(17,18)14-9-1-3-10(4-2-9)15-7-6-13-11(15)16/h1-4,14H,6-8H2,(H,13,16)",0,0,0,0,0,0,0,0,0,0,0,0,0,0,0,0,0,0,0,0,0,0,0,0,0,0,0,0,0,0,0,1,1,0,0,0,1,0,0,0,1,0,0,0,1,0,0,0,0,0,1,0,0,0,1,0,0,1,0,1,1,1,0,0,0,0,1,0,0,0,0,0,1,0,1,1,1,1,0,1,0,0,1,0,1,0,0,1,0,1,1,0,0,1,0,1,1,0,1,1,0,1,0,1,0,1,0,0,0,1,1,1,0,0,0,0,1,0,1,1,1,1,0,1,1,0,1,0,0,1,1,1,1,0,1,1,1,1,1,1,0,1,1,0,1,1,0,1,0,1,1,0,1,0,1,1,1,1,1,0,1,0,1,1,1,1
"InChI=1S/C11H12N4O3S/c1-18-9-4-8(13-6-14-9)12-3-2-10-15-7(5-19-10)11(16)17/h4-6H,2-3H2,1H3,(H,16,17)(H,12,13,14)",0,0,0,0,0,0,0,0,0,0,0,0,0,0,0,0,0,0,0,0,1,0,0,0,0,0,0,0,0,0,0,0,0,0,0,1,0,1,0,0,0,0,0,0,1,0,1,0,0,0,0,0,0,0,0,0,0,0,0,0,0,0,0,0,1,0,0,0,0,0,0,0,0,0,0,1,1,1,0,1,1,1,1,0,0,0,0,1,0,0,0,1,1,0,1,1,1,1,1,1,0,0,0,1,0,0,0,1,0,1,1,0,1,0,0,0,1,1,1,1,1,0,1,0,1,1,1,0,0,0,1,0,1,0,1,1,1,1,1,1,1,1,1,0,1,1,1,0,1,0,1,0,1,1,1,1,1,1,1,1,1,0,1,1,1,1
"InChI=1S/C11H12N4O3S/c1-14-8(6-9(16)15(2)11(14)18)12-13-10(17)7-4-3-5-19-7/h3-6,12H,1-2H3,(H,13,17)",0,0,0,0,0,0,0,0,0,0,0,0,0,0,0,0,0,0,0,0,1,0,0,0,0,0,0,0,0,0,0,0,0,0,0,1,1,1,0,0,0,0,0,0,1,0,0,0,0,0,0,1,0,0,0,0,0,0,0,0,0,0,0,0,1,0,0,1,1,0,0,0,0,0,1,1,1,0,1,1,1,0,1,0,1,0,0,1,1,0,0,1,1,1,1,1,1,1,1,0,0,0,0,0,0,1,0,0,0,1,0,0,1,0,0,0,1,0,0,1,1,1,0,1,1,0,1,0,0,1,1,0,1,0,1,1,1,0,0,1,1,1,1,1,1,1,0,1,1,1,1,0,0,1,0,1,0,1,1,1,1,0,1,1,1,1
"InChI=1S/C11H12N4O3S/c1-19(16,17)15-6-8(7-15)11-13-10(14-18-11)9-4-2-3-5-12-9/h2-5,8H,6-7H2,1H3",0,0,0,0,0,0,0,1,0,0,1,0,0,0,0,0,0,0,0,0,0,0,0,1,0,0,0,0,0,0,0,1,1,0,0,0,0,1,0,0,0,0,0,0,1,0,0,0,0,0,1,0,0,0,1,0,1,1,0,1,1,1,0,1,1,0,1,0,0,0,1,0,1,0,1,1,1,1,1,1,1,0,1,0,0,1,0,1,0,0,0,1,1,1,0,1,1,1,1,1,0,1,0,0,0,1,0,1,0,1,0,1,0,0,0,1,1,0,1,1,1,1,0,1,1,0,0,0,0,1,0,0,0,0,0,1,1,1,0,1,1,1,0,0,1,1,0,1,1,0,0,0,1,0,0,1,1,1,1,1,1,0,1,1,1,1
"InChI=1S/C11H12N4O3S/c1-2-15-10(18)13-14-11(15)19-8-4-3-6(9(16)17)5-7(8)12/h3-5H,2,12H2,1H3,(H,13,18)(H,16,17)",0,0,0,0,0,0,0,0,0,0,0,0,0,0,0,0,0,0,0,0,0,0,0,0,0,0,0,0,0,0,0,0,0,0,0,0,1,0,0,0,0,0,0,0,1,0,1,0,0,1,0,1,0,0,0,0,0,0,1,0,0,0,0,1,1,0,0,0,0,0,0,0,0,0,1,1,1,1,1,0,1,0,1,1,1,0,0,1,0,1,0,0,0,1,1,1,0,0,1,1,0,0,0,0,0,1,0,0,0,1,0,0,1,1,0,0,1,0,1,1,1,1,1,1,1,0,1,0,0,1,1,0,1,0,1,1,1,1,1,1,1,1,1,1,1,1,0,1,1,1,1,0,1,1,1,1,1,1,1,1,1,0,1,1,1,1
"InChI=1S/C11H12N4O3S/c1-18-9-7-8(12)3-4-10(9)19(16,17)15-11-13-5-2-6-14-11/h2-7H,12H2,1H3,(H,13,14,15)",0,0,0,0,0,0,0,0,0,0,0,0,0,0,0,0,0,0,0,0,0,0,0,0,1,0,0,0,0,0,0,1,1,0,0,0,0,0,0,0,0,0,0,0,1,0,0,0,0,0,1,0,0,0,1,0,0,1,1,1,1,0,0,1,1,0,1,0,0,0,0,0,1,0,0,1,1,1,0,0,1,0,0,1,0,0,0,1,1,0,0,0,1,1,0,0,1,1,1,0,0,1,0,0,0,1,0,1,0,0,0,1,1,0,0,0,1,0,1,1,1,0,0,1,1,1,1,0,0,1,1,0,1,0,1,1,1,0,0,1,1,1,1,1,1,1,0,1,1,1,1,1,0,0,0,1,1,1,1,1,1,0,1,1,1,1
"InChI=1S/C11H12N4O3S/c12-4-1-7-15(8-2-5-13)19(17,18)11-9-14-6-3-10(11)16/h3,6,9,11H,1-2,7-8H2",0,0,0,0,0,0,0,0,0,0,0,0,0,0,0,0,0,0,0,0,0,0,0,0,0,0,0,0,0,0,0,1,1,0,0,0,0,0,0,0,1,0,0,0,1,0,0,0,0,0,1,0,0,0,1,0,0,1,0,1,1,0,0,1,0,0,1,0,0,0,0,0,1,0,0,0,0,1,0,1,1,0,0,0,0,1,0,1,1,0,0,0,0,1,0,0,1,1,1,1,0,1,0,0,0,1,0,0,0,0,1,1,0,0,0,0,1,1,1,1,1,1,0,1,0,0,1,1,1,1,0,0,0,0,0,1,1,1,0,1,0,1,1,0,1,1,1,1,0,1,0,1,1,1,1,1,0,1,1,0,1,0,1,1,1,1
"InChI=1S/C11H12N4O3S/c1-8(16)9-3-2-4-10(5-9)19(17,18)14-6-11-12-7-13-15-11/h2-5,7,14H,6H2,1H3,(H,12,13,15)",0,0,0,0,0,0,0,0,0,0,0,0,0,0,0,0,0,0,0,0,0,0,0,0,0,0,0,0,0,0,0,1,1,0,0,0,0,1,0,0,0,0,0,0,0,0,0,0,0,1,1,1,1,0,1,0,0,1,1,1,1,0,0,1,1,0,1,0,0,0,0,0,1,0,0,1,1,1,1,1,1,1,1,0,0,0,0,1,0,1,0,0,0,1,0,1,0,0,1,1,0,1,0,0,0,1,0,1,0,0,1,1,0,0,0,0,1,0,1,1,1,0,0,1,1,0,0,0,0,1,1,0,0,0,0,1,1,1,0,1,1,1,0,0,1,1,0,1,1,0,1,1,1,1,1,1,0,1,1,1,1,0,1,1,1,1
"InChI=1S/C11H12N4O3S/c1-3-15-10(18)13-14-11(15)19-8-7(9(16)17)5-4-6(2)12-8/h4-5H,3H2,1-2H3,(H,13,18)(H,16,17)",0,0,0,0,0,0,0,0,0,0,0,0,0,0,0,0,0,0,0,0,1,0,0,0,0,0,0,0,0,0,0,0,0,0,0,0,1,0,0,0,0,0,0,0,1,0,1,0,0,1,0,1,0,0,0,0,0,0,1,0,0,0,0,1,1,0,0,0,0,0,0,0,0,0,1,1,1,1,1,1,1,0,1,0,1,0,0,1,0,1,0,0,0,1,1,1,1,1,1,1,0,0,0,0,0,1,0,0,0,1,0,0,1,1,0,0,1,0,1,1,1,1,1,1,1,0,1,0,0,1,1,0,0,0,0,1,1,1,1,1,1,1,1,1,1,1,0,1,1,1,0,0,1,1,1,1,1,1,1,1,1,0,1,1,1,1
"InChI=1S/C11H12N4O3S/c1-7-2-5-19-9(7)10(16)12-3-4-15-6-8(11(17)18)13-14-15/h2,5-6H,3-4H2,1H3,(H,12,16)(H,17,18)",0,0,0,0,0,0,0,0,0,0,0,0,0,0,0,0,0,0,0,0,0,0,0,0,0,0,0,0,0,0,0,0,0,0,0,1,0,0,0,0,0,0,0,0,1,0,0,0,0,1,0,1,0,0,0,0,0,0,0,0,0,0,0,0,1,0,0,0,0,1,0,0,0,0,1,1,1,1,1,1,1,0,1,0,0,0,0,1,0,1,1,1,0,1,1,1,1,0,1,1,0,0,0,0,0,0,0,1,0,1,1,0,0,0,0,0,1,1,1,1,1,1,1,1,1,0,0,0,0,1,1,0,0,0,0,1,1,1,1,1,1,1,0,1,0,1,1,1,1,1,0,0,1,1,1,1,1,1,1,1,1,0,0,1,1,1
"InChI=1S/C11H12N4O3S/c16-10(12-4-3-8-2-1-5-19-8)7-15-6-9(11(17)18)13-14-15/h1-2,5-6H,3-4,7H2,(H,12,16)(H,17,18)",0,0,0,0,0,0,0,0,0,0,0,0,0,0,0,0,0,0,0,0,0,0,0,0,0,0,0,0,0,0,0,0,0,0,0,1,0,0,0,0,0,0,0,0,1,0,0,0,0,0,0,1,0,0,0,0,0,0,0,0,0,0,0,0,1,0,0,0,0,1,0,0,0,0,1,1,1,1,1,1,1,0,1,0,0,0,0,1,0,1,1,1,0,1,1,1,1,0,1,1,0,0,0,1,0,0,0,0,0,1,1,0,0,0,0,0,1,1,1,1,1,1,1,1,1,0,0,1,1,1,1,1,0,0,0,1,1,1,1,1,0,1,0,0,0,1,1,1,0,0,0,0,1,1,1,1,1,1,1,0,1,0,0,1,1,1
"InChI=1S/C11H12N4O3S/c1-8(16)14-9-2-4-10(5-3-9)15-19(17,18)11-6-12-7-13-11/h2-7,15H,1H3,(H,12,13)(H,14,16)",0,0,0,0,0,0,0,0,0,0,0,0,0,0,0,0,0,0,0,0,1,0,0,0,0,0,0,0,0,0,0,1,1,0,0,0,0,0,0,0,0,0,0,0,1,0,1,0,0,0,1,0,0,1,1,0,0,1,1,1,1,0,0,1,1,0,1,0,0,0,0,0,1,0,0,1,1,1,1,1,1,0,1,0,0,0,0,1,0,0,0,1,0,1,1,1,1,0,1,0,0,1,0,0,0,1,0,1,0,1,0,1,0,0,0,0,1,0,1,1,1,0,0,1,1,0,0,0,0,1,1,0,1,0,1,1,1,0,1,1,1,1,0,0,1,1,0,1,1,0,1,0,0,0,0,1,1,1,1,1,1,0,1,1,1,1
"InChI=1S/C11H12N4O3S/c1-8-12-5-4-9(15-8)6-14-19(17,18)10-2-3-11(16)13-7-10/h2-5,7,10,14H,6H2,1H3",0,0,0,0,0,0,0,0,0,0,0,0,0,0,0,0,0,0,0,0,0,0,0,0,0,0,0,0,0,0,0,1,1,0,0,0,0,1,0,0,0,0,0,0,1,0,0,0,0,0,1,0,0,0,1,0,0,1,0,1,1,0,0,1,1,0,1,0,0,0,0,0,1,0,0,0,1,1,1,1,1,1,0,0,0,0,0,1,0,0,0,1,0,1,0,0,1,1,1,1,0,1,0,0,0,1,0,1,0,1,1,1,0,0,0,0,1,0,1,1,1,0,0,1,1,0,1,0,0,1,1,0,0,0,0,1,1,1,0,1,1,1,1,0,1,1,0,1,1,0,1,0,1,1,1,1,0,1,1,1,1,0,1,1,1,1
"InChI=1S/C11H12N4O3S/c1-7-8(10(16)17)9(14-11(18)13-7)19-5-4-15-3-2-12-6-15/h2-3,6H,4-5H2,1H3,(H,16,17)(H,13,14,18)",0,0,0,0,0,0,0,0,0,0,0,0,0,0,0,0,0,0,0,0,0,0,0,0,0,0,0,0,0,0,0,0,0,0,0,0,1,0,0,0,0,0,0,0,1,0,1,0,0,1,0,0,0,0,0,0,0,0,1,0,0,0,0,1,1,0,0,0,0,0,0,0,0,0,1,1,1,1,0,0,1,0,1,0,1,0,0,1,0,0,0,0,0,0,0,1,1,1,1,1,0,0,0,0,0,1,0,0,0,1,1,0,1,0,0,0,1,1,1,1,1,1,1,0,1,0,1,0,0,0,1,0,0,0,0,1,1,1,1,1,1,1,1,1,1,1,1,1,1,1,0,0,1,1,1,1,1,1,1,1,1,0,1,1,1,1
"InChI=1S/C11H12N4O3S/c1-12-11(16)8-2-4-9(5-3-8)15-19(17,18)10-6-13-14-7-10/h2-7,15H,1H3,(H,12,16)(H,13,14)",0,0,0,0,0,0,0,0,0,0,0,0,0,0,0,0,0,0,0,0,0,0,0,0,0,0,0,0,0,0,0,1,1,0,0,0,0,0,0,0,0,0,0,0,1,0,0,0,0,1,1,1,1,0,1,0,0,1,1,1,1,0,0,1,1,0,1,0,0,0,0,0,1,0,0,1,0,1,0,1,1,0,1,0,0,0,0,1,0,0,0,1,1,1,0,1,1,0,1,0,0,1,0,0,0,1,0,1,0,1,0,1,0,0,0,0,1,0,1,1,1,0,0,1,1,0,0,0,0,1,1,0,1,0,1,1,1,0,0,1,1,1,0,0,1,1,0,1,1,0,1,0,0,1,0,1,0,1,1,1,1,0,1,1,1,1
"InChI=1S/C11H12N4O3S/c1-8(16)12-10-13-11(15-14-10)19(17,18)7-9-5-3-2-4-6-9/h2-6H,7H2,1H3,(H2,12,13,14,15,16)",0,0,0,0,0,0,0,0,0,0,0,0,0,0,0,0,0,0,0,0,0,0,0,0,1,0,0,0,0,0,0,0,0,0,0,0,0,0,0,0,0,0,0,0,0,0,1,0,0,1,1,1,1,0,1,0,0,1,1,1,1,0,0,1,1,0,1,0,0,0,0,0,1,0,0,1,1,1,1,0,1,0,1,0,0,0,0,1,0,0,1,1,0,1,1,1,1,0,1,0,0,1,0,0,0,1,0,0,0,1,0,1,0,0,0,0,1,0,1,1,1,0,0,1,1,0,0,0,0,1,1,1,1,0,1,1,1,1,1,1,1,1,0,0,1,1,0,1,1,0,1,0,1,0,1,1,1,1,1,1,1,0,1,1,1,1
"InChI=1S/C11H12N4O3S/c16-10(17)8-2-4-19-9(8)15-11(18)13-3-1-7-5-12-6-14-7/h2,4-6H,1,3H2,(H,12,14)(H,16,17)(H2,13,15,18)",0,0,0,0,0,0,0,0,0,0,0,0,0,0,0,0,0,0,0,0,1,0,0,0,0,0,0,0,0,0,0,0,0,0,0,1,1,0,0,0,0,0,1,0,1,0,1,0,0,1,0,0,1,0,0,0,0,0,0,0,0,0,0,0,1,0,0,0,0,0,0,0,0,0,0,1,1,1,1,1,1,0,1,0,0,0,0,1,0,1,1,0,0,0,0,1,1,0,1,1,0,0,0,1,0,1,0,0,0,1,1,0,0,0,0,0,1,1,1,1,1,0,1,0,1,0,0,0,0,0,1,0,1,0,1,1,1,1,1,1,0,1,0,1,0,1,1,0,0,1,1,0,1,1,1,1,1,1,1,0,1,0,0,1,1,1
"InChI=1S/C11H12N4O3S/c1-7-6-8(2-3-10(7)19(12,17)18)14-11(16)9-4-5-13-15-9/h2-6H,1H3,(H,13,15)(H,14,16)(H2,12,17,18)",0,0,0,0,0,0,0,0,0,0,0,0,0,0,0,0,0,0,0,0,0,0,0,0,0,0,0,0,0,0,0,1,1,0,0,0,0,0,0,0,0,0,0,0,1,0,0,0,0,1,1,1,1,0,1,0,0,1,1,1,1,0,0,1,1,0,1,0,0,0,0,0,1,0,0,1,0,1,1,1,1,0,1,1,0,0,0,1,0,0,0,1,0,1,1,1,1,0,1,0,0,1,0,0,0,1,0,1,0,1,0,1,0,0,0,0,1,0,1,1,1,0,0,1,1,0,0,0,0,1,1,0,1,0,1,1,1,0,1,1,1,1,0,1,1,1,0,1,1,1,1,0,0,0,0,1,1,1,1,1,1,0,1,1,1,1
"InChI=1S/C11H12N4O3S/c12-19(17,18)9-3-1-8(2-4-9)7-13-11(16)10-5-6-14-15-10/h1-6H,7H2,(H,13,16)(H,14,15)(H2,12,17,18)",0,0,0,0,0,0,0,0,0,0,0,0,0,0,0,0,0,0,0,0,0,0,0,0,0,0,0,0,0,0,0,1,1,0,0,0,0,0,0,0,0,0,0,0,1,0,0,0,0,1,1,1,1,0,1,0,0,1,1,1,1,0,0,1,1,0,1,0,0,0,0,0,1,0,0,1,0,1,1,1,1,1,1,1,0,0,0,1,0,0,0,1,0,1,1,1,1,0,1,1,0,1,0,0,0,1,0,0,0,1,0,1,0,0,0,0,1,0,1,1,1,0,0,1,1,0,0,0,0,1,1,0,0,0,0,1,1,1,0,1,0,1,0,0,1,1,0,1,0,0,1,0,1,1,1,1,0,1,1,0,1,0,1,1,1,1
"InChI=1S/C11H12N4O3S/c1-2-12-11(17)15-8(16)5-18-9-7-3-4-19-10(7)14-6-13-9/h3-4,6H,2,5H2,1H3,(H2,12,15,16,17)",0,0,0,0,0,0,0,0,0,0,0,0,0,0,0,0,0,0,0,0,1,0,0,0,0,1,0,0,0,0,0,0,0,0,0,1,1,0,0,0,0,0,0,0,1,0,1,0,0,1,0,0,1,0,0,0,0,0,0,0,0,0,0,0,1,0,0,0,0,0,0,1,0,0,0,1,1,1,0,1,1,0,1,0,0,0,0,1,1,1,1,1,0,0,1,1,1,1,1,1,0,0,0,1,1,1,0,0,1,1,1,0,1,1,0,0,1,0,1,1,1,0,0,0,1,1,1,0,0,0,1,1,0,0,0,0,1,1,1,1,1,1,1,0,1,1,0,0,1,0,0,0,1,0,1,1,1,1,1,1,1,0,1,1,1,1
"InChI=1S/C11H12N4O3S/c12-19(17,18)10-6-13-15(7-10)8-11(16)14-9-4-2-1-3-5-9/h1-7H,8H2,(H,14,16)(H2,12,17,18)",0,0,0,0,0,0,0,0,0,0,0,0,0,0,0,0,0,0,0,0,0,0,0,0,0,0,0,0,0,0,0,1,1,0,0,0,0,0,0,0,0,0,0,0,1,0,0,0,0,0,1,1,0,0,1,0,0,1,1,1,1,0,0,1,1,0,1,0,0,0,0,0,1,0,1,1,0,1,1,1,1,0,1,1,0,0,0,1,0,0,0,1,0,1,1,1,1,0,1,1,0,1,0,1,0,1,0,0,0,1,1,1,0,0,0,0,1,0,1,1,1,1,0,1,1,0,0,0,0,1,1,1,1,0,1,1,1,1,1,1,0,1,0,0,1,1,0,1,0,0,1,0,1,0,1,1,1,1,1,0,1,0,1,1,1,1
"InChI=1S/C11H12N4O3S/c1-18-6-5-15-9(16)3-2-8(14-15)10(17)13-11-12-4-7-19-11/h2-4,7H,5-6H2,1H3,(H,12,13,17)",0,0,0,0,0,0,0,0,0,0,0,0,0,0,0,0,0,0,0,0,0,0,0,0,0,0,0,0,0,0,0,0,0,0,0,1,0,0,0,0,0,0,0,0,1,0,1,0,0,0,0,1,0,0,0,0,0,0,0,0,0,0,0,0,1,0,0,0,0,0,0,0,0,0,1,0,1,1,1,1,1,0,1,0,0,1,0,1,0,0,0,1,1,1,1,1,1,1,1,1,0,0,0,0,0,1,0,0,1,1,1,0,1,0,1,1,1,1,1,1,1,1,0,1,1,1,1,0,0,1,1,1,1,0,1,1,1,1,0,1,1,1,1,1,1,1,1,1,1,1,1,0,1,1,1,1,1,1,1,1,1,0,1,1,1,1
"InChI=1S/C11H12N4O3S/c1-2-18-9(16)3-7-5-19-11(14-7)15-10(17)8-4-12-6-13-8/h4-6H,2-3H2,1H3,(H,12,13)(H,14,15,17)",0,0,0,0,0,0,0,0,0,0,0,0,0,0,0,0,0,0,0,0,0,0,0,0,0,0,0,0,0,0,0,0,0,0,0,1,0,0,0,0,0,0,0,0,1,0,1,0,0,0,0,0,0,1,0,0,0,0,0,0,0,0,0,0,1,0,0,0,0,0,0,0,0,0,0,1,1,1,1,1,1,0,1,0,0,0,0,1,0,0,0,1,0,0,1,1,1,0,1,0,0,0,0,0,0,1,0,1,1,1,1,0,0,1,0,0,1,0,1,1,1,0,1,0,1,1,0,0,1,0,1,1,1,0,1,1,1,1,1,1,1,1,0,0,0,1,0,0,1,0,1,0,1,1,1,1,1,1,1,1,1,0,0,1,1,1
"InChI=1S/C11H12N4O3S/c1-2-9-14-15-11(19-9)13-8(16)6-12-10(17)7-4-3-5-18-7/h3-5H,2,6H2,1H3,(H,12,17)(H,13,15,16)",0,0,0,0,0,0,0,0,0,0,0,0,0,0,0,0,0,0,0,0,0,0,0,0,0,0,0,0,0,0,0,0,0,0,0,1,0,0,0,0,0,0,0,0,0,0,1,0,0,0,0,1,0,1,0,0,1,0,0,0,0,0,0,0,1,0,0,0,0,0,0,1,0,0,0,1,1,1,1,1,1,1,1,0,0,0,0,1,0,0,0,1,0,1,1,1,1,0,1,1,0,0,0,1,0,1,0,0,0,1,1,0,0,1,0,0,1,0,1,1,1,0,0,1,1,0,0,0,0,1,1,1,1,0,1,1,1,1,1,1,1,1,0,0,0,1,0,0,1,0,1,1,1,1,1,1,1,1,1,1,1,0,0,1,1,1
"InChI=1S/C11H12N4O3S/c1-18-11-3-2-8(6-14-11)15-19(16,17)10-7-13-5-4-9(10)12/h2-7,15H,1H3,(H2,12,13)",0,0,0,0,0,0,0,0,0,0,0,0,0,0,0,0,0,0,0,0,0,0,0,0,0,0,0,0,0,0,0,1,1,0,0,0,0,0,0,0,0,0,0,0,1,0,0,0,0,0,1,0,1,0,1,0,0,1,1,1,1,0,0,1,1,0,1,0,0,0,0,0,1,0,0,1,0,1,1,1,1,0,0,0,0,0,0,1,0,0,0,1,1,1,0,0,1,1,1,0,0,1,0,0,0,1,0,1,0,1,0,1,1,0,0,0,1,0,1,1,1,0,0,1,1,1,1,0,0,1,1,0,1,0,1,1,1,0,0,1,1,1,1,1,1,1,0,1,1,1,1,0,0,0,0,1,1,1,1,1,1,0,1,1,1,1
"InChI=1S/C11H12N4O3S/c1-7-14-15-11(19-7)13-9(16)4-5-12-10(17)8-3-2-6-18-8/h2-3,6H,4-5H2,1H3,(H,12,17)(H,13,15,16)",0,0,0,0,0,0,0,0,0,0,0,0,0,0,0,0,0,0,0,0,0,0,0,0,0,0,0,0,0,0,0,0,0,0,0,1,0,0,0,0,0,0,0,0,0,0,1,0,0,0,0,1,1,0,0,0,1,0,0,0,0,0,0,0,1,0,0,0,0,0,0,1,0,0,0,1,1,1,1,1,1,1,1,0,0,0,0,1,0,1,0,1,0,1,1,1,1,0,1,1,0,0,0,1,0,1,0,0,0,1,1,0,0,0,0,0,1,1,1,1,1,0,0,1,1,0,0,0,0,1,1,1,1,0,1,1,1,1,1,1,1,1,0,0,0,1,1,0,1,0,1,1,1,1,1,1,1,1,1,1,1,0,0,1,1,1
"InChI=1S/C11H12N4O3S/c1-5-3-19-10(14-5)6(2)15-9(16)7-8(11(17)18)13-4-12-7/h3-4,6H,1-2H3,(H,12,13)(H,15,16)(H,17,18)",0,0,0,0,0,0,0,0,0,0,0,0,0,0,0,0,0,0,0,0,0,0,0,0,0,0,0,0,0,0,0,0,0,0,0,1,0,0,0,0,0,0,0,0,1,0,1,0,0,0,0,0,1,1,0,0,0,0,0,0,0,0,0,0,1,0,0,0,0,0,0,0,0,0,0,1,1,1,1,1,1,0,1,0,0,0,0,1,0,0,0,1,0,0,1,1,1,0,1,0,0,0,0,0,0,0,0,1,0,1,0,0,0,0,0,0,1,0,1,1,1,0,1,0,1,0,0,0,0,0,1,0,0,0,0,1,1,0,1,1,1,1,0,1,0,1,0,0,1,1,1,0,0,1,0,1,1,1,1,1,1,0,0,1,1,1
"InChI=1S/C11H12N4O3S/c16-7-3-1-6(5-8(7)17)2-4-9(18)12-10-13-11(19)15-14-10/h1-5,10,14,16-17H,(H,12,18)(H2,13,15,19)",0,0,0,0,0,0,0,0,0,0,0,0,0,0,0,0,0,0,0,0,0,0,0,0,1,0,0,0,0,0,0,0,0,0,0,0,0,0,0,0,0,0,1,0,0,0,1,0,0,1,0,1,1,1,0,0,0,0,0,0,0,0,0,1,0,0,0,1,1,0,0,1,0,0,0,1,1,1,1,0,1,0,1,0,0,0,0,1,0,0,0,1,0,1,0,1,1,0,1,0,0,0,0,0,0,1,0,0,0,1,0,0,1,0,0,0,1,0,1,1,1,0,0,1,1,0,1,0,0,1,1,0,1,0,0,0,1,0,1,1,0,1,1,1,1,1,0,0,0,1,1,1,0,0,0,1,1,1,1,0,1,0,1,1,1,1
"InChI=1S/C11H12N4O3S/c1-18-9-3-2-8(12)6-10(9)19(16,17)15-11-7-13-4-5-14-11/h2-7H,12H2,1H3,(H,14,15)",0,0,0,0,0,0,0,0,0,0,0,0,0,0,0,0,0,0,0,0,0,0,0,0,0,0,0,0,0,0,0,1,1,0,0,0,0,1,0,0,0,0,0,0,1,0,0,0,0,0,1,0,0,0,1,0,0,1,1,1,1,0,0,1,0,0,1,0,0,0,0,0,1,0,0,1,1,1,1,0,1,0,0,1,0,0,0,1,1,0,0,0,1,1,0,0,1,1,1,0,0,1,0,0,0,1,0,1,0,0,0,1,1,0,0,0,1,0,1,1,1,0,0,1,1,1,1,0,0,1,1,0,1,0,1,1,1,0,0,1,1,1,1,1,1,1,0,1,1,1,1,1,0,0,0,1,1,1,1,1,1,0,1,1,1,1
"InChI=1S/C11H12N4O3S/c1-3-12-10(16)14-11-13-7-4-5-8(15(17)18)6(2)9(7)19-11/h4-5H,3H2,1-2H3,(H2,12,13,14,16)",0,0,0,0,0,0,0,0,0,0,0,0,0,0,0,0,0,0,0,0,0,0,0,0,0,1,0,0,0,0,0,0,0,0,0,1,1,0,0,0,0,0,1,0,1,0,1,0,0,1,0,0,0,0,0,1,0,0,0,0,0,0,1,0,1,0,0,0,0,1,1,0,0,0,0,1,1,1,0,1,1,0,1,0,0,0,0,1,0,1,0,0,0,1,0,1,1,0,1,1,0,1,0,0,1,1,0,1,0,1,0,0,0,1,0,0,1,0,1,1,1,1,0,1,1,0,0,0,0,1,1,0,1,0,1,1,1,1,1,1,1,1,0,1,1,1,0,1,1,1,1,0,1,0,1,1,1,1,1,1,1,0,1,1,1,1
"InChI=1S/C11H12N4O3S/c1-3-6-5(2)19-11(14-6)15-9(16)7-8(10(17)18)13-4-12-7/h4H,3H2,1-2H3,(H,12,13)(H,17,18)(H,14,15,16)",0,0,0,0,0,0,0,0,0,0,0,0,0,0,0,0,0,0,0,0,0,0,0,0,0,0,0,0,0,0,0,0,0,0,0,1,0,0,0,0,0,0,0,0,1,0,1,0,0,0,0,0,1,1,0,0,0,0,0,0,0,0,0,0,1,0,0,0,0,0,0,0,0,0,0,1,1,1,1,1,1,0,1,0,0,0,0,1,0,0,0,1,0,0,1,1,1,0,1,0,0,0,0,0,0,1,0,0,0,1,1,0,0,1,0,1,1,0,1,1,1,0,1,0,1,0,0,0,0,0,1,0,1,0,1,1,1,0,1,1,1,1,0,1,0,1,0,0,1,1,1,0,0,1,1,1,1,1,1,1,1,0,0,1,1,1
"InChI=1S/C11H12N4O3S/c1-7-3-9(15(17)18)10(12-4-7)19-11-13-5-8(6-16)14(11)2/h3-5,16H,6H2,1-2H3",0,0,0,0,0,0,0,0,0,0,0,0,0,0,0,0,0,0,0,0,1,0,0,0,0,0,0,0,0,0,0,0,0,0,0,0,0,0,0,0,0,0,0,0,1,0,1,0,0,1,0,0,0,0,0,1,0,0,1,0,0,0,1,1,1,0,0,0,0,1,1,0,0,0,1,1,1,1,1,1,1,1,1,0,1,0,0,1,0,0,0,0,1,1,1,1,1,1,1,0,0,1,0,0,0,1,0,1,1,0,1,0,0,0,0,1,0,0,1,1,1,1,0,1,1,0,0,0,0,1,1,0,1,0,1,1,1,1,1,1,1,1,0,1,1,1,0,1,1,1,0,0,1,0,1,1,1,1,1,1,1,0,1,1,1,1
"InChI=1S/C11H12N4O3S/c1-6-2-9(16)15-11(12-6)19-8(13-15)5-14-3-7(4-14)10(17)18/h2,7H,3-5H2,1H3,(H,17,18)",0,0,0,0,0,0,0,1,0,0,1,0,0,0,0,0,0,0,0,0,0,0,0,0,0,0,0,0,0,0,0,0,0,0,0,1,0,0,0,0,0,0,0,0,1,0,1,0,0,0,0,1,0,0,0,0,0,0,0,0,0,0,0,0,1,0,0,0,0,0,0,0,0,0,1,1,1,1,1,1,1,0,1,0,1,1,0,1,0,1,0,1,0,1,1,1,1,1,1,1,0,0,0,0,1,1,0,0,0,1,1,0,1,0,0,0,1,0,1,1,1,1,1,1,1,0,1,0,0,1,1,0,0,0,0,1,1,1,1,1,1,1,1,0,1,1,0,1,1,0,0,0,1,1,1,1,1,1,1,1,1,0,1,1,1,1
"InChI=1S/C11H12N4O3S/c1-6(2)15-10(18)13-14-11(15)19-8-4-3-7(5-12-8)9(16)17/h3-6H,1-2H3,(H,13,18)(H,16,17)",0,0,0,0,0,0,0,0,0,0,0,0,0,0,0,0,0,0,0,0,0,0,0,0,0,0,0,0,0,0,0,0,0,0,0,0,1,0,0,0,0,0,0,0,1,0,1,0,0,1,0,1,0,0,0,0,0,0,1,0,0,0,0,1,1,0,0,0,0,0,0,0,0,1,1,1,1,1,1,1,1,0,1,0,1,0,0,1,0,0,0,0,0,1,1,1,1,1,1,0,0,0,0,0,0,1,0,0,0,1,0,0,1,0,0,0,1,0,1,1,1,1,1,1,1,0,1,0,0,1,1,0,0,0,0,1,1,0,1,1,1,1,1,1,1,1,0,1,1,1,0,0,0,1,0,1,1,1,1,1,1,0,1,1,1,1
"InChI=1S/C11H12N4O3S/c1-2-7-12-11(19)14-13-10(16)8-3-5-9(6-4-8)15(17)18/h2-6H,1,7H2,(H,13,16)(H2,12,14,19)",0,0,0,0,0,0,0,0,0,0,0,0,0,0,0,0,0,0,0,0,0,0,0,0,0,0,0,0,0,0,0,0,0,1,0,0,0,0,0,0,0,0,1,0,1,0,1,0,0,1,0,1,0,1,0,1,0,0,0,0,0,0,1,0,0,0,0,0,1,1,1,0,0,0,0,1,1,1,1,0,1,0,0,0,0,0,0,1,0,1,0,1,0,1,1,0,0,0,1,1,0,1,0,0,0,1,0,0,0,1,0,0,0,0,0,0,1,0,1,0,0,1,0,1,1,0,0,0,0,1,1,0,1,0,1,1,0,1,1,1,0,1,0,0,1,1,0,1,0,0,1,0,1,0,1,1,1,1,1,0,1,0,1,1,1,1
"InChI=1S/C11H12N4O3S/c1-3-12-11-14(8(2)7-19-11)13-6-9-4-5-10(18-9)15(16)17/h4-7H,3H2,1-2H3",0,0,0,0,0,0,0,0,0,0,0,0,0,0,0,0,0,0,0,0,1,0,0,0,0,0,0,0,0,0,0,0,0,0,0,1,0,0,0,0,0,0,0,0,1,0,1,0,0,0,0,1,0,0,0,1,1,0,0,0,0,0,1,0,0,0,0,0,0,1,1,1,0,0,1,1,1,1,1,0,1,0,1,0,0,0,0,1,0,0,0,1,0,1,1,1,1,0,1,1,0,1,0,0,0,1,0,1,0,1,0,0,0,1,0,0,1,0,1,1,1,1,0,1,1,0,0,0,0,1,0,0,1,0,1,1,1,1,0,1,1,1,0,0,0,1,0,1,1,1,0,1,1,0,1,1,1,1,1,1,1,0,0,1,1,1
"InChI=1S/C11H12N4O3S/c1-17-5-6-18-10-8(3-2-4-12-10)9(16)14-11-15-13-7-19-11/h2-4,7H,5-6H2,1H3,(H,14,15,16)",0,0,0,0,0,0,0,0,0,0,0,0,0,0,0,0,0,0,0,0,1,0,0,0,0,0,0,0,0,0,0,0,0,0,0,1,0,0,0,0,0,0,0,0,1,0,1,0,0,1,0,1,0,0,0,0,0,0,0,0,0,0,0,0,1,0,0,0,1,0,0,1,0,0,0,1,1,1,1,1,1,0,1,0,0,1,0,1,1,0,0,1,1,1,0,1,1,1,1,0,0,0,0,0,0,1,0,0,1,1,0,0,1,0,1,1,1,1,1,1,1,0,0,1,1,1,1,0,0,1,1,1,1,0,0,1,1,1,0,1,1,1,1,1,1,1,1,0,1,1,1,0,1,1,1,1,1,1,1,1,1,0,1,1,1,1
"InChI=1S/C11H12N4O3S/c1-18-10-3-2-9(14)8-11(10)19(16,17)15(6-4-12)7-5-13/h2-3,8H,6-7,14H2,1H3",0,0,0,0,0,0,0,0,0,0,0,0,0,0,0,0,0,0,0,0,0,0,0,0,0,0,0,0,0,0,0,1,1,0,0,0,0,0,0,0,1,0,0,0,1,0,0,0,0,0,1,0,0,0,1,0,0,1,1,1,1,0,0,1,0,0,1,0,0,0,0,0,1,0,0,1,0,0,1,0,1,0,0,1,0,1,0,1,1,0,0,0,1,1,0,0,1,0,1,1,0,1,0,0,0,1,0,1,0,0,1,1,1,0,0,0,1,0,0,0,0,1,0,1,1,1,1,0,0,1,1,0,1,0,1,1,0,1,0,1,1,1,1,1,1,1,0,1,1,1,1,1,1,0,1,1,1,1,1,1,1,0,1,1,1,1
"InChI=1S/C11H12N4O3S/c1-2-15-10(18)13-14-11(15)19-8-4-3-6(12)5-7(8)9(16)17/h3-5H,2,12H2,1H3,(H,13,18)(H,16,17)",0,0,0,0,0,0,0,0,0,0,0,0,0,0,0,0,0,0,0,0,0,0,0,0,0,0,0,0,0,0,0,0,0,0,0,0,1,0,0,0,0,0,0,0,1,0,1,0,0,1,0,1,0,0,0,0,0,0,1,0,0,0,0,1,1,0,0,0,0,0,0,0,0,0,1,1,1,1,1,0,1,0,1,1,1,0,0,1,0,1,0,0,0,1,1,1,0,0,1,1,0,0,0,0,0,1,0,0,0,1,0,0,1,1,0,0,1,0,1,1,1,1,1,1,1,0,1,0,0,1,1,0,1,0,1,1,1,1,1,1,1,1,1,1,1,1,0,1,1,1,1,0,1,1,1,1,1,1,1,1,1,0,1,1,1,1
"InChI=1S/C11H12N4O3S/c1-19(17,18)8-4-2-7(3-5-8)14-11(16)9-6-13-15-10(9)12/h2-6H,1H3,(H,14,16)(H3,12,13,15)",0,0,0,0,0,0,0,0,0,0,0,0,0,0,0,0,0,0,0,0,0,0,0,0,0,0,0,0,0,0,0,0,0,0,0,0,0,1,0,0,0,0,1,0,1,0,0,0,0,1,1,1,1,1,1,0,0,1,1,1,1,0,0,1,1,0,1,1,1,0,0,0,1,0,0,1,1,1,1,1,1,0,1,0,0,0,0,1,0,0,0,1,1,1,0,1,1,0,1,0,0,1,0,0,0,0,0,1,0,1,0,1,0,0,0,0,1,0,1,1,1,0,0,1,1,0,0,0,0,1,1,0,1,0,1,1,1,0,0,1,1,1,0,1,1,1,0,1,1,1,1,0,0,1,0,1,0,1,1,1,1,0,1,1,1,1
"InChI=1S/C11H12N4O3S/c1-6-8(4-12-15-6)10(17)14-11-13-7(5-19-11)3-9(16)18-2/h4-5H,3H2,1-2H3,(H,12,15)(H,13,14,17)",0,0,0,0,0,0,0,0,0,0,0,0,0,0,0,0,0,0,0,0,0,0,0,0,0,0,0,0,0,0,0,0,0,0,0,1,0,0,0,0,0,0,0,0,1,0,1,0,0,1,0,1,1,0,0,0,0,0,0,0,0,0,0,0,1,0,0,0,0,0,0,0,0,0,0,1,1,1,0,1,1,0,1,0,0,0,0,1,0,0,0,1,1,1,0,1,1,0,1,0,0,0,0,0,0,1,0,1,0,1,1,0,0,0,0,1,1,0,1,1,1,0,1,1,1,1,0,0,0,1,1,1,1,0,1,1,1,0,1,1,1,1,0,1,0,1,0,0,1,1,1,0,0,1,1,1,1,1,1,1,1,0,0,1,1,1
"InChI=1S/C11H12N4O3S/c1-7(10(16)12-11-13-14-15-19-11)18-9-6-4-3-5-8(9)17-2/h3-7H,1-2H3,(H,12,13,15,16)",0,0,0,0,0,0,0,0,0,0,0,0,0,0,0,0,0,0,0,0,0,0,0,0,0,0,0,0,0,0,0,1,1,0,0,1,0,0,0,0,0,0,0,0,0,0,1,0,0,0,0,1,0,0,0,0,0,0,0,0,0,0,0,0,1,0,1,0,0,1,0,1,0,0,0,1,1,1,1,1,1,0,1,0,0,0,0,1,0,0,0,1,1,1,1,1,1,0,1,0,0,0,0,0,0,1,0,1,0,1,0,0,1,0,0,0,1,0,1,1,1,0,0,1,1,1,1,0,0,1,1,0,1,0,1,0,1,0,1,1,1,1,1,1,1,1,0,0,1,1,0,1,0,0,0,1,1,1,1,1,1,0,1,1,1,1
"InChI=1S/C11H12N4O3S/c1-8-13-5-2-9(15-8)6-14-19(17,18)11-7-12-4-3-10(11)16/h2-5,7,11,14H,6H2,1H3",0,0,0,0,0,0,0,0,0,0,0,0,0,0,0,0,0,0,0,0,0,0,0,0,0,0,0,0,0,0,0,1,1,0,0,0,0,1,0,0,0,0,0,0,1,0,0,0,0,0,1,0,0,0,1,0,0,1,0,1,1,0,0,1,1,0,1,0,0,0,0,0,1,0,0,0,1,1,1,1,1,1,0,0,0,0,0,1,1,0,0,0,0,1,0,0,1,1,1,1,0,1,0,0,0,1,0,1,0,0,1,1,0,0,0,0,1,0,1,1,1,0,0,1,1,0,1,0,0,1,1,0,0,0,0,1,1,1,0,1,1,1,1,0,1,1,0,1,1,1,1,1,1,1,1,1,0,1,1,1,1,0,1,1,1,1
"InChI=1S/C11H12N4O3S/c1-18-7-2-4-8(5-3-7)19(16,17)9-6-14-11(13)15-10(9)12/h2-6H,1H3,(H4,12,13,14,15)",0,0,0,0,0,0,0,0,0,0,0,0,0,0,0,0,0,0,0,0,0,0,0,0,1,0,0,0,0,0,0,0,0,0,0,0,0,1,0,0,0,0,1,0,1,0,0,0,0,0,1,0,1,0,1,0,0,1,1,1,1,0,0,1,1,0,1,0,0,0,0,0,1,0,0,1,1,1,0,1,1,0,0,0,0,0,0,1,0,0,0,0,1,0,0,0,1,1,1,0,0,1,0,0,0,1,0,1,0,0,0,1,1,0,0,0,0,0,1,1,1,0,0,1,1,1,1,0,0,1,1,0,1,0,1,1,1,0,0,1,1,1,1,1,1,1,0,1,1,1,1,1,0,0,0,1,1,1,1,1,1,0,1,1,1,1
"InChI=1S/C11H12N4O3S/c16-11(7-1-2-7)5-13(6-11)8-9(15(17)18)14-3-4-19-10(14)12-8/h3-4,7,16H,1-2,5-6H2",0,0,0,0,0,0,0,1,0,0,1,0,0,0,0,0,0,0,0,0,1,1,0,0,0,0,0,0,0,0,0,0,0,0,0,1,0,1,0,0,0,0,0,0,1,0,1,0,0,0,0,0,0,0,0,1,0,0,0,0,0,1,1,0,1,1,0,0,0,1,1,0,0,0,1,1,1,1,1,1,1,0,1,0,1,1,0,1,0,1,0,0,0,1,1,1,1,0,1,1,0,1,0,1,1,1,0,0,0,0,0,1,0,0,0,0,0,0,1,1,1,1,0,1,1,0,1,0,1,1,1,1,1,0,1,1,1,1,1,1,0,1,1,1,0,1,0,1,0,1,0,1,1,0,0,1,1,1,1,0,1,0,0,1,1,1
"InChI=1S/C11H12N4O3S/c1-4-6-9(15-5(2)8(12)16)13-3-14-10(6)19-7(4)11(17)18/h3,5H,1-2H3,(H2,12,16)(H,17,18)(H,13,14,15)",0,0,0,0,0,0,0,0,0,0,0,0,0,0,0,0,0,0,0,0,1,0,0,0,0,1,0,0,0,0,0,0,0,0,0,1,0,1,0,0,0,0,1,0,1,0,1,0,0,1,0,0,0,0,0,0,0,0,0,0,0,0,0,0,0,0,0,0,0,0,0,0,0,0,0,1,1,1,1,1,1,0,1,0,0,0,0,1,0,0,0,1,0,0,1,1,0,1,1,0,0,0,0,0,1,0,0,0,0,1,0,0,0,0,0,0,1,0,1,1,1,0,1,0,1,0,0,0,0,0,1,0,1,0,1,1,1,0,1,1,1,1,0,1,1,1,0,0,1,1,1,0,0,1,0,1,1,1,1,1,1,0,1,1,1,1
"InChI=1S/C11H12N4O3S/c1-2-14-9(13-7-11(14)15(16)17)8-19(18)10-5-3-4-6-12-10/h3-7H,2,8H2,1H3",0,0,0,0,0,0,0,0,0,0,0,0,0,0,0,0,0,0,0,0,1,0,0,0,0,0,0,0,0,0,0,0,0,0,0,0,0,1,0,0,0,0,0,0,1,0,1,0,0,0,1,0,0,0,0,1,0,0,1,1,1,0,1,1,1,0,1,0,0,1,1,0,1,0,1,1,1,1,1,1,1,0,1,0,1,0,0,1,0,0,0,0,0,1,1,1,1,1,1,1,0,1,0,0,0,0,0,1,0,0,1,0,0,1,0,0,0,0,1,1,1,1,0,1,1,0,0,0,1,1,0,1,1,0,1,1,1,1,0,1,1,1,0,1,1,1,0,1,1,1,0,0,1,0,1,1,0,1,1,1,1,0,1,1,1,1
"InChI=1S/C11H12N4O3S/c12-13-11-8(14-15-19-11)5-16-4-7-1-2-9-10(3-7)18-6-17-9/h1-3,13H,4-6,12H2",0,0,0,0,0,0,0,0,0,0,0,0,0,0,0,0,0,0,0,0,1,0,0,0,0,1,0,1,0,0,0,1,1,0,0,1,0,0,0,0,0,0,0,0,1,0,1,0,0,1,0,1,0,0,0,0,1,0,0,0,0,0,0,0,1,0,1,1,1,1,0,1,0,0,0,1,0,0,1,1,1,0,1,1,0,1,0,1,0,1,1,0,0,1,1,1,1,0,1,0,0,0,0,0,1,0,0,0,1,0,1,0,1,0,0,0,0,0,1,1,1,0,1,1,1,1,0,0,0,1,1,0,1,0,1,0,1,1,0,1,0,1,0,1,1,1,0,0,0,1,1,1,1,0,1,1,1,1,1,0,1,0,1,1,1,1
"InChI=1S/C11H12N4O3S/c1-6-12-9(14-13-6)5-15(2)10(16)7-3-4-8(19-7)11(17)18/h3-4H,5H2,1-2H3,(H,17,18)(H,12,13,14)",0,0,0,0,0,0,0,0,0,0,0,0,0,0,0,0,0,0,0,0,0,0,0,0,0,0,0,0,0,0,0,0,0,0,0,1,0,1,0,0,0,0,0,0,0,0,0,0,0,0,0,1,0,0,0,0,0,0,0,0,0,0,0,0,1,0,0,0,0,0,0,0,0,0,0,1,1,1,1,1,1,0,1,0,1,1,0,1,0,1,0,1,1,1,0,1,0,0,1,1,0,0,0,0,0,0,0,1,0,1,1,0,0,0,1,0,1,0,1,1,1,1,1,1,1,0,0,0,0,1,1,0,0,0,0,1,1,1,1,1,1,1,0,0,0,1,0,1,1,0,1,0,1,1,1,1,1,1,1,1,1,0,0,1,1,1
"InChI=1S/C11H12N4O3S/c1-4-7(5(2)14-13-4)9(16)12-10-8(11(17)18)6(3)15-19-10/h1-3H3,(H,12,16)(H,13,14)(H,17,18)",0,0,0,0,0,0,0,0,0,0,0,0,0,0,0,0,0,0,0,0,1,0,0,0,0,0,0,0,0,0,0,1,1,0,0,1,0,0,0,0,0,0,0,0,1,0,1,0,0,1,0,1,1,0,0,0,0,0,0,0,0,0,0,0,1,0,1,0,0,0,0,0,0,0,0,1,0,1,1,1,1,0,1,0,0,0,0,1,0,0,0,1,0,1,0,1,1,0,1,0,0,0,0,0,0,0,0,0,0,1,0,0,0,0,0,0,1,0,1,1,1,0,1,1,1,0,0,0,0,1,1,0,1,0,1,1,1,0,1,1,1,1,0,1,0,1,0,0,1,1,1,0,0,1,0,1,1,1,1,1,1,0,0,1,1,1
"InChI=1S/C11H12N4O3S/c16-10(17)8-19-11-12-13-14-15(11)6-7-18-9-4-2-1-3-5-9/h1-5H,6-8H2,(H,16,17)",0,0,0,0,0,0,0,0,0,0,0,0,0,0,0,0,0,0,0,0,0,0,0,0,0,0,0,0,0,0,0,0,0,0,0,0,0,0,0,0,0,0,0,0,0,0,1,0,0,0,0,1,0,0,0,0,0,0,1,0,0,0,0,1,1,0,0,0,0,1,0,0,0,0,1,1,1,1,1,1,1,0,1,0,0,0,0,1,0,0,0,0,0,1,1,1,1,0,1,1,0,0,0,1,0,1,0,0,1,0,1,0,1,0,0,0,0,1,1,1,1,1,1,1,1,1,1,1,0,1,1,1,0,0,0,1,1,1,1,1,0,1,1,1,1,1,1,1,0,1,0,1,1,1,1,1,1,1,1,0,1,0,1,1,1,1
"InChI=1S/C11H12N4O3S/c1-18-10-5-4-8(7-14-10)15-19(16,17)9-3-2-6-13-11(9)12/h2-7,15H,1H3,(H2,12,13)",0,0,0,0,0,0,0,0,0,0,0,0,0,0,0,0,0,0,0,0,1,0,0,0,0,0,0,0,0,0,0,1,1,0,0,0,0,1,0,0,0,0,0,0,1,0,0,0,0,0,1,0,1,0,1,0,0,1,1,1,1,0,0,1,1,0,1,0,0,0,0,0,1,0,0,1,1,1,1,1,1,0,0,1,0,0,0,1,0,0,0,1,1,1,0,0,1,1,1,0,0,1,0,0,0,1,0,1,0,1,0,1,1,0,0,0,1,0,1,1,1,0,0,1,1,1,1,0,0,1,1,0,1,0,1,1,1,0,0,1,1,1,1,1,1,1,0,1,1,1,1,0,0,0,0,1,1,1,1,1,1,0,1,1,1,1
"InChI=1S/C11H12N4O3S/c1-17-10(16)9-6(2-3-18-9)5-19-11-14-7(12)4-8(13)15-11/h2-4H,5H2,1H3,(H4,12,13,14,15)",0,0,0,0,0,0,0,0,0,0,0,0,0,0,0,0,0,0,0,0,1,0,0,0,0,0,0,0,0,0,0,0,0,0,0,0,0,1,0,0,0,0,1,0,1,0,1,0,0,1,0,0,1,0,0,0,1,0,1,0,0,0,0,1,1,0,0,0,0,0,0,1,0,0,0,1,1,1,0,1,1,0,1,1,0,0,0,1,0,1,0,0,1,0,0,1,0,1,1,0,0,0,0,0,0,1,0,0,0,0,0,0,0,0,0,0,0,0,1,1,1,0,1,0,1,1,0,0,0,0,1,0,1,0,1,1,1,1,0,1,1,1,0,1,1,1,0,0,1,1,1,1,1,1,1,1,1,1,1,1,1,0,1,1,1,1
"InChI=1S/C11H12N4O3S/c1-2-12-11(18)14-8(16)5-15-6-13-7-3-4-19-9(7)10(15)17/h3-4,6H,2,5H2,1H3,(H2,12,14,16,18)",0,0,0,0,0,0,0,0,0,0,0,0,0,0,0,0,0,0,0,0,0,0,0,0,0,1,0,0,0,0,0,0,0,0,0,1,1,0,0,0,0,0,0,0,1,0,0,0,0,0,0,0,1,0,0,0,0,0,0,0,0,0,0,0,1,0,0,0,0,0,0,0,0,0,1,1,1,1,1,1,1,0,1,0,1,0,0,1,1,1,1,1,0,0,1,1,1,1,1,1,0,0,0,1,1,1,0,0,0,1,1,0,1,1,0,0,1,0,1,1,1,1,0,0,1,0,1,0,0,0,1,1,0,0,0,1,1,1,1,1,1,1,1,1,1,1,0,1,1,1,0,0,1,1,1,1,1,1,1,1,1,0,1,1,1,1
"InChI=1S/C11H12N4O3S/c1-17-6-9-14-15-11(18-9)13-8(16)7-19-10-4-2-3-5-12-10/h2-5H,6-7H2,1H3,(H,13,15,16)",0,0,0,0,0,0,0,0,0,0,0,0,0,0,0,0,0,0,0,0,1,0,0,0,0,0,0,0,0,0,0,0,0,0,0,0,1,0,0,0,0,0,0,0,1,0,1,0,0,0,0,1,0,0,0,0,1,0,1,0,0,0,0,1,1,0,0,0,0,0,0,1,0,0,0,1,1,1,1,1,1,0,1,0,0,1,0,1,1,0,0,1,1,1,1,1,1,1,1,0,0,0,0,1,0,1,0,0,1,1,1,0,0,0,1,0,1,0,1,1,1,0,0,1,1,1,0,0,0,1,1,1,1,0,1,0,1,1,1,1,1,1,0,0,1,1,0,0,1,0,0,0,1,0,1,1,1,1,1,1,1,0,1,1,1,1
"InChI=1S/C11H12N4O3S/c1-18-11-5-3-9(14-15-11)8-6-7(12)2-4-10(8)19(13,16)17/h2-6H,12H2,1H3,(H2,13,16,17)",0,0,0,0,0,0,0,0,0,0,0,0,0,0,0,0,0,0,0,0,0,0,0,0,0,0,0,0,0,0,0,1,1,0,0,0,0,0,0,0,0,0,0,0,1,0,0,0,0,1,1,1,0,0,1,0,0,1,1,1,1,1,0,1,1,0,1,0,0,0,0,0,1,0,0,1,0,1,0,0,1,0,0,1,0,0,0,1,0,0,0,1,1,1,1,0,0,1,1,0,0,1,0,0,0,1,0,1,0,1,0,1,1,0,0,0,1,0,1,1,1,0,0,1,1,1,1,0,0,1,1,0,1,0,1,1,1,0,0,1,1,1,1,1,1,1,0,1,1,1,1,0,0,0,0,1,1,1,1,1,1,0,1,1,1,1
"InChI=1S/C11H12N4O3S/c1-7-12-13-11(14(7)2)19-10-4-3-9(15(17)18)5-8(10)6-16/h3-5,16H,6H2,1-2H3",0,0,0,0,0,0,0,0,0,0,0,0,0,0,0,0,0,0,0,0,0,0,0,0,0,0,0,0,0,0,0,0,0,0,0,0,0,1,0,0,0,0,0,0,1,0,1,0,0,1,0,1,0,0,0,1,0,0,1,0,0,0,1,1,1,0,0,0,0,1,1,0,0,0,1,1,1,1,1,0,1,1,1,0,1,0,0,1,0,0,0,0,1,1,0,1,0,0,1,0,0,1,0,0,0,1,0,0,1,0,0,0,0,0,0,0,0,0,1,1,1,1,0,1,1,0,0,0,0,1,1,0,1,0,1,1,1,1,1,1,1,1,0,1,1,1,0,1,1,1,0,0,1,0,1,1,1,1,1,1,1,0,1,1,1,1
"InChI=1S/C11H12N4O3S/c16-10(13-14-11(19)12-8-3-4-8)7-1-5-9(6-2-7)15(17)18/h1-2,5-6,8H,3-4H2,(H,13,16)(H2,12,14,19)",0,0,0,0,0,0,0,0,0,0,0,0,0,0,0,0,0,0,0,0,0,1,0,0,0,0,0,0,0,0,0,0,0,0,0,0,0,0,0,0,0,0,1,0,1,0,1,0,0,1,0,1,0,1,0,1,0,0,0,0,0,0,1,0,0,0,0,0,1,1,1,0,0,0,0,1,1,1,1,0,1,0,0,0,0,0,0,1,0,0,1,1,0,1,1,0,0,0,1,0,0,1,0,0,0,1,0,0,0,1,1,0,0,0,0,0,1,0,1,0,0,1,0,1,1,0,0,0,0,1,1,0,1,0,1,1,0,0,1,1,0,1,0,0,1,1,0,1,0,0,1,0,0,0,0,1,1,1,1,0,1,0,1,1,1,1
"InChI=1S/C11H12N4O3S/c12-7-4-10(14-6-7)11(16)15-8-2-1-3-9(5-8)19(13,17)18/h1-6,14H,12H2,(H,15,16)(H2,13,17,18)",0,0,0,0,0,0,0,0,0,0,0,0,0,0,0,0,0,0,0,0,0,0,0,0,0,0,0,0,0,0,0,1,1,0,0,0,0,0,0,0,0,0,0,0,1,0,0,0,0,0,1,0,1,1,1,0,0,1,1,1,1,0,0,1,1,0,1,0,0,0,0,0,1,0,0,1,0,0,1,1,1,0,1,1,0,0,0,1,0,0,0,1,0,1,1,1,0,0,1,0,0,1,0,0,0,1,0,0,0,1,0,1,0,0,0,0,1,0,0,1,1,0,0,1,1,0,0,0,0,1,1,0,1,0,1,1,1,0,0,1,0,1,0,0,1,1,0,1,0,0,1,0,0,1,0,1,0,1,1,0,1,0,1,1,1,1
"InChI=1S/C11H12N4O3S/c1-17-7-3-4-9(18-2)8(5-7)13-11(16)14-10-6-12-19-15-10/h3-6H,1-2H3,(H2,13,14,15,16)",0,0,0,0,0,0,0,0,0,0,0,0,0,0,0,0,0,0,0,0,0,0,0,0,0,0,0,0,0,0,0,0,1,0,0,1,1,1,0,0,0,0,0,0,1,0,0,0,0,0,0,0,1,0,0,0,0,1,0,0,0,0,0,0,0,0,1,0,0,0,0,0,0,0,0,1,1,1,1,1,0,0,1,0,0,0,0,1,0,0,0,0,1,1,1,1,1,0,1,0,0,0,0,0,0,1,0,1,0,1,0,0,1,0,0,0,1,0,1,1,1,0,0,1,1,1,1,0,0,1,1,0,1,0,1,0,1,0,1,1,1,1,1,1,1,1,0,0,1,1,1,1,0,0,0,1,1,1,1,1,1,0,1,1,1,1
"InChI=1S/C11H12N4O3S/c1-5-4-6(2)12-8(7(5)9(16)17)19-11-14-13-10(18)15(11)3/h4H,1-3H3,(H,13,18)(H,16,17)",0,0,0,0,0,0,0,0,0,0,0,0,0,0,0,0,0,0,0,0,1,0,0,0,0,0,0,0,0,0,0,0,0,0,0,0,1,0,0,0,0,0,0,0,1,0,1,0,0,1,0,1,0,0,0,0,0,0,1,0,0,0,0,1,1,0,0,0,0,0,0,0,0,0,1,1,1,1,1,1,1,0,1,0,1,0,0,1,0,0,0,0,1,1,1,1,1,1,1,0,0,0,0,0,0,1,0,0,0,1,0,0,1,0,0,0,1,0,1,1,1,1,1,1,1,0,1,0,0,1,1,0,0,0,0,1,1,0,1,1,1,1,1,1,1,1,0,1,1,1,0,0,0,1,0,1,1,1,1,1,1,0,1,1,1,1
"InChI=1S/C11H12N4O3S/c1-15-4-2-3-8(15)9(16)12-5-7-6-13-11(19-7)10(17)14-18/h2-4,6,18H,5H2,1H3,(H,12,16)(H,14,17)",0,0,0,0,0,0,0,0,0,0,0,0,0,0,0,0,0,0,0,0,0,0,0,1,0,0,0,0,0,0,0,0,0,0,0,1,0,0,0,0,0,0,0,0,1,0,1,0,0,0,0,0,0,0,0,0,0,0,0,0,0,0,0,0,1,0,0,1,1,0,1,1,0,0,1,1,0,1,1,1,1,1,1,0,1,0,0,1,0,0,0,1,1,1,1,1,1,0,1,1,0,1,0,0,0,0,0,1,0,1,0,0,0,0,0,0,1,0,1,1,1,1,0,1,1,0,0,0,0,1,1,0,0,0,0,1,1,1,1,1,1,1,0,1,0,1,0,1,1,1,1,0,1,1,1,1,0,1,1,1,1,0,0,1,1,1
"InChI=1S/C11H12N4O3S/c1-7-4-9(19-10(7)11(17)18)14-8(16)2-3-15-6-12-5-13-15/h4-6H,2-3H2,1H3,(H,14,16)(H,17,18)",0,0,0,0,0,0,0,0,0,0,0,0,0,0,0,0,0,0,0,0,1,0,0,0,0,0,0,0,0,0,0,0,0,0,0,1,0,0,0,0,0,0,0,0,1,0,1,0,0,1,0,1,0,0,0,0,0,0,0,0,0,0,0,0,1,0,0,0,0,0,0,0,0,0,1,1,1,1,1,1,1,0,1,0,0,0,0,1,0,1,0,1,0,1,0,1,1,0,1,1,0,0,0,1,0,0,0,0,0,1,1,0,0,0,0,0,1,1,1,1,1,1,1,1,1,0,0,0,0,1,1,1,1,0,1,1,1,1,1,1,1,1,0,1,0,1,1,1,1,1,0,0,1,1,1,1,1,1,1,1,1,0,0,1,1,1
"InChI=1S/C11H12N4O3S/c12-9-6-13-11(14-10(9)16)15-19(17,18)7-8-4-2-1-3-5-8/h1-6H,7,12H2,(H2,13,14,15,16)",0,0,0,0,0,0,0,0,0,0,0,0,0,0,0,0,0,0,0,0,0,0,0,0,1,0,0,0,0,0,0,1,1,0,0,0,0,0,0,0,0,0,0,0,1,0,0,0,0,1,1,0,1,1,1,0,0,1,0,1,1,0,0,0,1,0,1,0,0,0,0,0,1,0,0,1,1,1,1,0,0,0,0,1,0,0,0,1,0,0,0,1,0,1,1,0,1,1,1,0,0,1,0,1,0,1,0,0,0,1,1,1,1,0,0,0,1,0,1,1,1,0,0,1,1,0,1,0,0,1,1,1,1,0,1,1,1,1,1,1,0,1,1,1,1,1,0,1,0,1,1,0,1,0,1,1,1,1,1,0,1,0,1,1,1,1
"InChI=1S/C11H12N4O3S/c16-10(7-1-2-7)13-14-11(19)12-8-3-5-9(6-4-8)15(17)18/h3-7H,1-2H2,(H,13,16)(H2,12,14,19)",0,0,0,0,0,0,0,0,0,0,0,0,0,0,0,0,0,0,0,0,0,1,0,0,0,0,0,0,0,0,0,0,0,0,0,0,0,0,0,0,0,0,1,0,1,0,1,0,0,0,0,1,0,0,0,1,0,0,0,0,0,0,1,0,0,0,0,0,0,1,1,0,0,0,0,1,1,1,1,0,1,0,0,0,0,0,0,1,0,1,0,1,0,1,1,0,0,0,1,0,0,1,0,0,0,1,0,0,0,1,0,0,0,0,0,0,1,0,1,0,0,1,0,1,1,0,0,0,0,1,1,0,1,0,1,1,0,0,1,1,0,1,0,0,1,1,0,1,0,0,1,0,0,0,0,1,1,1,1,0,1,0,1,1,1,1
"InChI=1S/C11H12N4O3S/c1-6(10-14-8(5-19-10)11(17)18)13-9(16)7-3-12-15(2)4-7/h3-6H,1-2H3,(H,13,16)(H,17,18)",0,0,0,0,0,0,0,0,0,0,0,0,0,0,0,0,0,0,0,0,0,0,0,0,0,0,0,0,0,0,0,0,0,0,0,1,0,0,0,0,0,0,0,0,1,0,1,0,0,1,0,1,0,0,0,0,0,0,0,0,0,0,0,0,1,0,0,0,0,0,0,0,0,0,1,1,0,1,1,1,1,0,1,0,0,0,0,1,0,0,0,1,1,1,1,1,1,0,1,0,0,0,0,0,0,0,0,1,0,1,0,0,0,0,0,0,1,0,1,1,1,1,1,1,1,0,0,0,0,1,1,0,0,0,0,1,1,0,1,1,1,1,0,0,0,1,0,1,1,0,0,0,0,1,0,1,1,1,1,1,1,0,0,1,1,1
"InChI=1S/C11H12N4O3S/c1-6(16)12-10-14-4-3-5-15-8(14)7(19-10)9(17)13(2)11(15)18/h3-5H2,1-2H3",0,0,0,0,0,0,0,0,0,0,0,0,0,0,0,0,0,0,0,0,1,0,0,0,0,1,0,0,0,0,0,0,0,0,0,1,1,1,0,0,0,0,0,0,1,0,1,0,0,0,0,0,0,0,0,0,0,0,1,0,0,0,0,0,1,0,0,0,0,0,0,0,0,0,1,1,1,1,0,1,1,0,1,0,1,0,0,1,1,0,0,1,1,0,0,1,1,1,1,1,0,0,0,0,1,1,0,1,0,1,1,0,1,0,0,0,1,1,1,1,1,1,0,0,1,0,1,0,0,0,0,0,1,0,1,1,1,1,0,1,1,1,1,1,1,1,1,1,1,1,0,0,1,1,0,1,0,1,1,1,1,0,1,1,1,1
"InChI=1S/C11H12N4O3S/c1-19-3-2-12-9-5-8-7(4-10(9)15(17)18)11(16)14-6-13-8/h4-7,12H,2-3H2,1H3",0,0,0,0,0,0,0,0,0,0,0,0,0,0,0,0,0,0,0,0,0,0,0,0,0,0,0,0,0,0,0,0,0,0,0,0,0,0,0,0,0,0,0,0,1,0,0,0,0,0,0,0,0,0,0,1,0,0,0,0,0,0,1,0,0,0,0,0,0,1,1,0,0,0,0,1,1,1,1,1,0,1,0,0,0,1,0,1,0,0,0,1,1,1,0,0,1,1,1,1,0,1,0,1,1,0,0,0,0,1,1,0,0,0,1,1,1,1,1,1,1,1,0,1,0,0,1,0,0,1,1,0,1,0,0,1,1,1,0,1,1,1,1,0,1,1,1,1,1,1,1,0,1,1,1,1,0,1,1,1,1,0,1,1,1,1
"InChI=1S/C11H12N4O3S/c1-7(16)8-3-2-4-9(5-8)15-19(17,18)10-6-13-14-11(10)12/h2-6,15H,1H3,(H3,12,13,14)",0,0,0,0,0,0,0,0,0,0,0,0,0,0,0,0,0,0,0,0,0,0,0,0,0,0,0,0,0,0,0,1,1,0,0,0,0,1,0,0,0,0,1,0,1,0,0,0,0,1,1,1,1,1,1,0,0,1,1,1,1,0,0,1,1,0,1,1,1,0,0,0,1,0,0,1,1,1,1,1,1,0,1,0,0,0,0,1,0,0,0,0,0,1,0,1,1,0,1,0,0,1,0,0,0,1,0,1,0,0,0,1,0,0,0,0,1,0,1,1,1,0,0,1,1,0,0,0,0,1,1,0,1,0,1,1,1,0,0,1,1,1,0,1,1,1,0,1,1,1,1,1,0,1,0,1,0,1,1,1,1,0,1,1,1,1
"InChI=1S/C11H12N4O3S/c12-7-5-10(14-6-7)11(16)15-8-1-3-9(4-2-8)19(13,17)18/h1-6,14H,12H2,(H,15,16)(H2,13,17,18)",0,0,0,0,0,0,0,0,0,0,0,0,0,0,0,0,0,0,0,0,0,0,0,0,0,0,0,0,0,0,0,1,1,0,0,0,0,0,0,0,0,0,0,0,1,0,0,0,0,0,1,0,1,1,1,0,0,1,1,1,1,0,0,1,1,0,1,0,0,0,0,0,1,0,0,1,0,1,1,1,1,0,1,1,0,0,0,1,0,0,0,1,0,1,1,1,0,0,1,0,0,1,0,0,0,1,0,0,0,1,0,1,0,0,0,0,1,0,1,1,1,0,0,1,1,0,0,0,0,1,1,0,1,0,1,1,1,0,1,1,0,1,0,0,1,1,0,1,0,0,1,0,0,0,0,1,1,1,1,0,1,0,1,1,1,1
"InChI=1S/C11H12N4O3S/c1-17-9-5-3-8(4-6-9)15-11(12-13-14-15)19-7-10(16)18-2/h3-6H,7H2,1-2H3",0,0,0,0,0,0,0,0,0,0,0,0,0,0,0,0,0,0,0,0,0,0,0,0,0,0,0,0,0,0,0,0,0,0,0,0,0,0,0,0,0,0,0,0,1,0,1,0,0,0,0,1,0,0,0,0,0,0,1,0,0,1,0,1,1,0,0,0,0,1,0,0,0,0,1,1,1,1,1,1,1,0,1,0,0,0,0,1,0,0,0,0,1,1,0,1,0,0,1,0,0,0,0,0,0,1,0,1,0,0,0,0,1,0,0,1,0,0,1,1,1,1,1,1,1,1,1,0,0,1,0,1,1,0,1,1,1,1,0,1,1,1,1,1,1,1,0,1,1,1,0,1,1,1,1,1,1,1,1,1,1,0,1,1,1,1
"InChI=1S/C11H12N4O3S/c12-7-1-2-19-9(7)10(16)15-8(11(17)18)3-6-4-13-5-14-6/h1-2,4-5,8H,3,12H2,(H,13,14)(H,15,16)(H,17,18)",0,0,0,0,0,0,0,0,0,0,0,0,0,0,0,0,0,0,0,0,0,0,0,0,0,0,0,0,0,0,0,0,0,0,0,1,0,0,0,0,0,0,0,0,1,0,0,0,0,0,0,0,1,0,0,0,0,0,0,0,0,0,0,0,1,0,0,0,0,0,0,0,0,0,0,1,1,1,1,1,1,0,1,1,0,0,0,1,0,1,1,1,0,0,1,1,1,0,1,0,0,0,0,1,0,0,0,0,0,1,1,0,0,0,0,0,1,0,1,1,1,0,1,0,1,0,0,0,0,0,1,0,1,0,1,1,1,0,1,1,0,1,0,1,0,1,0,0,0,1,1,0,0,1,1,1,1,1,1,0,1,0,0,1,1,1
"InChI=1S/C11H12N4O3S/c1-18-10-8-9(14)2-3-11(10)19(16,17)15(6-4-12)7-5-13/h2-3,8H,6-7,14H2,1H3",0,0,0,0,0,0,0,0,0,0,0,0,0,0,0,0,0,0,0,0,0,0,0,0,0,0,0,0,0,0,0,1,1,0,0,0,0,0,0,0,1,0,0,0,1,0,0,0,0,0,1,0,0,0,1,0,0,1,1,1,1,0,0,1,0,0,1,0,0,0,0,0,1,0,0,1,0,0,1,0,1,0,0,1,0,1,0,1,1,0,0,0,1,1,0,0,1,0,1,1,0,1,0,0,0,1,0,1,0,0,1,1,1,0,0,0,1,0,0,0,0,1,0,1,1,1,1,0,0,1,1,0,1,0,1,1,0,1,0,1,1,1,1,1,1,1,0,1,1,1,1,1,1,0,1,1,1,1,1,1,1,0,1,1,1,1
"InChI=1S/C11H12N4O3S/c1-6-4-15(11(18)13-9(6)16)5-7-2-3-8(19-7)10(17)14-12/h2-4H,5,12H2,1H3,(H,14,17)(H,13,16,18)",0,0,0,0,0,0,0,0,0,0,0,0,0,0,0,0,0,0,0,0,0,0,0,0,0,0,0,0,0,0,0,0,0,0,0,1,1,0,0,0,0,0,0,0,1,0,0,0,0,1,0,1,0,0,0,0,0,0,0,0,0,0,0,0,1,0,0,1,1,0,0,0,0,0,1,1,1,1,0,0,1,0,1,1,1,0,0,1,1,0,0,1,0,1,1,1,1,1,1,1,0,0,0,0,0,1,0,1,0,1,0,0,1,0,0,0,1,0,1,1,1,1,0,1,1,0,1,0,0,1,1,0,0,0,0,1,1,1,1,1,1,1,1,1,1,1,0,1,1,1,1,0,1,1,1,1,1,1,1,1,1,0,1,1,1,1
"InChI=1S/C11H12N4O3S/c1-18-9-4-2-8(3-5-9)15-11(12-13-14-15)19-7-6-10(16)17/h2-5H,6-7H2,1H3,(H,16,17)",0,0,0,0,0,0,0,0,0,0,0,0,0,0,0,0,0,0,0,0,0,0,0,0,0,0,0,0,0,0,0,0,0,0,0,0,0,0,0,0,0,0,0,0,1,0,1,0,0,0,0,1,0,0,0,0,0,0,1,0,0,1,0,1,1,0,0,0,0,1,0,0,0,0,1,1,1,1,1,1,1,0,1,0,0,0,0,1,0,1,0,0,1,1,0,1,0,0,1,0,0,0,0,1,0,1,0,1,0,0,0,0,1,0,0,0,0,1,1,1,1,1,1,1,1,1,1,0,0,1,1,1,1,0,1,1,1,1,1,1,1,1,1,1,1,1,1,1,1,1,0,1,1,1,1,1,1,1,1,1,1,0,1,1,1,1
"InChI=1S/C11H12N4O3S/c1-15-7-8(6-13-15)11(16)14-9-2-4-10(5-3-9)19(12,17)18/h2-7H,1H3,(H,14,16)(H2,12,17,18)",0,0,0,0,0,0,0,0,0,0,0,0,0,0,0,0,0,0,0,0,0,0,0,0,0,0,0,0,0,0,0,1,1,0,0,0,0,0,0,0,0,0,0,0,1,0,0,0,0,1,1,1,0,0,1,0,0,1,1,1,1,0,0,1,1,0,1,0,0,0,0,0,1,0,1,1,0,1,0,1,1,0,1,1,0,0,0,1,0,0,0,1,1,1,0,1,1,0,1,0,0,1,0,0,0,1,0,0,0,1,0,1,0,0,0,0,1,0,1,1,1,1,0,1,1,0,0,0,0,1,1,0,1,0,1,1,1,0,0,1,1,1,0,0,1,1,0,1,1,0,1,0,0,1,0,1,0,1,1,1,1,0,1,1,1,1
"InChI=1S/C11H12N4O3S/c16-9(17)8-2-1-3-15(8)11-13-12-10(19-11)14-4-6-18-7-5-14/h1-3H,4-7H2,(H,16,17)",0,0,0,0,0,0,0,0,0,0,0,0,0,0,0,0,0,0,0,0,0,0,0,0,0,0,0,0,0,0,0,0,0,0,0,1,0,0,0,0,0,0,0,0,1,0,1,0,0,0,0,1,0,0,0,0,1,0,0,0,0,1,0,0,1,0,0,0,0,0,0,0,0,0,1,1,1,1,1,1,1,0,1,0,1,1,0,1,0,0,0,0,0,1,1,1,0,1,1,1,0,0,0,0,0,1,0,0,1,0,1,0,0,0,0,0,0,1,1,1,1,1,1,1,1,0,0,0,1,1,1,1,1,0,1,1,1,1,1,1,0,1,0,1,1,1,1,1,0,1,0,0,1,1,0,1,1,1,1,0,1,0,1,1,1,1
"InChI=1S/C11H12N4O3S/c1-19(17,18)7-2-3-10(8(12)6-7)15-5-4-9(14-15)11(13)16/h2-6H,12H2,1H3,(H2,13,16)",0,0,0,0,0,0,0,0,0,0,0,0,0,0,0,0,0,0,0,0,0,0,0,0,0,0,0,0,0,0,0,0,0,0,0,0,0,0,0,0,0,0,0,0,1,0,0,0,0,0,1,1,0,0,1,0,0,1,1,1,1,1,0,1,1,0,1,0,0,0,0,0,1,0,1,1,0,1,1,1,1,0,1,1,0,0,0,1,0,0,0,1,1,1,1,1,1,0,1,0,0,1,0,0,0,0,0,1,0,1,0,1,0,0,0,0,1,0,1,1,1,1,0,1,1,0,0,0,0,1,1,0,1,0,1,1,1,0,0,1,1,1,0,1,1,1,0,1,1,1,1,0,0,1,0,1,0,1,1,1,1,0,1,1,1,1
"InChI=1S/C11H12N4O3S/c1-15(2)5-12-11-13-8(18-3)6-4-7(10(16)17)19-9(6)14-11/h4-5H,1-3H3,(H,16,17)",0,0,0,0,0,0,0,0,0,0,0,0,0,0,0,0,0,0,0,0,1,0,0,0,1,1,0,0,0,0,0,0,0,0,0,1,0,0,0,0,0,0,0,0,1,0,1,0,0,1,0,0,0,0,0,0,0,0,0,0,0,0,0,0,1,0,0,0,0,0,0,0,0,1,0,1,1,1,0,1,1,0,1,0,1,1,0,1,0,0,0,1,1,0,0,1,1,1,1,0,0,0,0,0,1,1,0,1,0,1,0,0,1,0,0,0,1,0,1,1,1,1,1,0,1,1,1,0,0,0,1,0,1,0,1,1,1,0,1,1,1,1,1,0,1,1,0,1,1,0,0,0,0,1,0,1,1,1,1,1,1,0,1,1,1,1
"InChI=1S/C11H12N4O3S/c1-7-5-8(3-4-10(7)15(16)17)18-6-9-11(12-2)19-14-13-9/h3-5,12H,6H2,1-2H3",0,0,0,0,0,0,0,0,0,0,0,0,0,0,0,0,0,0,0,0,1,0,0,0,0,0,0,0,0,0,0,1,1,0,0,1,0,0,0,0,0,0,0,0,1,0,1,0,0,1,0,1,0,0,0,1,0,0,0,0,0,0,1,0,1,0,1,0,0,1,1,0,0,0,0,1,0,0,1,1,1,0,1,0,0,0,0,1,0,1,0,0,1,1,1,1,1,0,1,0,0,1,0,0,0,0,0,1,1,0,1,0,1,0,0,0,0,0,1,1,1,1,0,1,1,1,1,0,0,1,1,0,1,0,1,1,1,1,0,1,1,1,1,1,1,1,0,1,1,1,1,1,1,0,1,1,1,1,1,1,1,0,1,1,1,1
"InChI=1S/C11H12N4O3S/c1-5-7(12)8(15-14-5)10(16)13-6-3-4-19-9(6)11(17)18-2/h3-4H,12H2,1-2H3,(H,13,16)(H,14,15)",0,0,0,0,0,0,0,0,0,0,0,0,0,0,0,0,0,0,0,0,0,0,0,0,0,0,0,0,0,0,0,0,0,0,0,1,0,0,0,0,0,0,0,0,1,0,0,0,0,0,0,1,1,1,0,0,0,0,0,0,0,0,0,0,1,0,0,0,0,0,0,0,0,0,0,1,0,1,1,1,1,0,1,1,0,0,0,1,0,0,0,1,1,1,1,1,1,0,1,0,0,0,0,0,0,0,0,0,0,1,0,0,0,0,0,0,1,0,1,1,1,0,1,1,1,1,0,0,0,1,1,0,1,0,1,1,1,0,0,1,1,1,0,1,0,1,0,0,1,1,1,0,0,1,0,1,1,1,1,1,1,0,0,1,1,1
"InChI=1S/C11H12N4O3S/c16-15(17)9-5-4-8(18-9)10-12-13-11(19-10)14-6-2-1-3-7-14/h4-5H,1-3,6-7H2",0,0,0,0,0,0,0,0,0,0,0,0,0,0,0,0,0,0,0,0,1,0,0,0,0,0,0,0,0,0,0,0,0,0,0,1,0,0,0,0,0,0,0,0,1,0,1,0,0,0,0,1,0,0,0,1,1,0,0,0,0,1,1,0,1,0,0,0,0,1,1,1,0,0,1,1,1,1,1,1,1,0,1,0,1,1,0,1,0,0,0,1,0,1,1,1,1,1,1,1,0,1,0,0,0,1,0,0,0,1,1,0,0,0,0,0,1,1,1,1,1,1,0,1,1,0,0,0,1,1,0,0,1,0,1,1,1,1,0,1,0,1,0,0,1,1,1,1,0,0,0,1,1,0,0,1,1,1,1,0,1,0,1,1,1,1
"InChI=1S/C11H12N4O3S/c16-10(17)9(3-8-4-12-6-13-8)15-11(18)14-7-1-2-19-5-7/h1-2,4-6,9H,3H2,(H,12,13)(H,16,17)(H2,14,15,18)",0,0,0,0,0,0,0,0,0,0,0,0,0,0,0,0,0,0,0,0,0,0,0,0,0,0,0,0,0,0,0,0,0,0,0,1,1,0,0,0,0,0,1,0,1,0,0,0,0,0,0,0,1,1,0,0,0,0,0,0,0,0,0,0,1,0,0,0,0,0,0,0,0,0,0,1,1,1,1,1,0,0,1,0,0,0,0,1,0,1,1,0,0,0,1,1,0,0,1,0,0,0,0,1,0,1,0,0,0,1,1,0,0,0,0,0,1,0,1,1,1,0,1,0,1,0,0,0,0,0,1,0,1,0,1,1,1,0,1,1,0,1,0,0,0,1,0,0,0,0,1,0,0,1,1,1,1,1,1,0,1,0,0,1,1,1
"InChI=1S/C11H12N4O3S/c1-15-10(17)13-14-11(15)19-6-3-4-8(12)7(5-6)9(16)18-2/h3-5H,12H2,1-2H3,(H,13,17)",0,0,0,0,0,0,0,0,0,0,0,0,0,0,0,0,0,0,0,0,0,0,0,0,0,0,0,0,0,0,0,0,0,0,0,0,1,0,0,0,0,0,0,0,1,0,1,0,0,1,0,1,0,0,0,0,0,0,1,0,0,0,0,1,1,0,0,0,0,0,0,0,0,0,1,1,1,1,1,0,1,0,1,1,1,0,0,1,0,0,0,0,1,1,1,1,1,0,1,0,0,0,0,0,0,1,0,1,0,1,0,0,1,0,0,0,1,0,1,1,1,1,1,1,1,1,1,0,0,1,1,0,1,0,1,1,1,0,1,1,1,1,1,1,1,1,0,1,1,1,1,0,0,1,0,1,1,1,1,1,1,0,1,1,1,1
"InChI=1S/C11H12N4O3S/c1-7(2)14-9(5-6-12-14)13-11(16)8-3-4-10(19-8)15(17)18/h3-7H,1-2H3,(H,13,16)",0,0,0,0,0,0,0,0,0,0,0,0,0,0,0,0,0,0,0,0,1,0,0,0,0,0,0,0,0,0,0,0,0,0,0,1,0,1,0,0,0,0,0,0,1,0,1,0,0,0,0,1,0,0,0,1,0,0,0,0,0,0,1,0,1,0,0,0,0,1,1,0,0,1,1,1,1,1,1,0,1,0,1,0,0,0,0,1,0,0,0,1,0,1,0,1,1,0,1,0,0,1,0,0,0,0,0,1,0,1,0,0,0,0,0,0,1,0,1,1,1,1,0,1,1,0,0,0,0,1,1,0,1,0,1,1,1,0,1,1,1,1,0,1,0,1,0,1,1,1,0,0,0,0,0,1,1,1,1,1,1,0,0,1,1,1
"InChI=1S/C11H12N4O3S/c1-2-18-11(17)7-3-13-15(4-7)5-9-14-8(6-19-9)10(12)16/h3-4,6H,2,5H2,1H3,(H2,12,16)",0,0,0,0,0,0,0,0,0,0,0,0,0,0,0,0,0,0,0,0,0,0,0,0,0,0,0,0,0,0,0,0,0,0,0,1,0,0,0,0,0,0,1,0,1,0,1,0,0,1,0,1,0,0,0,0,0,0,0,0,0,0,0,0,1,0,0,0,0,0,0,0,0,0,1,1,0,1,1,1,1,0,1,0,0,0,0,1,0,0,0,1,0,1,1,1,1,0,1,1,0,0,0,0,0,0,0,0,1,1,1,0,0,1,0,0,1,0,1,1,1,1,1,1,1,1,0,0,0,1,1,0,0,0,0,1,1,1,1,1,1,1,0,0,0,1,0,1,1,0,1,0,1,1,1,1,1,1,1,1,1,0,0,1,1,1
"InChI=1S/C11H12N4O3S/c1-7-6-14-10(11(15-7)18-2)9-8(19(12,16)17)4-3-5-13-9/h3-6H,1-2H3,(H2,12,16,17)",0,0,0,0,0,0,0,0,0,0,0,0,0,0,0,0,0,0,0,0,1,0,0,0,0,0,0,0,0,0,0,1,1,0,0,0,0,0,0,0,0,0,0,0,1,0,0,0,0,0,1,0,0,0,1,0,0,1,1,1,1,1,0,1,1,0,1,0,0,0,0,0,1,0,0,1,0,1,1,1,1,0,0,1,0,0,0,1,0,0,0,1,1,1,1,0,1,1,1,0,0,1,0,0,0,1,0,0,0,1,0,1,1,0,0,0,1,0,1,1,1,0,0,1,1,1,1,0,0,1,1,0,0,0,0,1,1,0,0,1,1,1,1,1,1,1,0,1,1,1,1,0,0,0,0,1,1,1,1,1,1,0,1,1,1,1
"InChI=1S/C11H12N4O3S/c1-15-9(10(16)14-11(15)12)6-7-2-4-8(5-3-7)19(13,17)18/h2-6H,1H3,(H2,12,14,16)(H2,13,17,18)",0,0,0,0,0,0,0,0,0,0,0,0,0,0,0,0,0,0,0,0,0,0,0,0,1,0,0,0,0,0,0,1,1,0,0,0,0,0,0,0,0,0,1,0,1,0,0,0,0,1,1,0,0,0,1,0,0,1,1,1,1,0,0,1,0,0,1,0,0,0,0,0,1,0,1,1,1,1,0,0,1,0,1,1,1,0,0,1,0,0,0,1,1,1,1,1,1,0,1,0,0,1,0,0,0,1,0,0,0,1,0,1,0,0,0,0,1,0,1,1,1,1,0,1,1,0,1,0,0,1,1,0,1,0,0,1,1,0,0,1,1,1,1,0,1,1,0,1,1,1,1,0,0,1,0,1,0,1,1,1,1,0,1,1,1,1
"InChI=1S/C11H12N4O3S/c1-5-7(3-12-15-5)9(16)13-6(2)10-14-8(4-19-10)11(17)18/h3-4,6H,1-2H3,(H,12,15)(H,13,16)(H,17,18)",0,0,0,0,0,0,0,0,0,0,0,0,0,0,0,0,0,0,0,0,0,0,0,0,0,0,0,0,0,0,0,0,0,0,0,1,0,0,0,0,0,0,0,0,1,0,1,0,0,1,0,1,1,0,0,0,0,0,0,0,0,0,0,0,1,0,0,0,0,0,0,0,0,0,0,1,0,1,1,1,1,0,1,0,0,0,0,1,0,0,0,1,0,1,1,1,1,0,1,0,0,0,0,0,0,0,0,1,0,1,0,0,0,0,0,0,1,0,1,1,1,0,1,1,1,0,0,0,0,1,1,0,0,0,0,1,1,0,1,1,1,1,0,1,0,1,0,0,1,1,1,0,0,1,0,1,1,1,1,1,1,0,0,1,1,1
"InChI=1S/C11H12N4O3S/c1-19(17,18)9-5-3-2-4-8(9)14-11(16)10-7(12)6-13-15-10/h2-6H,12H2,1H3,(H,13,15)(H,14,16)",0,0,0,0,0,0,0,0,0,0,0,0,0,0,0,0,0,0,0,0,0,0,0,0,0,0,0,0,0,0,0,0,0,0,0,0,0,0,0,0,0,0,0,0,1,0,0,0,0,0,1,1,1,1,1,0,0,1,1,1,1,0,0,1,1,0,1,0,0,0,0,0,1,0,0,1,0,1,1,1,1,0,1,1,0,0,0,1,0,0,0,1,1,1,1,1,1,0,1,0,0,1,0,0,0,0,0,1,0,1,0,1,0,0,0,0,1,0,1,1,1,0,0,1,1,0,0,0,0,1,1,0,1,0,1,1,1,0,0,1,1,1,0,1,1,1,0,1,1,1,1,0,0,1,0,1,0,1,1,1,1,0,1,1,1,1
"InChI=1S/C11H12N4O3S/c12-11-14-9(17)8(10(18)15-11)13-7(16)4-3-6-2-1-5-19-6/h1-2,5H,3-4H2,(H,13,16)(H4,12,14,15,17,18)",0,0,0,0,0,0,0,0,0,0,0,0,0,0,0,0,0,0,0,0,1,0,0,0,1,0,0,0,0,0,0,0,0,0,0,1,0,0,0,0,0,0,1,0,1,0,0,0,0,0,0,0,1,0,0,0,0,0,0,0,0,0,0,0,1,0,0,0,0,0,0,0,0,0,0,1,1,1,1,0,1,0,1,0,0,0,0,1,1,1,0,1,0,0,1,1,1,1,1,0,0,0,0,1,0,1,0,0,0,1,1,0,1,0,0,0,1,1,1,1,1,0,0,0,1,0,1,0,0,0,1,1,1,0,1,0,1,0,1,1,0,1,1,1,1,1,1,0,0,1,1,0,0,0,1,1,1,1,1,0,1,0,1,1,1,1
"InChI=1S/C11H12N4O3S/c1-8(16)15-6-2-3-9-7-10(4-5-11(9)15)19(17,18)14-13-12/h4-5,7H,2-3,6H2,1H3",0,0,0,0,0,0,0,0,0,0,0,0,0,0,0,0,0,0,0,0,0,0,0,0,0,1,0,0,0,0,0,1,1,0,0,0,0,0,0,0,0,0,0,0,1,0,1,0,0,1,1,1,0,0,1,0,0,1,1,1,1,0,0,1,0,0,1,0,0,1,0,0,1,0,1,1,1,0,0,0,1,0,0,0,1,0,0,1,0,0,0,1,0,1,1,0,1,1,1,1,0,1,0,0,1,1,0,1,0,1,1,1,0,0,0,1,1,1,1,1,1,1,0,1,1,0,0,0,0,1,0,0,0,0,1,1,1,1,0,1,1,1,0,1,1,1,1,1,1,0,0,0,1,1,0,1,0,1,1,1,1,0,1,1,1,1
"InChI=1S/C11H12N4O3S/c1-5-4-7(15(3)13-5)9(16)12-10-8(11(17)18)6(2)14-19-10/h4H,1-3H3,(H,12,16)(H,17,18)",0,0,0,0,0,0,0,0,0,0,0,0,0,0,0,0,0,0,0,0,1,0,0,0,0,0,0,0,0,0,0,1,1,0,0,1,0,0,0,0,0,0,0,0,1,0,1,0,0,1,0,1,0,0,0,0,0,0,0,0,0,0,0,0,1,0,1,0,0,0,0,0,0,0,1,1,0,1,1,1,1,0,1,0,0,0,0,1,0,0,0,1,1,1,1,1,1,0,1,0,0,0,0,0,0,0,0,1,0,1,0,0,0,0,0,0,1,0,1,1,1,1,1,1,1,0,0,0,0,1,1,0,1,0,1,1,1,0,1,1,1,1,0,1,0,1,0,1,1,1,0,0,0,1,0,1,1,1,1,1,1,0,0,1,1,1
"InChI=1S/C11H12N4O3S/c1-18-10(17)5-8-7-19-11(13-8)14-9(16)6-15-4-2-3-12-15/h2-4,7H,5-6H2,1H3,(H,13,14,16)",0,0,0,0,0,0,0,0,0,0,0,0,0,0,0,0,0,0,0,0,0,0,0,0,0,0,0,0,0,0,0,0,0,0,0,1,0,0,0,0,0,0,0,0,1,0,1,0,0,0,0,1,0,0,0,0,0,0,0,0,0,0,0,0,1,0,0,0,0,0,0,0,0,0,1,1,1,1,1,1,1,0,1,0,0,0,0,1,0,0,0,1,1,1,1,1,1,0,1,1,0,0,0,1,0,1,0,0,0,1,1,0,0,0,0,1,1,0,1,1,1,1,1,1,1,1,0,0,0,1,1,1,1,0,1,1,1,1,1,1,1,1,0,0,0,1,0,1,1,0,0,0,1,1,1,1,1,1,1,1,1,0,0,1,1,1
"InChI=1S/C11H12N4O3S/c1-8-4-14-9(5-13-8)6-15-19(17,18)11-7-12-3-2-10(11)16/h2-5,7,11,15H,6H2,1H3",0,0,0,0,0,0,0,0,0,0,0,0,0,0,0,0,0,0,0,0,0,0,0,0,0,0,0,0,0,0,0,1,1,0,0,0,0,0,0,0,0,0,0,0,1,0,0,0,0,0,1,0,0,0,1,0,0,1,0,1,1,0,0,1,1,0,1,0,0,0,0,0,1,0,0,1,0,1,1,1,1,1,0,0,0,0,0,1,1,0,0,0,0,1,0,0,1,1,1,1,0,1,0,0,0,1,0,0,0,0,1,1,0,0,0,0,1,0,1,1,1,0,0,1,1,0,1,0,0,1,1,0,0,0,0,1,1,1,0,1,1,1,1,0,1,1,0,1,1,1,1,1,1,1,1,1,0,1,1,1,1,0,1,1,1,1
"InChI=1S/C11H12N4O3S/c1-15-10(16)13-14-11(15)19-9-5-8-7(4-6(9)12)17-2-3-18-8/h4-5H,2-3,12H2,1H3,(H,13,16)",0,0,0,0,0,0,0,0,0,0,0,0,0,0,0,0,0,0,0,0,0,0,0,0,0,1,0,0,0,0,0,0,0,0,0,0,1,0,0,0,0,0,0,0,1,0,1,0,0,0,0,1,0,0,0,0,1,0,1,0,0,0,0,1,1,0,0,0,0,0,0,1,0,0,1,1,1,1,1,0,1,0,1,1,1,0,0,1,0,0,0,0,1,1,1,1,1,1,1,0,0,0,0,0,1,1,0,0,1,1,0,0,1,0,0,0,1,1,1,1,1,1,0,1,1,0,1,0,0,1,1,1,1,0,1,0,1,1,1,1,1,1,1,1,1,1,1,1,1,1,1,1,1,0,0,1,1,1,1,1,1,0,1,1,1,1
"InChI=1S/C11H12N4O3S/c16-11(15-6-1-2-7-15)10-14-13-9-8(19(10,17)18)4-3-5-12-9/h3-5H,1-2,6-7H2,(H,12,13)",0,0,0,0,0,0,0,0,0,0,0,0,0,0,0,0,0,0,0,0,1,0,0,0,0,1,0,0,0,0,0,0,0,0,0,1,0,1,0,0,0,0,0,0,1,0,1,0,0,0,1,1,0,0,1,0,0,1,1,1,1,0,0,0,1,0,1,0,0,0,0,0,1,0,1,1,1,1,1,1,1,0,1,0,1,1,0,1,1,0,0,1,0,1,1,1,1,1,1,1,0,1,0,0,1,0,0,0,0,1,1,1,0,0,0,0,1,1,1,1,1,1,0,1,1,0,1,0,0,1,1,0,0,0,1,1,1,1,0,1,0,1,1,1,1,1,1,1,0,1,1,0,1,1,0,1,0,1,1,0,1,0,1,1,1,1
"InChI=1S/C11H12N4O3S/c1-15-9(16)5-4-7(14-15)10(17)12-13-11(18)8-3-2-6-19-8/h2-3,6H,4-5H2,1H3,(H,12,17)(H,13,18)",0,0,0,0,0,0,0,0,0,0,0,0,0,0,0,0,0,0,0,0,0,0,0,0,0,0,0,0,0,0,0,0,0,0,0,1,0,0,0,0,0,0,0,0,0,0,0,0,0,0,0,1,0,0,0,0,0,0,0,0,0,0,0,0,0,0,0,0,0,0,0,0,0,0,1,1,0,1,1,1,1,0,1,0,0,0,0,1,0,1,1,1,1,1,1,1,1,1,1,0,0,0,0,0,0,0,0,1,0,1,1,0,0,0,0,1,1,1,1,1,1,1,0,1,1,0,1,0,0,1,1,1,0,0,0,1,1,0,1,1,1,1,1,0,1,1,1,1,1,1,0,0,0,1,0,1,1,1,1,1,1,0,1,1,1,1
"InChI=1S/C11H12N4O3S/c1-7-6-19-11(13-7)14-9(16)5-18-10(17)8-3-12-15(2)4-8/h3-4,6H,5H2,1-2H3,(H,13,14,16)",0,0,0,0,0,0,0,0,0,0,0,0,0,0,0,0,0,0,0,0,0,0,0,0,0,0,0,0,0,0,0,0,0,0,0,1,0,0,0,0,0,0,0,0,1,0,1,0,0,1,0,1,0,0,0,0,0,0,0,0,0,0,0,0,1,0,0,0,0,0,0,1,0,0,1,1,1,1,0,0,1,0,1,0,0,0,0,1,0,0,0,1,1,1,1,1,1,0,1,0,0,0,0,1,0,1,0,0,1,1,1,0,0,0,0,0,1,0,1,1,1,1,1,1,1,1,0,0,0,1,1,1,1,0,1,1,1,1,1,1,1,1,0,0,0,1,0,1,1,0,0,0,1,1,1,1,1,1,1,1,1,0,0,1,1,1
"InChI=1S/C11H12N4O3S/c1-15-8-6(9(16)14-11(15)18)7(12-10(17)13-8)5-3-2-4-19-5/h2-4,6-8H,1H3,(H2,12,13,17)(H,14,16,18)",0,0,0,0,0,0,0,0,0,0,0,0,0,0,0,0,0,0,0,0,0,0,0,0,0,0,0,0,0,0,0,0,0,0,0,1,1,1,0,0,0,0,1,0,0,0,0,0,0,0,0,0,1,0,0,0,0,0,0,0,0,1,0,0,0,0,0,0,0,0,0,0,0,0,1,1,1,1,0,1,1,0,1,0,1,0,0,1,1,0,0,1,1,0,0,1,1,1,1,0,0,0,0,0,1,1,0,1,0,1,0,0,0,0,0,0,1,0,1,1,1,1,0,0,1,0,1,0,0,0,1,0,0,0,0,1,1,0,1,1,1,1,1,0,1,1,0,1,1,1,1,0,0,1,0,1,1,1,1,1,1,0,1,1,1,1
"InChI=1S/C11H12N4O3S/c16-10(7-19-11-12-5-6-13-11)14-8-3-1-2-4-9(8)15(17)18/h1-4H,5-7H2,(H,12,13)(H,14,16)",0,0,0,0,0,0,0,0,0,0,0,0,0,0,0,0,0,0,0,0,0,0,0,0,0,0,0,0,0,0,0,0,0,0,0,0,0,0,0,0,0,0,0,0,1,0,1,0,0,0,0,0,0,0,0,1,0,0,0,0,0,0,1,1,0,0,0,0,0,1,1,0,0,0,0,1,1,1,1,0,1,1,1,0,0,0,0,1,0,1,0,1,0,1,0,1,1,0,1,1,0,1,0,1,0,1,0,0,0,1,1,0,0,0,0,0,1,0,1,1,1,1,0,1,1,0,0,1,0,1,1,1,1,0,1,1,1,1,1,1,0,1,0,1,1,1,0,1,0,1,1,0,1,0,1,1,1,1,1,0,1,0,1,1,1,1
"InChI=1S/C11H12N4O3S/c1-17-8-2-4-9(5-3-8)18-6-12-10(16)14-11-15-13-7-19-11/h2-5,7H,6H2,1H3,(H2,12,14,15,16)",0,0,0,0,0,0,0,0,0,0,0,0,0,0,0,0,0,0,0,0,0,0,0,0,0,0,0,1,0,0,0,0,0,0,0,1,1,0,0,0,0,0,0,0,0,0,1,0,0,0,0,1,1,0,0,0,0,0,0,0,0,0,0,0,0,0,0,0,1,0,0,0,0,0,0,1,1,1,1,1,1,0,1,0,0,0,0,1,1,1,0,0,1,1,0,1,1,0,1,0,0,0,0,0,0,1,0,1,1,1,0,0,1,0,0,0,1,0,1,1,1,0,0,1,1,1,1,0,0,1,1,0,1,0,0,0,1,1,1,1,1,1,1,0,1,1,0,0,1,0,1,1,1,0,1,1,1,1,1,1,1,0,1,1,1,1
"InChI=1S/C11H12N4O3S/c1-7-5-8(18-2)3-4-9(7)15-11(12-13-14-15)19-6-10(16)17/h3-5H,6H2,1-2H3,(H,16,17)",0,0,0,0,0,0,0,0,0,0,0,0,0,0,0,0,0,0,0,0,0,0,0,0,0,0,0,0,0,0,0,0,0,0,0,0,0,0,0,0,0,0,0,0,1,0,1,0,0,1,0,1,0,0,0,0,0,0,1,0,0,1,0,1,1,0,0,0,0,1,0,0,0,0,1,1,1,1,1,1,1,0,1,0,0,0,0,1,0,0,0,0,1,1,0,1,0,0,1,0,0,0,0,1,0,1,0,1,0,0,0,0,1,0,0,0,0,0,1,1,1,1,1,1,1,1,1,0,0,1,1,1,1,0,1,1,1,1,1,1,1,1,1,1,1,1,0,1,1,1,0,1,1,1,1,1,1,1,1,1,1,0,1,1,1,1
"InChI=1S/C11H12N4O3S/c1-8-7-10(13-12-8)11(16)14-15-19(17,18)9-5-3-2-4-6-9/h2-7,15H,1H3,(H,12,13)(H,14,16)",0,0,0,0,0,0,0,0,0,0,0,0,0,0,0,0,0,0,0,0,0,0,0,0,0,0,0,0,0,0,0,1,1,0,0,0,0,0,0,0,0,0,0,0,1,0,1,0,0,0,1,1,1,0,1,0,0,1,1,1,1,0,0,1,1,0,1,1,1,1,0,0,1,0,0,1,0,1,1,1,1,0,1,0,0,0,0,1,0,0,0,1,0,1,1,1,1,0,1,0,0,1,0,0,0,1,0,0,0,1,0,1,0,0,0,0,1,0,1,1,1,0,0,1,1,0,0,0,0,1,1,0,0,0,0,1,1,0,0,1,1,1,0,0,1,1,0,1,1,0,1,0,0,1,0,1,0,1,1,1,1,0,1,1,1,1
"InChI=1S/C11H12N4O3S/c16-7-1-3-14(4-2-12-7)9-8(10(17)18)15-5-6-19-11(15)13-9/h5-6H,1-4H2,(H,12,16)(H,17,18)",0,0,0,0,0,0,0,0,0,0,0,0,0,0,0,0,0,0,1,0,1,0,0,0,0,0,0,0,0,0,0,0,0,0,0,1,0,1,0,0,0,0,0,0,1,0,1,0,0,0,0,0,0,0,0,0,0,0,0,0,0,1,0,0,1,0,0,0,0,0,0,0,0,0,1,1,1,1,1,1,1,0,1,0,1,1,0,1,0,1,1,1,0,0,1,1,1,0,1,1,0,0,0,1,1,1,0,0,0,1,1,0,0,0,0,0,1,1,1,1,1,1,1,0,1,0,1,1,0,0,1,1,1,0,1,1,1,1,1,1,0,1,1,1,0,1,1,1,0,1,0,0,1,1,0,1,1,1,1,0,1,0,0,1,1,1
"InChI=1S/C11H12N4O3S/c16-8-2-1-7(5-9(8)17)3-4-12-10(18)14-11-15-13-6-19-11/h1-2,5-6,16-17H,3-4H2,(H2,12,14,15,18)",0,0,0,0,0,0,0,0,0,0,0,0,0,0,0,0,0,0,0,0,0,0,0,0,0,0,0,0,0,0,0,0,0,0,0,1,1,0,0,0,0,0,0,0,0,0,1,0,0,1,0,1,1,1,0,0,0,0,0,0,0,0,0,0,0,0,0,0,1,0,0,1,0,0,0,1,1,1,1,1,1,0,1,0,0,0,0,1,0,1,1,0,0,1,0,1,1,0,1,1,0,0,0,0,0,1,0,0,0,1,1,0,1,0,0,0,1,1,1,1,1,0,0,1,1,0,1,0,0,1,1,0,1,0,0,0,1,1,1,1,0,1,1,1,1,1,1,0,0,1,1,1,1,0,1,1,1,1,1,0,1,0,1,1,1,1
"InChI=1S/C11H12N4O3S/c16-9-3-7(13-11-15(9)12-6-19-11)4-14(5-10(17)18)8-1-2-8/h3,6,8H,1-2,4-5H2,(H,17,18)",0,0,0,0,0,0,0,0,0,0,0,0,0,0,0,0,0,0,0,0,0,1,0,0,0,0,0,0,0,0,0,0,0,0,0,1,0,0,0,0,0,0,0,0,1,0,1,0,0,0,0,1,0,0,0,0,0,0,0,0,0,0,0,0,1,0,0,0,0,0,0,0,0,0,0,1,1,1,1,1,1,0,1,0,1,1,0,1,0,0,1,1,0,1,1,1,1,1,1,1,0,0,0,1,1,1,0,0,0,1,1,0,1,0,0,0,1,0,1,1,1,1,1,1,1,0,1,0,1,1,1,1,1,0,0,1,1,1,1,1,0,1,1,0,1,1,0,1,0,0,0,0,1,1,1,1,1,1,1,0,1,0,1,1,1,1
"InChI=1S/C11H12N4O3S/c1-7(15-4-2-3-13-15)10(16)12-5-9-14-8(6-19-9)11(17)18/h2-4,6-7H,5H2,1H3,(H,12,16)(H,17,18)",0,0,0,0,0,0,0,0,0,0,0,0,0,0,0,0,0,0,0,0,0,0,0,0,0,0,0,0,0,0,0,0,0,0,0,1,0,0,0,0,0,0,0,0,1,0,1,0,0,0,0,1,0,0,0,0,0,0,0,0,0,0,0,0,1,0,0,0,0,0,0,0,0,0,1,1,0,1,1,1,1,0,1,0,0,0,0,1,0,1,0,1,0,1,1,1,1,0,1,1,0,0,0,0,0,0,0,1,0,1,1,0,0,0,0,0,1,0,1,1,1,1,1,1,1,0,0,0,0,1,1,0,0,0,0,1,1,1,1,1,1,1,0,0,0,1,0,1,1,0,0,0,1,1,1,1,1,1,1,1,1,0,0,1,1,1
"InChI=1S/C11H12N4O3S/c1-12-6-10-13-14-11(19-10)7-3-4-9(18-2)8(5-7)15(16)17/h3-5,12H,6H2,1-2H3",0,0,0,0,0,0,0,0,0,0,0,0,0,0,0,0,0,0,0,0,0,0,0,0,0,0,0,0,0,0,0,0,0,0,0,1,0,0,0,0,0,0,0,0,1,0,1,0,0,1,0,1,0,0,0,1,0,0,0,0,0,1,1,0,1,0,0,0,0,1,1,0,0,0,0,1,0,1,1,1,1,1,1,0,0,1,0,1,1,0,0,0,1,1,1,1,0,0,1,1,0,1,0,0,0,0,0,1,0,0,1,0,1,0,1,0,0,0,1,1,1,1,0,1,1,1,1,0,0,1,1,0,1,0,1,1,1,1,0,1,1,1,1,1,1,1,0,1,1,1,1,1,1,0,1,1,1,1,1,1,1,0,1,1,1,1
"InChI=1S/C11H12N4O3S/c1-3-18-7(16)6-15-10(17)8-9(13-5-4-12-8)14-11(15)19-2/h4-5H,3,6H2,1-2H3",0,0,0,0,0,0,0,0,0,0,0,0,0,0,0,0,0,0,0,0,1,0,0,0,0,1,0,0,0,0,0,0,0,0,0,0,0,1,0,0,0,0,0,0,1,0,1,0,0,0,0,0,0,0,0,0,0,0,1,0,0,0,0,1,1,0,0,0,0,0,0,0,0,0,1,1,1,1,1,1,1,0,0,0,1,0,0,1,0,0,0,1,1,0,1,0,1,1,1,1,0,0,0,0,1,1,0,1,1,1,0,0,1,1,0,0,1,0,1,1,1,1,1,0,1,1,1,0,1,0,0,1,0,0,0,1,1,1,0,1,1,1,1,1,1,1,0,1,1,1,0,0,1,1,1,1,1,1,1,1,1,0,1,1,1,1
"InChI=1S/C11H12N4O3S/c1-14-8-12-13-11(14)19-7-6-18-10-5-3-2-4-9(10)15(16)17/h2-5,8H,6-7H2,1H3",0,0,0,0,0,0,0,0,0,0,0,0,0,0,0,0,0,0,0,0,0,0,0,0,0,0,0,0,0,0,0,0,0,0,0,0,0,0,0,0,0,0,0,0,1,0,1,0,0,0,0,1,0,0,0,1,0,0,1,0,0,0,1,1,1,0,0,0,0,1,1,0,0,0,1,1,1,1,1,0,1,0,1,0,1,0,0,1,1,0,0,0,1,1,1,1,0,0,1,0,0,1,0,0,0,1,0,1,1,0,0,0,1,0,0,0,0,1,1,1,1,1,0,1,1,1,1,0,0,1,0,1,1,0,1,1,1,1,0,1,1,1,1,1,1,1,1,1,1,1,0,1,1,0,1,1,1,1,1,1,1,0,1,1,1,1
"InChI=1S/C11H12N4O3S/c1-19(17,18)14-7-2-3-9-8(6-7)10-12-4-5-15(10)11(16)13-9/h2-3,6,14H,4-5H2,1H3,(H,13,16)",0,0,0,0,0,0,0,0,0,0,0,0,0,0,0,0,0,0,0,0,0,0,0,0,0,1,0,0,0,0,0,1,1,0,0,0,1,1,0,0,0,0,0,0,1,0,0,0,0,1,1,0,0,0,1,0,0,1,0,1,1,0,0,0,0,0,1,0,0,0,0,0,1,0,0,1,1,1,0,1,0,0,1,0,1,0,0,1,0,1,0,0,1,1,0,1,1,1,1,1,0,1,0,0,1,1,0,1,0,1,0,1,0,0,0,0,1,0,1,1,1,1,0,1,1,0,1,0,0,1,1,0,1,0,1,1,1,1,1,1,1,1,1,1,1,1,0,1,1,0,1,0,1,0,0,1,1,1,1,1,1,0,1,1,1,1
"InChI=1S/C11H12N4O3S/c1-7-6-19-10(13-7)4-12-9(17)5-15-3-2-8(16)14-11(15)18/h2-3,6H,4-5H2,1H3,(H,12,17)(H,14,16,18)",0,0,0,0,0,0,0,0,0,0,0,0,0,0,0,0,0,0,0,0,0,0,0,0,0,0,0,0,0,0,0,0,0,0,0,1,1,0,0,0,0,0,0,0,1,0,1,0,0,0,0,0,0,0,0,0,0,0,0,0,0,0,0,0,1,0,0,0,0,0,0,0,0,0,1,1,1,1,1,0,1,0,1,0,1,0,0,1,1,1,0,1,0,0,1,1,1,1,1,1,0,0,0,1,0,1,0,1,0,1,1,0,1,0,0,0,1,0,1,1,1,1,0,0,1,0,1,0,1,0,1,1,0,0,0,1,1,1,1,1,1,1,1,1,1,1,0,1,1,1,0,0,1,1,1,1,1,1,1,1,1,0,1,1,1,1
"InChI=1S/C11H12N4O3S/c12-19(17,18)10-3-1-2-8(4-10)5-13-11(16)9-6-14-15-7-9/h1-4,6-7H,5H2,(H,13,16)(H,14,15)(H2,12,17,18)",0,0,0,0,0,0,0,0,0,0,0,0,0,0,0,0,0,0,0,0,0,0,0,0,0,0,0,0,0,0,0,1,1,0,0,0,0,0,0,0,0,0,0,0,1,0,0,0,0,1,1,1,1,0,1,0,0,1,1,1,1,0,0,1,1,0,1,0,0,0,0,0,1,0,0,1,0,1,0,1,1,0,1,1,0,0,0,1,0,1,0,1,0,1,0,1,1,0,1,1,0,1,0,0,0,1,0,0,0,1,0,1,0,0,0,0,1,0,1,1,1,0,0,1,1,0,0,0,0,1,1,0,0,0,0,1,1,1,1,1,0,1,0,0,1,1,0,1,0,0,1,0,1,0,1,1,1,1,1,0,1,0,1,1,1,1
"InChI=1S/C11H12N4O3S/c1-2-18-11(17)12-9(16)7-19-10-14-13-8-5-3-4-6-15(8)10/h3-6H,2,7H2,1H3,(H,12,16,17)",0,0,0,0,0,0,0,0,0,0,0,0,0,0,0,0,0,0,0,0,0,0,1,0,0,0,0,0,0,0,0,0,0,0,0,0,0,1,0,0,0,0,0,0,1,0,1,0,0,0,0,1,0,0,0,0,0,0,1,0,0,0,0,1,1,0,0,0,0,0,0,0,0,0,0,0,1,1,1,0,1,0,1,0,1,0,0,1,1,0,0,1,0,1,0,1,0,1,1,0,0,0,0,1,1,1,0,0,1,1,1,0,0,1,0,0,1,0,1,1,1,1,1,1,1,1,0,0,0,1,1,1,0,0,0,1,1,1,1,1,1,1,0,0,1,1,0,1,1,0,0,0,1,1,1,1,1,1,1,1,1,0,1,1,1,1
"InChI=1S/C11H12N4O3S/c1-19(17,18)14-11(16)10-4-2-9(3-5-10)6-15-8-12-7-13-15/h2-5,7-8H,6H2,1H3,(H,14,16)",0,0,0,0,0,0,0,0,0,0,0,0,0,0,0,0,0,0,0,0,0,0,0,0,0,0,0,0,0,0,0,1,1,0,0,0,0,0,0,0,0,0,0,0,0,0,0,0,0,1,1,1,0,0,1,0,0,1,0,1,1,0,0,0,1,0,1,0,0,0,0,0,1,0,1,1,1,1,1,0,0,0,1,0,0,0,0,1,1,0,0,1,1,1,0,1,0,0,1,1,0,1,0,0,0,1,0,0,0,1,1,1,0,0,0,0,1,0,1,1,1,1,0,1,1,0,0,0,0,1,1,0,0,0,0,1,1,1,0,1,1,1,0,0,1,1,0,1,1,0,1,0,1,1,1,1,0,1,1,1,1,0,1,1,1,1
"InChI=1S/C11H12N4O3S/c1-6-10(19-7(2)13-6)11(18)14-8-3-12-15(4-8)5-9(16)17/h3-4H,5H2,1-2H3,(H,14,18)(H,16,17)",0,0,0,0,0,0,0,0,0,0,0,0,0,0,0,0,0,0,0,0,0,0,0,0,0,0,0,0,0,0,0,0,0,0,0,1,0,0,0,0,0,0,0,0,1,0,1,0,0,0,0,1,0,0,0,0,0,0,0,0,0,0,0,0,1,0,0,0,0,0,0,0,0,0,1,1,0,1,1,1,1,0,1,0,0,0,0,1,0,0,0,1,0,1,1,1,1,0,1,1,0,0,0,1,0,0,0,0,0,1,1,0,0,0,0,0,1,0,1,1,1,1,1,1,1,0,0,0,0,1,1,1,1,0,1,1,1,1,1,1,1,1,0,1,0,1,0,1,1,1,0,0,1,1,1,1,1,1,1,1,1,0,0,1,1,1
"InChI=1S/C11H12N4O3S/c1-6-8(10(16)17)9(14-11(18)13-6)19-4-7-3-12-5-15(7)2/h3,5H,4H2,1-2H3,(H,16,17)(H,13,14,18)",0,0,0,0,0,0,0,0,0,0,0,0,0,0,0,0,0,0,0,0,0,0,0,0,0,0,0,0,0,0,0,0,0,0,0,0,1,0,0,0,0,0,0,0,1,0,1,0,0,1,0,0,0,0,0,0,0,0,1,0,0,0,0,1,1,0,0,0,0,0,0,0,0,0,1,1,1,1,1,0,1,0,1,0,1,0,0,1,0,0,0,0,1,0,0,1,1,1,1,0,0,0,0,0,0,1,0,0,0,1,1,0,1,0,0,1,1,0,1,1,1,1,1,0,1,0,1,0,0,0,1,0,0,0,0,1,1,1,1,1,1,1,1,1,1,1,0,1,1,1,0,0,1,1,1,1,1,1,1,1,1,0,1,1,1,1
"InChI=1S/C11H12N4O3S/c12-11-10(5-13-14-11)19(16,17)15-8-6-18-9-4-2-1-3-7(8)9/h1-5,8,15H,6H2,(H3,12,13,14)",0,0,0,0,0,0,0,0,0,0,0,0,0,0,0,0,0,0,0,0,0,0,0,0,0,1,0,0,0,0,0,1,1,0,0,0,0,1,0,0,0,0,1,0,1,0,0,0,0,1,1,1,1,1,1,0,1,1,1,1,1,0,0,1,1,0,1,1,1,0,0,0,1,0,0,1,1,1,1,1,1,0,1,0,0,0,0,1,0,0,0,0,0,1,1,1,1,0,1,0,0,1,0,1,1,1,0,0,1,0,1,1,1,0,0,0,1,0,1,1,1,0,0,1,1,0,0,0,0,1,1,0,1,0,1,1,1,1,0,1,0,1,0,1,1,1,0,1,0,1,1,1,1,0,0,1,1,1,1,0,1,0,1,1,1,1
"InChI=1S/C11H12N4O3S/c1-2-18-11(17)7-3-6(4-12)10(15-9(7)14)19-5-8(13)16/h3H,2,5H2,1H3,(H2,13,16)(H2,14,15)",0,0,0,0,0,0,0,0,0,0,0,0,0,0,0,0,0,0,0,0,1,0,0,0,0,0,0,0,0,0,0,0,0,0,0,0,0,1,0,0,1,0,1,0,1,0,1,0,0,1,0,0,0,0,0,0,0,0,1,0,0,0,0,1,1,0,0,0,0,0,0,0,0,0,0,1,1,1,0,1,1,0,0,1,0,0,0,1,0,0,0,1,0,0,0,0,1,1,1,0,0,0,0,1,0,0,0,0,1,1,1,0,0,1,0,0,1,0,1,1,1,0,1,0,1,1,0,0,0,0,1,1,1,0,1,1,1,1,1,1,1,1,0,1,1,1,0,0,1,1,1,0,1,1,1,1,1,1,1,1,1,0,1,1,1,1
"InChI=1S/C11H12N4O3S/c1-15-7-6-10(14-15)11(16)13-8-2-4-9(5-3-8)19(12,17)18/h2-7H,1H3,(H,13,16)(H2,12,17,18)",0,0,0,0,0,0,0,0,0,0,0,0,0,0,0,0,0,0,0,0,0,0,0,0,0,0,0,0,0,0,0,1,1,0,0,0,0,0,0,0,0,0,0,0,1,0,0,0,0,0,1,1,0,0,1,0,0,1,1,1,1,0,0,1,1,0,1,0,0,0,0,0,1,0,1,1,0,1,1,1,1,0,1,1,0,0,0,1,0,0,0,1,1,1,1,1,1,0,1,0,0,1,0,0,0,1,0,1,0,1,0,1,0,0,0,0,1,0,1,1,1,1,0,1,1,0,0,0,0,1,1,0,1,0,1,1,1,0,1,1,1,1,0,0,1,1,0,1,1,0,1,0,0,0,0,1,1,1,1,1,1,0,1,1,1,1
"InChI=1S/C11H12N4O3S/c1-19(16,17)11-14-5-4-10(15-11)18-7-2-3-8(12)9(13)6-7/h2-6H,12-13H2,1H3",0,0,0,0,0,0,0,0,0,0,0,0,0,0,0,0,0,0,0,0,0,0,0,0,0,0,0,0,0,0,0,0,0,0,0,0,0,0,0,0,0,0,0,0,1,0,1,0,0,0,1,0,0,1,1,0,0,1,1,1,1,0,0,1,1,0,1,0,0,0,0,0,1,0,0,1,1,1,1,0,1,0,0,1,0,0,0,1,0,0,0,1,1,0,1,0,1,1,1,0,0,1,0,0,0,1,0,1,0,1,0,1,1,0,0,0,1,0,1,1,1,0,0,1,1,1,1,0,0,1,1,0,1,0,1,1,1,0,0,1,1,1,1,1,1,1,0,1,1,1,1,1,0,0,0,1,1,1,1,1,1,0,1,1,1,1
"InChI=1S/C11H12N4O3S/c1-18-9-7-13-10(8-5-3-4-6-12-8)14-11(9)15-19(2,16)17/h3-7H,1-2H3,(H,13,14,15)",0,0,0,0,0,0,0,0,0,0,0,0,0,0,0,0,0,0,0,0,0,0,0,0,0,0,0,0,0,0,0,1,1,0,0,0,0,1,0,0,0,0,0,0,1,0,0,0,0,0,1,0,0,0,1,0,0,1,0,1,1,1,0,0,1,0,1,0,0,0,0,0,1,0,0,1,1,1,1,1,0,0,0,0,0,0,0,1,0,0,0,0,1,1,1,0,1,1,1,0,0,1,0,0,0,1,0,0,0,0,0,1,1,0,0,0,1,0,1,1,1,0,0,1,1,1,1,0,0,1,1,0,1,0,1,1,1,0,0,1,1,1,1,1,1,1,0,1,1,1,1,1,0,0,0,1,1,1,1,1,1,0,1,1,1,1
"InChI=1S/C11H12N4O3S/c1-8-6-13-10(11(14-8)18-2)15-19(16,17)9-4-3-5-12-7-9/h3-7H,1-2H3,(H,13,15)",0,0,0,0,0,0,0,0,0,0,0,0,0,0,0,0,0,0,0,0,0,0,0,0,0,0,0,0,0,0,0,1,1,0,0,0,0,1,0,0,0,0,0,0,1,0,0,0,0,0,1,0,0,0,1,0,0,1,1,1,1,0,0,1,1,0,1,0,0,0,0,0,1,0,0,1,1,1,1,1,1,0,0,0,0,0,0,1,0,0,0,1,1,1,1,0,1,1,1,0,0,1,0,0,0,1,0,0,0,1,0,1,0,0,0,0,1,0,1,1,1,0,0,1,1,1,1,0,0,1,1,0,1,0,0,1,1,0,0,1,1,1,1,0,1,1,0,1,1,1,1,0,0,0,0,1,1,1,1,1,1,0,1,1,1,1
"InChI=1S/C11H12N4O3S/c1-7-5-9(14-18-7)13-10(16)6-17-15-11(12)8-3-2-4-19-8/h2-5H,6H2,1H3,(H2,12,15)(H,13,14,16)",0,0,0,0,0,0,0,0,0,0,0,0,0,0,0,0,0,0,0,0,0,0,0,1,0,0,0,0,0,0,0,0,0,0,0,1,0,1,0,0,0,0,0,0,0,0,0,0,0,0,0,0,0,0,0,0,1,0,0,0,0,0,0,0,0,0,0,0,0,0,1,1,0,0,0,1,1,1,0,1,1,0,1,1,0,0,0,1,0,0,1,1,0,1,1,1,1,0,1,0,0,1,0,0,0,0,0,0,1,1,1,0,0,0,0,0,1,0,1,1,1,0,0,1,1,1,0,0,0,1,1,1,1,0,0,1,1,1,0,1,1,1,0,0,0,1,0,0,1,0,1,1,1,1,1,1,1,1,1,1,1,0,0,1,1,1
"InChI=1S/C11H12N4O3S/c1-17-9-5-4-7(6-8(9)10(16)18-2)15-11(19-3)12-13-14-15/h4-6H,1-3H3",0,0,0,0,0,0,0,0,0,0,0,0,0,0,0,0,0,0,0,0,0,0,0,0,0,0,0,0,0,0,0,0,0,0,0,0,0,0,0,0,0,0,0,0,1,0,1,0,0,1,0,1,0,0,0,0,0,0,1,0,0,1,0,1,1,0,0,0,0,1,0,0,0,0,1,1,1,1,1,1,1,0,1,0,0,0,0,1,1,0,0,0,1,1,0,1,0,0,1,0,0,0,0,0,0,1,0,1,0,0,0,0,1,0,0,0,0,0,1,1,1,1,1,1,1,1,1,0,0,1,0,0,1,0,1,1,1,0,0,1,1,1,1,1,1,1,0,1,1,1,0,1,0,1,0,1,1,1,1,1,1,0,1,1,1,1
"InChI=1S/C11H12N4O3S/c1-2-18-9-3-8(13-6-14-9)12-4-10-15-7(5-19-10)11(16)17/h3,5-6H,2,4H2,1H3,(H,16,17)(H,12,13,14)",0,0,0,0,0,0,0,0,0,0,0,0,0,0,0,0,0,0,0,0,1,0,0,0,0,0,0,0,0,0,0,0,0,0,0,1,0,1,0,0,0,0,0,0,1,0,1,0,0,0,0,0,0,0,0,0,0,0,0,0,0,0,0,0,1,0,0,0,0,0,0,0,0,0,0,1,1,1,1,1,1,1,1,0,0,0,0,1,0,0,0,1,0,0,1,1,1,1,1,1,0,0,0,0,0,0,0,1,1,1,1,0,1,1,0,0,1,0,1,1,1,0,1,0,1,1,1,0,0,0,1,0,1,0,1,1,1,1,1,1,1,1,1,0,1,1,0,0,1,0,1,0,1,1,1,1,1,1,1,1,1,0,1,1,1,1
"InChI=1S/C11H12N4O3S/c1-7-3-4-9(15(16)17)10(5-7)18-6-8-11(12-2)19-14-13-8/h3-5,12H,6H2,1-2H3",0,0,0,0,0,0,0,0,0,0,0,0,0,0,0,0,0,0,0,0,1,0,0,0,0,0,0,0,0,0,0,1,1,0,0,1,0,0,0,0,0,0,0,0,1,0,1,0,0,1,0,1,0,0,0,1,0,0,0,0,0,0,1,0,1,0,1,0,0,1,1,0,0,0,0,1,0,0,1,1,1,0,1,0,0,0,0,1,1,1,0,0,1,1,1,1,1,0,1,0,0,1,0,0,0,0,0,1,1,0,1,0,1,0,0,0,0,0,1,1,1,1,0,1,1,1,1,0,0,1,1,0,1,0,1,1,1,1,0,1,1,1,1,1,1,1,0,1,1,1,1,1,1,0,1,1,1,1,1,1,1,0,1,1,1,1
"InChI=1S/C11H12N4O3S/c1-3-7-4-6(2)9(19(14,17)18)5-8(7)10(16)15-11(12)13/h1,4-5H,2H3,(H2,14,17,18)(H4,12,13,15,16)",0,0,0,0,0,0,0,0,0,0,0,0,0,0,0,0,1,0,0,0,0,0,0,0,1,0,0,0,0,0,0,1,1,0,0,0,0,0,0,0,0,0,1,0,0,0,0,0,0,1,1,0,1,0,1,0,0,1,1,1,1,0,0,1,0,0,1,0,0,0,0,0,1,0,0,1,1,1,0,0,1,0,0,1,0,0,0,1,0,0,0,1,0,1,0,0,1,0,1,0,0,1,0,0,0,1,0,0,0,1,0,1,0,0,0,0,1,0,1,0,0,0,0,1,1,0,0,0,0,1,1,0,0,0,0,1,0,0,1,1,1,1,0,1,1,1,0,1,1,1,1,0,0,0,0,1,1,1,1,1,1,0,1,1,1,1
"InChI=1S/C11H12N4O3S/c1-6-4-12-11(17)14-10(6)19-5-9(16)13-8-3-7(2)18-15-8/h3-4H,5H2,1-2H3,(H,12,14,17)(H,13,15,16)",0,0,0,0,0,0,0,0,0,0,0,0,0,0,0,0,0,0,0,0,0,0,0,1,0,0,0,0,0,0,0,0,0,0,0,0,1,1,0,0,0,0,0,0,1,0,1,0,0,1,0,0,0,0,0,0,1,0,1,0,0,0,0,1,1,0,0,0,0,0,1,0,0,0,0,1,1,1,0,0,1,0,1,0,0,0,0,1,0,0,1,1,0,1,1,1,1,1,1,0,0,1,0,0,0,1,0,1,0,1,1,0,1,0,0,0,1,0,1,1,1,0,0,1,1,0,1,0,0,1,1,1,1,0,0,1,1,1,1,1,1,1,1,1,1,1,0,0,1,1,1,1,1,1,1,1,1,1,1,1,1,0,1,1,1,1
"InChI=1S/C11H12N4O3S/c1-18-10-6-7-13-14-11(10)15-19(16,17)9-4-2-8(12)3-5-9/h2-7H,12H2,1H3,(H,14,15)",0,0,0,0,0,0,0,0,0,0,0,0,0,0,0,0,0,0,0,0,1,0,0,0,0,0,0,0,0,0,0,1,1,0,0,0,0,1,0,0,0,0,0,0,1,0,0,0,0,0,1,1,0,0,1,0,0,1,1,1,1,0,0,1,1,0,1,0,0,0,0,0,1,0,0,1,1,0,1,0,1,0,0,1,0,0,0,1,0,0,0,0,1,1,1,0,1,1,1,0,0,1,0,0,0,1,0,1,0,0,0,1,1,0,0,0,1,0,1,1,1,0,0,1,1,1,1,0,0,1,1,0,1,0,1,1,1,0,0,1,1,1,1,1,1,1,0,1,1,1,1,1,0,0,0,1,1,1,1,1,1,0,1,1,1,1
"InChI=1S/C11H12N4O3S/c1-18-11-8(12)3-2-4-9(11)19(16,17)15-10-7-13-5-6-14-10/h2-7H,12H2,1H3,(H,14,15)",0,0,0,0,0,0,0,0,0,0,0,0,0,0,0,0,0,0,0,0,0,0,0,0,0,0,0,0,0,0,0,1,1,0,0,0,0,1,0,0,0,0,0,0,1,0,0,0,0,0,1,0,0,0,1,0,0,1,1,1,1,0,0,1,0,0,1,0,0,0,0,0,1,0,0,1,1,1,1,0,1,0,0,1,0,0,0,1,1,0,0,0,1,1,1,0,1,1,1,0,0,1,0,0,0,1,0,1,0,0,0,1,1,0,0,0,1,0,1,1,1,0,0,1,1,1,1,0,0,1,1,0,1,0,1,1,1,0,0,1,1,1,1,1,1,1,0,1,1,1,1,1,0,0,0,1,1,1,1,1,1,0,1,1,1,1
"InChI=1S/C11H12N4O3S/c1-2-18-10(17)7-19-11-12-13-14-15(11)8-3-5-9(16)6-4-8/h3-6,16H,2,7H2,1H3",0,0,0,0,0,0,0,0,0,0,0,0,0,0,0,0,0,0,0,0,0,0,0,0,0,0,0,0,0,0,0,0,0,0,0,0,0,0,0,0,0,0,0,0,1,0,1,0,0,0,0,1,0,0,0,0,0,0,1,0,0,1,0,1,1,0,0,0,0,1,0,0,0,0,1,1,1,1,1,1,1,0,1,0,0,0,0,1,0,0,0,0,0,1,0,1,0,0,1,0,0,0,0,0,0,1,0,1,1,0,0,0,1,1,0,0,0,0,1,1,1,1,1,1,1,1,1,0,1,1,1,1,1,0,1,1,1,1,1,1,1,1,1,1,1,1,0,1,1,1,0,1,1,1,1,1,1,1,1,1,1,0,1,1,1,1
"InChI=1S/C11H12N4O3S/c1-2-6-15-10(18)13-14-11(15)19-8-5-3-4-7(12-8)9(16)17/h3-5H,2,6H2,1H3,(H,13,18)(H,16,17)",0,0,0,0,0,0,0,0,0,0,0,0,0,0,0,0,0,0,0,0,1,0,0,0,0,0,0,0,0,0,0,0,0,0,0,0,1,0,0,0,0,0,0,0,1,0,1,0,0,0,0,1,0,0,0,0,0,0,1,0,0,0,0,1,1,0,0,0,0,0,0,0,0,0,1,1,1,1,1,1,1,0,1,0,1,0,0,1,0,1,1,0,0,1,1,1,0,1,1,1,0,0,0,0,0,1,0,0,0,1,1,0,1,1,1,0,1,1,1,1,1,1,1,1,1,0,1,0,0,1,1,0,0,0,0,1,1,1,1,1,1,1,1,1,1,1,1,1,1,1,0,0,1,1,1,1,1,1,1,1,1,0,1,1,1,1
"InChI=1S/C11H12N4O3S/c1-14(4-8-2-3-19-7-8)11(18)9-5-15(13-12-9)6-10(16)17/h2-3,5,7H,4,6H2,1H3,(H,16,17)",0,0,0,0,0,0,0,0,0,0,0,0,0,0,0,0,0,0,0,0,0,0,0,0,0,0,0,0,0,0,0,0,0,0,0,1,0,0,0,0,0,0,0,0,1,0,0,0,0,1,0,1,0,0,0,0,0,0,0,0,0,0,0,0,1,0,0,0,0,1,0,0,0,0,1,1,1,0,1,1,0,0,1,0,1,1,0,1,0,0,0,1,1,1,1,1,1,0,1,1,0,0,0,1,0,0,0,1,0,1,1,0,0,0,1,0,1,0,1,1,1,1,1,1,1,0,0,0,0,1,1,1,0,0,0,1,1,1,1,1,1,1,0,0,0,1,0,1,1,0,0,0,1,1,1,1,1,1,1,1,1,0,0,1,1,1
"InChI=1S/C11H12N4O3S/c1-8-9(4-3-5-10(8)15(16)17)6-14-7-12-13-11(14)19(2)18/h3-5,7H,6H2,1-2H3",0,0,0,0,0,0,0,0,0,0,0,0,0,0,0,0,0,0,0,0,0,0,0,0,0,0,0,0,0,0,0,0,0,0,0,0,0,0,0,0,0,0,0,0,1,0,1,0,0,1,1,1,0,0,0,1,0,0,1,1,1,0,1,1,1,0,1,0,0,1,1,0,1,0,1,1,1,1,1,0,1,0,1,0,1,0,0,1,0,0,0,0,1,1,1,1,1,0,1,1,0,1,0,0,0,1,0,1,0,0,0,0,0,0,0,1,0,0,1,1,1,1,0,1,1,0,0,0,0,1,0,0,1,0,1,1,1,1,0,1,1,1,0,1,1,1,0,1,1,1,0,0,1,0,1,1,0,1,1,1,1,0,1,1,1,1
"InChI=1S/C11H12N4O3S/c1-7(9-3-2-4-19-9)12-11(18)8-5-15(14-13-8)6-10(16)17/h2-5,7H,6H2,1H3,(H,12,18)(H,16,17)",0,0,0,0,0,0,0,0,0,0,0,0,0,0,0,0,0,0,0,0,0,0,0,0,0,0,0,0,0,0,0,0,0,0,0,1,0,0,0,0,0,0,0,0,1,0,0,0,0,0,0,1,0,0,0,0,0,0,0,0,0,0,0,0,1,0,0,0,0,1,0,0,0,0,1,1,1,1,1,1,1,0,1,0,0,0,0,1,0,0,0,1,0,1,1,1,1,0,1,1,0,0,0,1,0,0,0,1,0,1,1,0,0,0,0,0,1,0,1,1,1,1,1,1,1,0,0,0,0,1,1,1,0,0,0,1,1,1,1,1,1,1,0,0,0,1,0,1,1,0,0,0,1,1,1,1,1,1,1,1,1,0,0,1,1,1
"InChI=1S/C11H12N4O3S/c1-16-7-4-6(5-8(17-2)9(7)18-3)10-12-14-11(19)15-13-10/h4-5,10H,1-3H3",0,0,0,0,0,0,0,0,0,0,0,0,0,0,0,0,0,0,0,0,0,0,0,0,0,0,0,0,0,0,0,0,0,0,0,0,0,1,0,0,0,0,0,0,0,0,1,0,0,1,0,1,0,0,0,0,0,0,0,0,0,1,0,1,0,0,0,0,0,0,0,1,1,0,0,1,1,0,1,1,1,0,0,0,0,0,0,1,1,0,0,0,1,1,0,0,0,1,1,0,0,0,0,0,0,1,0,1,0,0,0,0,1,0,0,0,0,0,1,1,1,0,0,1,1,1,1,0,0,1,0,0,0,0,0,0,1,0,0,1,1,1,1,1,1,1,0,0,1,1,0,1,0,0,0,1,1,1,1,1,1,0,1,1,1,1
"InChI=1S/C11H12N4O3S/c1-18-8-4-2-7(3-5-8)10-13-14-11(15(10)12)19-6-9(16)17/h2-5H,6,12H2,1H3,(H,16,17)",0,0,0,0,0,0,0,0,0,0,0,0,0,0,0,0,0,0,0,0,0,0,0,0,0,0,0,0,0,0,0,0,0,0,0,0,0,1,0,0,0,0,0,0,0,0,1,0,0,1,0,1,0,0,0,0,0,0,1,0,0,1,0,1,1,0,0,0,0,0,0,0,0,0,1,1,1,1,1,1,1,0,1,1,0,0,0,1,0,0,1,0,1,1,0,1,0,0,1,0,0,0,0,1,0,1,0,1,0,0,0,0,1,0,0,0,0,0,1,1,1,1,1,1,1,1,1,0,0,1,1,1,1,0,1,1,1,1,1,1,1,1,1,1,1,1,0,1,1,1,1,1,1,1,1,1,1,1,1,1,1,0,1,1,1,1
"InChI=1S/C11H12N4O3S/c1-7-12-8(2)14-11(13-7)15-9-3-5-10(6-4-9)19(16,17)18/h3-6H,1-2H3,(H,16,17,18)(H,12,13,14,15)",0,0,0,0,0,0,0,0,0,0,0,0,0,0,0,0,0,0,0,0,0,0,0,0,1,0,0,0,0,0,0,0,0,0,0,0,0,1,1,1,0,0,0,0,1,0,0,1,0,0,1,0,0,0,1,0,0,1,1,1,1,0,0,1,1,0,1,0,0,0,0,0,1,0,0,1,1,1,0,1,1,0,0,0,0,0,0,1,0,0,0,0,0,0,0,0,0,1,1,0,0,1,0,0,0,1,0,0,0,0,0,1,0,0,0,0,0,0,1,1,1,0,0,1,1,0,0,0,0,1,1,0,1,0,1,1,1,0,1,1,1,1,0,0,1,1,0,1,1,0,1,0,0,0,0,1,0,1,1,1,1,0,1,1,1,1
"InChI=1S/C11H12N4O3S/c12-11(16)5-8-3-1-2-4-10(8)15-19(17,18)9-6-13-14-7-9/h1-4,6-7,15H,5H2,(H2,12,16)(H,13,14)",0,0,0,0,0,0,0,0,0,0,0,0,0,0,0,0,0,0,0,0,0,0,0,0,0,0,0,0,0,0,0,1,1,0,0,0,0,0,0,0,0,0,1,0,1,0,0,0,0,1,1,1,1,0,1,0,0,1,1,1,1,0,0,1,1,0,1,0,0,0,0,0,1,0,0,1,0,1,0,1,1,0,1,0,0,0,0,1,0,1,0,1,0,1,0,1,1,0,1,0,0,1,0,1,0,1,0,0,0,1,1,1,0,0,0,0,1,0,1,1,1,0,0,1,1,0,0,0,0,1,1,1,1,0,1,1,1,0,1,1,0,1,0,1,1,1,0,1,0,1,1,0,0,0,1,1,1,1,1,0,1,0,1,1,1,1
"InChI=1S/C11H12N4O3S/c1-2-19(17,18)9-6-4-3-5-8(9)10(16)14-11-12-7-13-15-11/h3-7H,2H2,1H3,(H2,12,13,14,15,16)",0,0,0,0,0,0,0,0,0,0,0,0,0,0,0,0,0,0,0,0,0,0,0,0,1,0,0,0,0,0,0,0,0,0,0,0,0,0,0,0,0,0,0,0,0,0,0,0,0,1,1,1,0,0,1,0,0,1,1,1,1,0,0,1,1,0,1,0,0,0,0,0,1,0,0,1,1,1,1,0,1,0,1,0,0,0,0,1,0,0,0,1,0,1,0,1,1,0,1,0,0,1,0,0,0,1,0,1,0,1,0,1,0,1,0,0,1,0,1,1,1,0,0,1,1,0,0,0,0,1,1,1,1,0,1,1,1,1,1,1,1,1,0,1,1,1,0,1,1,1,1,0,1,0,1,1,1,1,1,1,1,0,1,1,1,1
"InChI=1S/C11H12N4O3S/c1-5(11(12)16)13-7-3-8-10(19-6(2)14-8)4-9(7)15(17)18/h3-5,13H,1-2H3,(H2,12,16)",0,0,0,0,0,0,0,0,0,0,0,0,0,0,0,0,0,0,0,0,0,0,0,0,0,1,0,0,0,0,0,0,0,0,0,1,0,0,0,0,0,0,1,0,1,0,1,0,0,0,0,0,0,1,0,1,0,0,0,0,0,0,1,0,1,0,0,0,0,1,1,0,0,0,0,1,0,1,1,1,1,0,1,0,0,0,0,1,0,0,0,1,0,1,1,1,1,0,1,0,0,1,0,0,1,0,0,1,0,1,0,0,0,0,0,0,1,0,1,1,1,1,0,1,1,0,0,0,0,1,1,0,1,0,1,1,1,0,1,1,1,1,0,1,1,1,0,1,1,1,1,0,0,0,0,1,1,1,1,1,1,0,1,1,1,1
"InChI=1S/C11H12N4O3S/c1-7(9-3-2-4-19-9)12-10(16)6-15-5-8(11(17)18)13-14-15/h2-5,7H,6H2,1H3,(H,12,16)(H,17,18)",0,0,0,0,0,0,0,0,0,0,0,0,0,0,0,0,0,0,0,0,0,0,0,0,0,0,0,0,0,0,0,0,0,0,0,1,0,0,0,0,0,0,0,0,1,0,0,0,0,0,0,1,0,0,0,0,0,0,0,0,0,0,0,0,1,0,0,0,0,1,0,0,0,0,1,1,1,1,1,1,1,0,1,0,0,0,0,1,0,0,0,1,0,1,1,1,1,0,1,1,0,0,0,1,0,0,0,1,0,1,1,0,0,0,0,0,1,0,1,1,1,1,1,1,1,0,0,0,0,1,1,1,0,0,0,1,1,1,1,1,1,1,0,0,0,1,0,1,1,0,0,0,1,1,1,1,1,1,1,1,1,0,0,1,1,1
"InChI=1S/C11H12N4O3S/c1-18-9-4-2-3-8(5-9)6-15-11(12-13-14-15)19-7-10(16)17/h2-5H,6-7H2,1H3,(H,16,17)",0,0,0,0,0,0,0,0,0,0,0,0,0,0,0,0,0,0,0,0,0,0,0,0,0,0,0,0,0,0,0,0,0,0,0,0,0,0,0,0,0,0,0,0,0,0,1,0,0,1,0,1,0,0,0,0,0,0,1,0,0,0,0,1,1,0,0,0,0,1,0,0,0,0,1,1,1,1,1,1,1,0,1,0,0,0,0,1,0,0,0,0,1,1,0,1,0,0,1,1,0,0,0,1,0,1,0,1,0,0,1,0,1,0,0,0,0,0,1,1,1,1,1,1,1,1,1,1,0,1,1,1,0,0,0,1,1,1,1,1,1,1,1,1,1,1,0,1,1,1,0,1,1,1,1,1,1,1,1,1,1,0,1,1,1,1
"InChI=1S/C11H12N4O3S/c1-7-8(4-3-5-9(7)15(17)18)6-19-11-13-12-10(16)14(11)2/h3-5H,6H2,1-2H3,(H,12,16)",0,0,0,0,0,0,0,0,0,0,0,0,0,0,0,0,0,0,0,0,0,0,0,0,0,0,0,0,0,0,0,0,0,0,0,0,1,0,0,0,0,0,0,0,1,0,1,0,0,1,0,1,0,0,0,1,0,0,1,0,0,0,1,1,1,0,0,0,0,1,1,0,0,0,1,1,1,1,1,0,1,0,1,0,1,0,0,1,0,0,0,0,1,1,1,1,0,0,1,0,0,1,0,0,0,1,0,1,0,1,0,0,1,0,0,1,1,0,1,1,1,1,0,1,1,0,1,0,0,1,1,0,1,0,1,1,1,1,1,1,1,1,1,1,1,1,0,1,1,1,0,0,1,0,1,1,1,1,1,1,1,0,1,1,1,1
"InChI=1S/C11H12N4O3S/c1-18-11-7-6-10(13-14-11)15-19(16,17)9-4-2-8(12)3-5-9/h2-7H,12H2,1H3,(H,13,15)",0,0,0,0,0,0,0,0,0,0,0,0,0,0,0,0,0,0,0,0,0,0,0,0,0,0,0,0,0,0,0,1,1,0,0,0,0,1,0,0,0,0,0,0,1,0,0,0,0,0,1,1,0,0,1,0,0,1,1,1,1,0,0,1,1,0,1,0,0,0,0,0,1,0,0,1,1,1,1,0,1,0,0,1,0,0,0,1,0,0,0,1,1,1,1,0,1,1,1,0,0,1,0,0,0,1,0,1,0,1,0,1,1,0,0,0,1,0,1,1,1,0,0,1,1,1,1,0,0,1,1,0,1,0,1,1,1,0,0,1,1,1,1,0,1,1,0,1,1,0,1,0,0,0,0,1,1,1,1,1,1,0,1,1,1,1
"InChI=1S/C11H12N4O3S/c1-14-8-12-13-11(14)19-6-5-18-10-4-2-3-9(7-10)15(16)17/h2-4,7-8H,5-6H2,1H3",0,0,0,0,0,0,0,0,0,0,0,0,0,0,0,0,0,0,0,0,0,0,0,0,0,0,0,0,0,0,0,0,0,0,0,0,0,0,0,0,0,0,0,0,1,0,1,0,0,0,0,1,0,0,0,1,0,0,1,0,0,0,1,1,1,0,0,0,0,1,1,0,0,0,1,1,1,1,1,0,1,0,1,0,1,0,0,1,0,0,0,0,1,1,0,1,1,0,1,0,0,1,0,0,0,1,0,1,1,0,0,0,1,0,0,0,0,1,1,1,1,1,0,1,1,1,1,0,0,1,0,1,1,0,1,1,1,1,0,1,1,1,1,1,1,1,1,1,1,1,0,1,1,0,1,1,1,1,1,1,1,0,1,1,1,1
"InChI=1S/C11H12N4O3S/c1-6(10-14-7(5-19-10)11(17)18)13-9(16)8-3-4-12-15(8)2/h3-6H,1-2H3,(H,13,16)(H,17,18)",0,0,0,0,0,0,0,0,0,0,0,0,0,0,0,0,0,0,0,0,0,0,0,0,0,0,0,0,0,0,0,0,0,0,0,1,0,0,0,0,0,0,0,0,1,0,1,0,0,0,0,1,0,0,0,0,0,0,0,0,0,0,0,0,1,0,0,0,0,0,0,0,0,0,1,1,0,1,1,1,1,0,1,0,0,0,0,1,0,0,0,1,1,1,1,1,1,0,1,0,0,0,0,0,0,0,0,1,0,1,0,0,0,0,0,0,1,0,1,1,1,1,1,1,1,0,0,0,0,1,1,0,0,0,0,1,1,0,1,1,1,1,0,1,0,1,0,1,1,1,1,0,0,1,0,1,1,1,1,1,1,0,0,1,1,1
"InChI=1S/C11H12N4O3S/c1-6-5-18-13-8(6)12-4-7-9(16)14(2)11(19)15(3)10(7)17/h4-5H,1-3H3,(H,12,13)",0,0,0,0,0,0,0,0,0,0,0,0,0,0,0,0,0,0,0,0,0,0,0,1,0,0,0,0,0,0,0,0,0,0,0,0,0,1,0,0,0,0,0,0,1,0,1,0,0,1,0,0,0,0,0,0,1,0,0,0,0,0,0,1,0,0,0,0,0,0,1,0,1,0,1,1,1,1,0,1,1,0,1,0,1,0,0,1,1,0,0,1,1,1,1,1,1,1,1,0,0,1,0,0,0,1,0,1,0,1,0,0,0,0,0,0,1,0,1,1,1,1,0,1,0,0,1,0,0,1,1,0,1,0,0,1,1,0,0,1,1,1,1,0,1,1,0,1,1,1,1,0,0,1,0,1,1,1,1,1,1,0,1,1,1,1
"InChI=1S/C11H12N4O3S/c12-19(17,18)15-9-4-1-3-8(7-9)14-11(16)10-5-2-6-13-10/h1-7,13,15H,(H,14,16)(H2,12,17,18)",0,0,0,0,0,0,0,0,0,0,0,0,0,0,0,0,0,0,0,0,0,0,0,0,0,0,0,0,0,0,0,0,1,0,0,0,0,0,0,0,0,0,1,0,1,0,0,0,0,0,0,0,1,1,1,0,0,1,0,1,1,0,0,0,1,0,1,0,0,0,0,0,1,0,0,1,1,0,1,1,0,0,1,1,0,0,0,1,0,0,0,1,0,1,1,1,0,0,1,0,0,1,0,0,0,1,0,0,0,1,0,1,0,0,0,0,1,0,0,1,1,0,0,1,1,0,0,0,0,1,1,0,1,0,1,1,1,0,0,1,0,1,0,0,1,1,0,1,0,0,1,0,0,1,0,1,0,1,1,0,1,0,1,1,1,1
"InChI=1S/C11H12N4O3S/c16-10(14-11-12-8-13-15-11)6-7-19(17,18)9-4-2-1-3-5-9/h1-5,8H,6-7H2,(H2,12,13,14,15,16)",0,0,0,0,0,0,0,0,0,0,0,0,0,0,0,0,0,0,0,0,0,0,0,0,1,0,0,0,0,0,0,0,0,0,0,0,0,0,0,0,0,0,0,0,0,0,0,0,0,0,1,1,0,0,1,0,0,1,1,1,1,0,0,1,1,0,1,0,0,0,0,0,1,0,0,1,1,1,1,0,1,0,1,0,0,0,0,1,0,1,0,1,0,1,0,1,1,0,1,0,0,1,0,1,0,1,0,0,0,1,1,1,0,0,0,0,1,1,1,1,1,0,0,1,1,0,0,0,0,1,1,1,1,0,1,1,1,1,1,1,0,1,0,0,1,1,1,1,0,0,1,0,1,0,1,1,1,1,1,0,1,0,1,1,1,1
"InChI=1S/C11H12N4O3S/c16-10(17)8-2-7-19-9(8)14-11(18)12-4-6-15-5-1-3-13-15/h1-3,5,7H,4,6H2,(H,16,17)(H2,12,14,18)",0,0,0,0,0,0,0,0,0,0,0,0,0,0,0,0,0,0,0,0,1,0,0,0,0,0,0,0,0,0,0,0,0,0,0,1,1,0,0,0,0,0,1,0,1,0,1,0,0,1,0,1,1,0,0,0,0,0,0,0,0,0,0,0,1,0,0,0,0,0,0,0,0,0,1,1,1,1,1,1,1,0,1,0,0,0,0,1,0,1,1,0,0,1,0,1,1,0,1,1,0,0,0,0,0,1,0,0,0,1,1,0,0,0,0,0,1,1,1,1,1,1,1,1,1,0,0,0,0,1,1,0,1,0,1,1,1,1,1,1,0,1,0,1,0,1,1,1,0,1,1,0,1,1,1,1,1,1,1,0,1,0,0,1,1,1
"InChI=1S/C11H12N4O3S/c1-6-14-15-11(19-6)13-9(16)7-4-5-8(17-2)12-10(7)18-3/h4-5H,1-3H3,(H,13,15,16)",0,0,0,0,0,0,0,0,0,0,0,0,0,0,0,0,0,0,0,0,1,0,0,0,0,0,0,0,0,0,0,0,0,0,0,1,0,0,0,0,0,0,0,0,1,0,1,0,0,1,0,1,0,0,0,0,0,0,0,0,0,0,0,0,1,0,0,0,1,0,0,0,0,0,0,1,1,1,1,1,1,0,1,0,0,0,0,1,1,0,0,1,1,1,0,1,1,1,1,0,0,0,0,0,0,1,0,1,0,1,0,0,1,0,0,0,1,0,1,1,1,0,0,1,1,1,1,0,0,1,1,0,1,0,0,1,1,0,0,1,1,1,1,1,1,1,0,0,1,1,1,0,0,1,0,1,1,1,1,1,1,0,1,1,1,1
"InChI=1S/C11H12N4O3S/c1-6-8(11(17)18)10(19-14-6)13-9(16)7(2)15-5-3-4-12-15/h3-5,7H,1-2H3,(H,13,16)(H,17,18)",0,0,0,0,0,0,0,0,0,0,0,0,0,0,0,0,0,0,0,0,1,0,0,0,0,0,0,0,0,0,0,1,1,0,0,1,0,0,0,0,0,0,0,0,1,0,1,0,0,1,0,1,0,0,0,0,0,0,0,0,0,0,0,0,1,0,1,0,0,0,0,0,0,0,1,1,0,1,1,1,1,0,1,0,0,0,0,1,0,0,0,1,0,1,1,1,1,0,1,0,0,0,0,0,0,0,0,1,0,1,0,0,0,0,0,0,1,0,1,1,1,1,1,1,1,0,0,0,0,1,1,0,1,0,1,1,1,0,1,1,1,1,0,1,0,1,0,1,1,1,0,0,0,1,0,1,1,1,1,1,1,0,0,1,1,1
"InChI=1S/C11H12N4O3S/c1-6-7(5-13-15-6)4-12-11(18)14-9-8(10(16)17)2-3-19-9/h2-3,5H,4H2,1H3,(H,13,15)(H,16,17)(H2,12,14,18)",0,0,0,0,0,0,0,0,0,0,0,0,0,0,0,0,0,0,0,0,1,0,0,0,0,0,0,0,0,0,0,0,0,0,0,1,1,0,0,0,0,0,1,0,1,0,1,0,0,1,0,1,1,0,0,0,0,0,0,0,0,0,0,0,1,0,0,0,0,0,0,0,0,0,0,1,1,1,0,1,1,0,1,0,0,0,0,1,0,1,1,0,0,1,0,1,1,0,1,1,0,0,0,0,0,1,0,1,0,1,0,0,0,0,0,1,1,0,1,1,1,0,1,1,1,0,0,0,0,1,1,0,1,0,1,1,1,1,1,1,1,1,0,1,0,1,0,0,1,1,1,0,1,1,1,1,1,1,1,1,1,0,0,1,1,1
"InChI=1S/C11H12N4O3S/c1-6(2)15-10(18)13-14-11(15)19-7-3-4-12-8(5-7)9(16)17/h3-6H,1-2H3,(H,13,18)(H,16,17)",0,0,0,0,0,0,0,0,0,0,0,0,0,0,0,0,0,0,0,0,0,0,0,0,0,0,0,0,0,0,0,0,0,0,0,0,1,0,0,0,0,0,0,0,1,0,1,0,0,0,0,1,0,0,0,0,0,0,1,0,0,0,0,1,1,0,0,0,0,0,0,0,0,1,1,1,1,1,1,0,1,0,1,0,1,0,0,1,0,0,0,0,0,1,1,1,0,1,1,0,0,0,0,0,0,1,0,0,0,1,0,0,1,0,0,0,1,0,1,1,1,1,1,1,1,0,1,0,0,1,1,0,0,0,0,1,1,0,1,1,1,1,1,1,1,1,0,1,1,1,0,0,0,1,0,1,1,1,1,1,1,0,1,1,1,1
"InChI=1S/C11H12N4O3S/c1-18-11(17)10-8(3-5-19-10)14-9(16)2-4-15-7-12-6-13-15/h3,5-7H,2,4H2,1H3,(H,14,16)",0,0,0,0,0,0,0,0,0,0,0,0,0,0,0,0,0,0,0,0,0,0,0,0,0,0,0,0,0,0,0,0,0,0,0,1,0,0,0,0,0,0,0,0,1,0,0,0,0,0,0,1,0,0,0,0,0,0,0,0,0,0,0,0,1,0,0,0,0,0,0,0,0,0,1,1,1,1,1,1,1,0,1,0,0,0,0,1,0,1,0,1,1,1,0,1,1,0,1,1,0,0,0,1,0,0,0,0,0,1,1,0,0,0,0,0,1,1,1,1,1,1,1,1,1,1,0,0,0,1,1,1,1,0,1,1,1,1,1,1,1,1,0,1,0,1,1,1,1,1,0,0,1,1,1,1,1,1,1,1,1,0,0,1,1,1
"InChI=1S/C11H12N4O3S/c1-6-14-8-3-7(13-5-11(16)12-2)9(15(17)18)4-10(8)19-6/h3-4,13H,5H2,1-2H3,(H,12,16)",0,0,0,0,0,0,0,0,0,0,0,0,0,0,0,0,0,0,0,0,0,0,0,0,0,1,0,0,0,0,0,0,0,0,0,1,0,0,0,0,0,0,0,0,1,0,1,0,0,0,0,0,0,1,0,1,0,0,0,0,0,0,1,0,1,0,0,0,0,1,1,0,0,0,0,1,0,1,1,1,1,1,1,0,0,0,0,1,0,0,0,1,1,1,1,1,1,0,1,1,0,1,0,1,1,0,0,1,0,1,1,0,0,0,0,1,1,0,1,1,1,1,0,1,1,0,0,0,0,1,1,1,1,0,1,1,1,1,1,1,1,1,0,1,1,1,0,1,1,1,1,0,1,0,1,1,1,1,1,1,1,0,1,1,1,1
"InChI=1S/C11H12N4O3S/c1-12-11(16)10-9(7-13-14-10)15-19(17,18)8-5-3-2-4-6-8/h2-7,15H,1H3,(H,12,16)(H,13,14)",0,0,0,0,0,0,0,0,0,0,0,0,0,0,0,0,0,0,0,0,0,0,0,0,0,0,0,0,0,0,0,1,1,0,0,0,0,0,0,0,0,0,0,0,1,0,0,0,0,0,1,1,1,1,1,0,0,1,1,1,1,0,0,1,1,0,1,0,0,0,0,0,1,0,0,1,0,1,1,1,1,0,1,0,0,0,0,1,0,0,0,1,1,1,1,1,1,0,1,0,0,1,0,0,0,1,0,0,0,1,0,1,0,0,0,0,1,0,1,1,1,0,0,1,1,0,0,0,0,1,1,0,1,0,1,1,1,0,0,1,1,1,0,1,1,1,0,1,1,1,1,0,0,1,0,1,0,1,1,1,1,0,1,1,1,1
"InChI=1S/C11H12N4O3S/c1-7(10(17)18-2)19-11-12-13-14-15(11)8-3-5-9(16)6-4-8/h3-7,16H,1-2H3",0,0,0,0,0,0,0,0,0,0,0,0,0,0,0,0,0,0,0,0,0,0,0,0,0,0,0,0,0,0,0,0,0,0,0,0,0,0,0,0,0,0,0,0,1,0,1,0,0,0,0,1,0,0,0,0,0,0,1,0,0,1,0,1,1,0,0,0,0,1,0,0,0,0,1,1,1,1,1,1,1,0,1,0,0,0,0,1,0,0,0,0,1,1,0,1,0,0,1,0,0,0,0,0,0,1,0,0,0,0,0,0,1,0,0,0,0,0,1,1,1,1,1,1,1,1,1,0,0,1,1,0,1,0,1,1,1,0,1,1,1,1,1,1,1,1,0,1,1,1,0,1,0,1,0,1,1,1,1,1,1,0,1,1,1,1
"InChI=1S/C11H12N4O3S/c1-15-11(12-13-14-15)19-10(16)7-4-8(17-2)6-9(5-7)18-3/h4-6H,1-3H3",0,0,0,0,0,0,0,0,0,0,0,0,0,0,0,0,0,0,0,0,0,0,0,0,0,0,0,0,0,0,0,0,0,0,0,0,0,0,0,0,0,0,0,0,0,0,1,0,0,1,0,1,0,0,0,0,0,0,1,0,0,0,0,1,1,0,0,0,0,1,0,0,0,0,1,1,1,1,1,1,1,0,1,0,0,0,0,1,1,0,0,0,1,1,0,1,1,0,1,0,0,0,0,0,0,1,0,0,0,0,0,0,1,0,0,0,0,0,1,1,1,1,0,1,1,1,1,0,0,1,0,0,0,0,0,1,1,0,0,1,1,1,1,1,1,1,0,1,1,1,0,1,0,1,0,1,1,1,1,1,1,0,1,1,1,1
"InChI=1S/C11H12N4O3S/c16-7-3-1-6(5-8(7)17)2-4-9(18)12-10-13-11(19)15-14-10/h1-5,7-8,16-17H,(H3,12,13,14,15,18,19)",0,0,0,0,0,0,0,0,0,0,0,0,0,0,0,0,0,0,0,0,0,0,0,0,1,0,0,0,0,0,0,0,0,0,0,0,0,0,0,0,0,0,0,0,0,0,1,0,0,1,0,1,1,1,0,0,0,0,1,0,0,0,0,1,1,0,0,0,0,0,0,1,0,0,0,1,1,1,1,0,1,0,1,0,0,0,0,1,0,0,0,1,0,1,0,1,1,0,1,0,0,0,0,0,0,1,0,0,0,1,0,0,0,0,0,0,1,0,1,1,1,0,0,1,1,0,1,0,0,1,1,0,1,0,1,0,1,0,1,1,0,1,1,0,1,1,0,0,0,1,1,1,0,0,0,1,1,1,1,0,1,0,1,1,1,1
"InChI=1S/C11H12N4O3S/c1-12-19(17,18)10-4-2-9(3-5-10)15-11(16)8-6-13-14-7-8/h2-7,12H,1H3,(H,13,14)(H,15,16)",0,0,0,0,0,0,0,0,0,0,0,0,0,0,0,0,0,0,0,0,0,0,0,0,0,0,0,0,0,0,0,1,1,0,0,0,0,0,0,0,0,0,0,0,1,0,0,0,0,1,1,1,1,0,1,0,0,1,1,1,1,0,0,1,1,0,1,0,0,0,0,0,1,0,0,1,0,1,0,1,1,0,1,0,0,0,0,1,0,0,0,1,1,1,0,1,1,0,1,0,0,1,0,0,0,1,0,1,0,1,0,1,0,0,0,0,1,0,1,1,1,0,0,1,1,0,0,0,0,1,1,0,1,0,1,1,1,0,0,1,1,1,0,0,1,1,0,1,1,0,1,0,0,1,0,1,0,1,1,1,1,0,1,1,1,1
"InChI=1S/C11H12N4O3S/c16-11(17)15-4-2-14(3-5-15)10-12-9(13-19-10)8-1-6-18-7-8/h1,6-7H,2-5H2,(H,16,17)",0,0,0,0,0,0,0,0,0,0,0,0,0,0,0,0,0,0,0,0,0,0,1,0,0,0,0,0,0,0,0,1,1,0,0,1,0,1,0,0,0,0,0,0,0,0,1,0,0,1,0,0,0,0,0,0,1,0,0,0,0,1,0,0,1,0,1,0,0,0,0,0,0,0,1,1,1,1,1,0,1,0,1,0,1,1,0,1,0,1,1,0,0,1,0,1,1,1,1,1,0,0,0,0,0,1,0,0,0,1,1,0,0,0,0,0,1,1,1,1,1,1,1,1,1,0,0,0,1,1,1,0,1,0,1,1,1,1,1,1,0,1,0,0,1,1,1,1,0,0,0,0,1,1,0,1,1,1,1,0,1,0,1,1,1,1
"InChI=1S/C11H12N4O3S/c16-11(17)15-5-3-14(4-6-15)10-12-9(18-13-10)8-2-1-7-19-8/h1-2,7H,3-6H2,(H,16,17)",0,0,0,0,0,0,0,0,0,0,0,0,0,0,0,0,0,0,0,0,0,0,1,1,1,0,0,0,0,0,0,0,0,0,0,1,0,0,0,0,0,0,0,0,0,0,0,0,0,0,0,0,0,0,0,0,1,0,0,0,0,1,0,0,1,0,0,0,0,0,1,0,0,0,1,1,1,1,1,0,1,0,1,0,1,1,0,1,0,1,1,1,0,1,1,1,0,1,1,1,0,1,0,0,0,1,0,0,0,1,1,0,0,0,0,0,1,1,1,1,1,1,1,1,1,0,0,0,1,1,1,0,1,0,1,1,1,1,1,1,0,1,0,0,1,1,1,1,0,0,0,0,1,1,0,1,1,1,1,0,1,0,1,1,1,1
"InChI=1S/C11H12N4O3S/c1-7-2-3-8(12)6-9(7)19(17,18)15-11-13-5-4-10(16)14-11/h2-6H,12H2,1H3,(H2,13,14,15,16)",0,0,0,0,0,0,0,0,0,0,0,0,0,0,0,0,0,0,0,0,0,0,0,0,1,0,0,0,0,0,0,1,1,0,0,0,0,0,0,0,0,0,0,0,1,0,0,0,0,1,1,0,1,0,1,0,0,1,1,1,1,0,0,1,1,0,1,0,0,0,0,0,1,0,0,1,1,1,0,0,1,0,0,1,0,0,0,1,0,0,0,1,0,1,0,0,1,1,1,0,0,1,0,0,0,1,0,0,0,1,0,1,1,0,0,0,1,0,1,1,1,0,0,1,1,0,1,0,0,1,1,0,1,0,1,1,1,0,1,1,1,1,1,1,1,1,0,1,1,1,1,0,0,0,0,1,1,1,1,1,1,0,1,1,1,1
"InChI=1S/C11H12N4O3S/c1-15-8(6(12)5-13-15)10(16)14-7-3-4-19-9(7)11(17)18-2/h3-5H,12H2,1-2H3,(H,14,16)",0,0,0,0,0,0,0,0,0,0,0,0,0,0,0,0,0,0,0,0,0,0,0,0,0,0,0,0,0,0,0,0,0,0,0,1,0,0,0,0,0,0,0,0,1,0,0,0,0,0,0,1,1,0,0,0,0,0,0,0,0,0,0,0,1,0,0,0,0,0,0,0,0,0,1,1,0,1,1,1,1,0,1,1,0,0,0,1,0,0,0,1,1,1,1,1,1,0,1,0,0,0,0,0,0,0,0,0,0,1,0,0,0,0,0,0,1,0,1,1,1,1,1,1,1,1,0,0,0,1,1,0,1,0,1,1,1,0,0,1,1,1,0,1,0,1,0,1,1,1,1,0,0,1,0,1,1,1,1,1,1,0,0,1,1,1
"InChI=1S/C11H12N4O3S/c1-15-3-6(11(13-15)17-2)9(16)12-10-7-4-19-5-8(7)14-18-10/h3H,4-5H2,1-2H3,(H,12,16)",0,0,0,0,0,0,0,0,0,0,0,0,0,0,0,0,0,0,0,0,1,0,0,1,0,1,0,0,0,0,0,0,0,0,0,1,0,0,0,0,0,0,0,0,1,0,0,0,0,1,0,1,0,0,0,0,1,0,0,0,0,0,0,0,1,0,0,0,0,0,1,0,0,0,1,1,0,1,1,1,0,0,1,0,0,1,0,1,1,0,0,1,1,1,1,1,1,0,1,0,0,1,0,0,1,0,0,0,0,1,1,0,1,0,0,0,1,0,1,1,1,1,0,1,1,1,1,0,0,1,1,0,1,0,1,0,1,1,1,1,1,1,1,1,0,1,0,1,1,1,0,0,1,0,0,1,1,1,1,1,1,0,0,1,1,1
"InChI=1S/C11H12N4O3S/c1-15(6-8-12-3-4-13-8)11(18)14-9-7(10(16)17)2-5-19-9/h2-5H,6H2,1H3,(H,12,13)(H,14,18)(H,16,17)",0,0,0,0,0,0,0,0,0,0,0,0,0,0,0,0,0,0,0,0,1,0,0,0,0,0,0,0,0,0,0,0,0,0,0,1,1,1,0,0,0,0,0,0,1,0,1,0,0,1,0,0,0,0,0,0,0,0,0,0,0,0,0,0,1,0,0,0,0,0,0,0,0,0,0,1,1,1,1,0,1,0,1,0,1,1,0,1,0,1,0,0,1,0,0,1,1,0,1,1,0,0,0,1,0,1,0,0,0,1,1,0,0,0,1,0,1,0,1,1,1,1,1,0,1,0,0,0,0,0,1,0,1,0,1,1,1,1,1,1,1,1,0,1,0,1,0,1,1,1,1,0,1,1,1,1,1,1,1,1,1,0,0,1,1,1
"InChI=1S/C11H12N4O3S/c1-2-6(10-12-3-4-19-10)15-9(16)7-8(11(17)18)14-5-13-7/h3-6H,2H2,1H3,(H,13,14)(H,15,16)(H,17,18)",0,0,0,0,0,0,0,0,0,0,0,0,0,0,0,0,0,0,0,0,0,0,0,0,0,0,0,0,0,0,0,0,0,0,0,1,0,0,0,0,0,0,0,0,1,0,1,0,0,0,0,0,1,1,0,0,0,0,0,0,0,0,0,0,1,0,0,0,0,0,0,0,0,0,0,1,1,1,1,1,1,0,1,0,0,0,0,1,0,0,1,1,0,0,1,1,1,0,1,0,0,0,0,0,0,0,0,0,0,1,1,0,0,1,0,0,1,0,1,1,1,0,1,0,1,0,0,0,0,0,1,0,0,0,0,1,1,0,1,1,1,1,0,1,0,1,0,0,1,1,1,0,0,1,1,1,1,1,1,1,1,0,0,1,1,1
"InChI=1S/C11H12N4O3S/c1-7-3-4-12-10(9(7)15(17)18)19-11-13-5-8(6-16)14(11)2/h3-5,16H,6H2,1-2H3",0,0,0,0,0,0,0,0,0,0,0,0,0,0,0,0,0,0,0,0,0,0,0,0,0,0,0,0,0,0,0,0,0,0,0,0,0,0,0,0,0,0,0,0,1,0,1,0,0,1,0,0,0,0,0,1,0,0,1,0,0,0,1,1,1,0,0,0,0,1,1,0,0,0,1,1,1,1,1,1,1,1,1,0,1,0,0,1,0,0,0,0,1,1,1,1,1,1,1,0,0,1,0,0,0,1,0,1,1,0,1,0,0,0,0,1,0,0,1,1,1,1,0,1,1,0,0,0,0,1,1,0,1,0,1,1,1,1,1,1,1,1,0,1,1,1,0,1,1,1,0,0,1,0,1,1,1,1,1,1,1,0,1,1,1,1
"InChI=1S/C11H12N4O3S/c1-18-11-6-9(7-13-14-11)15-19(16,17)10-4-2-3-8(12)5-10/h2-7H,12H2,1H3,(H,14,15)",0,0,0,0,0,0,0,0,0,0,0,0,0,0,0,0,0,0,0,0,0,0,0,0,0,0,0,0,0,0,0,1,1,0,0,0,0,0,0,0,0,0,0,0,1,0,0,0,0,0,1,1,0,0,1,0,0,1,1,1,1,0,0,1,1,0,1,0,0,0,0,0,1,0,0,1,0,1,1,1,1,0,0,1,0,0,0,1,0,0,0,1,1,1,1,0,1,1,1,0,0,1,0,0,0,1,0,0,0,1,0,1,1,0,0,0,1,0,1,1,1,0,0,1,1,1,1,0,0,1,1,0,1,0,1,1,1,0,0,1,1,1,1,0,1,1,0,1,1,0,1,0,0,0,0,1,1,1,1,1,1,0,1,1,1,1
"InChI=1S/C11H12N4O3S/c1-2-18-9-3-4-10(11(5-9)15(16)17)12-6-8-7-19-14-13-8/h3-5,7,12H,2,6H2,1H3",0,0,0,0,0,0,0,0,0,0,0,0,0,0,0,0,0,0,0,0,0,0,0,0,0,0,0,0,0,0,0,1,1,0,0,1,0,0,0,0,0,0,0,0,1,0,1,0,0,0,0,1,0,0,0,1,0,0,0,0,0,0,1,0,1,0,1,0,0,1,1,0,0,0,0,1,0,0,1,1,0,1,1,0,0,0,0,1,0,0,0,0,0,1,0,1,1,0,1,1,0,1,0,0,0,0,0,1,1,0,1,0,1,1,0,0,0,0,1,1,1,1,0,1,1,1,1,0,0,1,1,0,1,0,1,1,1,1,0,1,1,1,1,1,1,1,0,1,1,1,1,1,1,0,1,1,1,1,1,1,1,0,1,1,1,1
"InChI=1S/C11H12N4O3S/c1-7-3-2-4-8(12-7)5-15-10(18)13-14-11(15)19-6-9(16)17/h2-4H,5-6H2,1H3,(H,13,18)(H,16,17)",0,0,0,0,0,0,0,0,0,0,0,0,0,0,0,0,0,0,0,0,0,0,0,0,0,0,0,0,0,0,0,0,0,0,0,0,1,0,0,0,0,0,0,0,1,0,1,0,0,0,0,1,0,0,0,0,0,0,1,0,0,0,0,1,1,0,0,0,0,0,0,0,0,0,1,1,1,1,1,0,1,0,1,0,1,0,0,1,0,1,0,0,0,1,1,1,0,1,1,1,0,0,0,1,0,1,0,1,0,1,1,0,1,0,0,0,1,0,1,1,1,1,1,1,1,0,1,1,0,1,1,1,0,0,0,1,1,1,1,1,1,1,1,1,1,1,0,1,1,1,0,0,1,1,1,1,1,1,1,1,1,0,1,1,1,1
"InChI=1S/C11H12N4O3S/c1-5(2)13-18-11(16)8-6(3)14-17-9(8)10-7(4)12-15-19-10/h1-4H3",0,0,0,0,0,0,0,0,0,0,0,0,0,0,0,0,0,0,0,0,0,0,0,1,0,0,0,0,0,0,0,1,1,0,0,1,0,0,0,0,0,0,0,0,1,0,1,0,0,1,0,1,0,0,0,0,1,0,0,0,0,1,0,0,1,0,1,0,0,1,1,0,0,1,0,1,0,1,0,1,1,0,1,0,0,0,0,1,1,0,0,0,0,1,1,1,1,0,1,0,0,1,0,0,0,0,0,0,0,0,0,0,0,0,0,0,0,0,1,1,1,0,1,1,1,1,0,0,0,1,0,0,0,0,0,1,1,0,0,1,1,1,0,1,0,1,0,0,1,1,0,1,0,1,0,1,1,1,1,1,1,0,0,1,1,1
"InChI=1S/C11H12N4O3S/c16-15(17)7-1-2-9-10(5-7)14-11(13-9)19(18)8-3-4-12-6-8/h1-2,5,8,12H,3-4,6H2,(H,13,14)",0,0,0,0,0,0,0,0,0,0,0,0,0,0,0,0,0,0,0,0,0,0,0,0,0,1,0,0,0,0,0,0,0,0,0,0,0,0,0,0,0,0,0,0,1,0,1,0,0,0,1,0,0,0,0,1,0,0,1,1,1,0,1,1,1,0,1,0,0,1,1,0,1,0,0,1,1,1,0,1,1,1,1,0,0,1,0,1,0,1,1,0,0,1,1,1,1,0,1,1,0,1,0,0,1,1,0,0,0,0,0,0,0,0,0,0,0,0,1,1,1,1,0,1,1,0,0,0,0,1,1,0,1,0,1,1,1,1,0,1,0,1,0,0,1,1,0,1,0,0,1,0,1,0,0,1,0,1,1,0,1,0,1,1,1,1
"InChI=1S/C11H12N4O3S/c16-9-1-3-15(6-5-14-4-2-12-8-14)11(13-9)19-7-10(17)18/h1-4,8H,5-7H2,(H,17,18)",0,0,0,0,0,0,0,0,0,0,0,0,0,0,0,0,0,0,0,0,0,0,0,0,0,0,0,0,0,0,0,0,0,0,0,0,0,0,0,0,0,0,0,0,1,0,1,0,0,0,0,0,0,0,0,0,0,0,1,0,0,0,0,1,1,0,0,0,0,0,0,0,0,0,1,0,1,1,1,0,1,0,1,0,1,0,0,1,0,0,0,1,0,0,0,1,1,1,1,1,0,0,0,1,0,1,0,0,0,1,1,0,1,0,0,0,1,1,1,1,1,1,1,0,1,0,1,1,0,0,1,1,0,0,0,1,1,1,1,1,0,1,1,1,1,1,1,1,0,1,0,0,1,1,1,1,1,1,1,0,1,0,1,1,1,1
"InChI=1S/C11H12N4O3S/c1-6-4-15(11(18)13-9(6)16)5-7-2-3-19-8(7)10(17)14-12/h2-4H,5,12H2,1H3,(H,14,17)(H,13,16,18)",0,0,0,0,0,0,0,0,0,0,0,0,0,0,0,0,0,0,0,0,0,0,0,0,0,0,0,0,0,0,0,0,0,0,0,1,1,0,0,0,0,0,0,0,1,0,0,0,0,1,0,1,0,1,0,0,0,0,0,0,0,0,0,0,1,0,0,0,0,0,0,0,0,0,1,1,1,1,0,0,1,0,1,1,1,0,0,1,1,0,1,1,0,1,1,1,1,1,1,1,0,0,0,0,0,1,0,1,0,1,0,0,1,0,0,0,1,0,1,1,1,1,0,1,1,0,1,0,0,1,1,0,0,0,0,1,1,1,1,1,1,1,1,1,1,1,0,1,1,1,1,0,1,1,1,1,1,1,1,1,1,0,1,1,1,1
"InChI=1S/C11H12N4O3S/c1-18-9-4-2-8(3-5-9)6-15-11(12-13-14-15)19-7-10(16)17/h2-5H,6-7H2,1H3,(H,16,17)",0,0,0,0,0,0,0,0,0,0,0,0,0,0,0,0,0,0,0,0,0,0,0,0,0,0,0,0,0,0,0,0,0,0,0,0,0,0,0,0,0,0,0,0,0,0,1,0,0,1,0,1,0,0,0,0,0,0,1,0,0,0,0,1,1,0,0,0,0,1,0,0,0,0,1,1,1,1,1,1,1,0,1,0,0,0,0,1,0,0,0,0,1,1,0,1,0,0,1,1,0,0,0,1,0,1,0,1,0,0,1,0,1,0,0,0,0,0,1,1,1,1,1,1,1,1,1,1,0,1,1,1,0,0,0,1,1,1,1,1,1,1,1,1,1,1,0,1,1,1,0,1,1,1,1,1,1,1,1,1,1,0,1,1,1,1
"InChI=1S/C11H12N4O3S/c16-7-8-1-3-13(4-2-8)9-10(15(17)18)14-5-6-19-11(14)12-9/h5-8H,1-4H2",0,0,0,0,0,0,0,0,0,0,0,0,0,0,0,0,0,0,0,0,1,0,0,0,0,0,0,0,0,0,0,0,0,0,0,1,0,1,0,0,0,0,0,0,1,0,1,0,0,0,0,0,0,0,0,1,0,0,0,0,0,1,1,0,1,0,0,0,0,1,1,0,0,0,1,1,1,1,1,1,1,0,1,0,1,1,0,1,0,0,0,0,0,1,1,1,1,1,1,1,0,1,0,0,1,1,0,0,0,0,1,0,0,0,0,0,0,1,1,1,1,1,0,1,1,0,0,0,1,1,0,0,1,0,1,1,1,1,0,1,0,1,0,1,1,1,1,1,0,1,0,0,1,1,0,1,0,1,1,0,1,0,1,1,1,1
"InChI=1S/C11H12N4O3S/c1-6-9(19-5-14-6)10(16)15-8(11(17)18)2-7-3-12-4-13-7/h3-5,8H,2H2,1H3,(H,12,13)(H,15,16)(H,17,18)",0,0,0,0,0,0,0,0,0,0,0,0,0,0,0,0,0,0,0,0,0,0,0,0,0,0,0,0,0,0,0,0,0,0,0,1,0,0,0,0,0,0,0,0,1,0,1,0,0,0,0,0,0,0,0,0,0,0,0,0,0,0,0,0,1,0,0,0,0,0,0,0,0,0,0,1,1,1,1,1,1,0,1,0,0,0,0,1,0,1,1,1,0,0,1,1,1,0,1,0,0,0,0,1,0,0,0,0,0,1,1,0,0,0,0,0,1,0,1,1,1,0,1,0,1,0,0,0,0,0,1,0,0,0,0,1,1,0,1,1,1,1,0,1,0,1,0,0,1,1,1,0,0,1,1,1,1,1,1,1,1,0,0,1,1,1
"InChI=1S/C11H12N4O3S/c1-17-9(16)7-6-15(11(13-7)19-3)8-4-5-12-10(14-8)18-2/h4-6H,1-3H3",0,0,0,0,0,0,0,0,0,0,0,0,0,0,0,0,0,0,0,0,0,0,0,0,0,0,0,0,0,0,0,0,0,0,0,0,1,1,0,0,0,0,0,0,1,0,1,0,0,0,0,0,0,0,0,0,0,0,1,0,0,1,0,1,1,0,0,0,0,0,0,0,0,0,1,1,1,1,0,1,1,0,1,0,1,0,0,1,0,0,0,0,1,0,1,1,1,1,1,0,0,0,0,0,0,1,0,1,0,1,0,0,1,0,0,0,1,0,1,1,1,1,1,0,1,1,1,0,0,0,0,0,1,0,1,1,1,0,0,1,1,1,1,1,1,1,0,1,1,1,0,0,0,1,0,1,1,1,1,1,1,0,1,1,1,1
"InChI=1S/C11H12N4O3S/c1-18-11-6-10(13-7-14-11)15-19(16,17)9-4-2-8(12)3-5-9/h2-7H,12H2,1H3,(H,13,14,15)",0,0,0,0,0,0,0,0,0,0,0,0,0,0,0,0,0,0,0,0,1,0,0,0,0,0,0,0,0,0,0,1,1,0,0,0,0,1,0,0,0,0,0,0,1,0,0,0,0,0,1,0,0,0,1,0,0,1,1,1,1,0,0,1,1,0,1,0,0,0,0,0,1,0,0,1,1,1,0,1,1,0,0,1,0,0,0,1,0,0,0,1,1,1,0,0,1,1,1,0,0,1,0,0,0,1,0,1,0,1,0,1,1,0,0,0,1,0,1,1,1,0,0,1,1,1,1,0,0,1,1,0,1,0,1,1,1,0,0,1,1,1,1,0,1,1,0,1,1,0,1,0,0,0,0,1,1,1,1,1,1,0,1,1,1,1
"InChI=1S/C11H12N4O3S/c1-17-9-3-6(12)7(4-10(9)18-2)13-11(16)8-5-19-15-14-8/h3-5H,12H2,1-2H3,(H,13,16)",0,0,0,0,0,0,0,0,0,0,0,0,0,0,0,0,0,0,0,0,0,0,0,0,0,0,0,0,0,0,0,1,1,0,0,1,0,0,0,0,0,0,0,0,1,0,1,0,0,0,0,1,0,0,0,0,0,0,0,0,0,0,0,0,1,0,1,0,0,1,0,1,0,0,0,1,0,1,1,1,0,0,1,1,0,0,0,1,0,0,0,1,1,1,1,1,1,0,1,0,0,0,0,0,0,0,0,1,0,1,0,0,1,0,0,0,1,0,1,1,1,0,0,1,1,1,1,0,0,1,1,0,1,0,1,0,1,0,1,1,1,1,1,1,1,1,0,0,1,1,1,1,0,0,0,1,1,1,1,1,1,0,1,1,1,1
"InChI=1S/C11H12N4O3S/c1-7(19-11-12-4-3-5-13-11)10(16)17-6-9-14-8(2)15-18-9/h3-5,7H,6H2,1-2H3",0,0,0,0,0,0,0,0,0,0,0,0,0,0,0,0,0,0,0,0,0,0,0,1,0,0,0,0,0,0,0,0,0,0,0,0,0,1,0,0,0,0,0,0,1,0,1,0,0,0,0,0,0,0,0,0,1,0,1,0,0,0,0,1,1,0,0,0,0,0,1,1,0,0,0,0,1,1,1,0,1,0,1,0,0,0,0,1,0,0,0,1,0,1,1,1,1,1,1,0,0,1,0,0,0,1,0,1,1,1,1,0,0,0,0,0,1,0,1,1,1,0,1,1,1,1,0,0,0,1,0,1,0,0,0,1,1,1,0,1,1,1,0,0,1,1,0,0,1,0,0,0,1,1,1,1,1,1,1,1,1,0,1,1,1,1
"InChI=1S/C11H12N4O3S/c1-18-10(17)6-7-19-11-12-13-14-15(11)8-2-4-9(16)5-3-8/h2-5,16H,6-7H2,1H3",0,0,0,0,0,0,0,0,0,0,0,0,0,0,0,0,0,0,0,0,0,0,0,0,0,0,0,0,0,0,0,0,0,0,0,0,0,0,0,0,0,0,0,0,1,0,1,0,0,0,0,1,0,0,0,0,0,0,1,0,0,1,0,1,1,0,0,0,0,1,0,0,0,0,1,1,1,1,1,1,1,0,1,0,0,0,0,1,0,0,0,0,1,1,0,1,0,0,1,0,0,0,0,0,0,1,0,1,0,0,0,0,1,0,0,1,0,1,1,1,1,1,1,1,1,1,1,0,0,1,1,1,1,0,1,1,1,1,1,1,1,1,1,1,1,1,1,1,1,1,0,1,1,1,1,1,1,1,1,1,1,0,1,1,1,1
"InChI=1S/C11H12N4O3S/c1-7-10(19-6-12-7)11(17)14-8-3-13-15(4-8)5-9(16)18-2/h3-4,6H,5H2,1-2H3,(H,14,17)",0,0,0,0,0,0,0,0,0,0,0,0,0,0,0,0,0,0,0,0,0,0,0,0,0,0,0,0,0,0,0,0,0,0,0,1,0,0,0,0,0,0,0,0,1,0,1,0,0,0,0,1,0,0,0,0,0,0,0,0,0,0,0,0,1,0,0,0,0,0,0,0,0,0,1,1,0,1,1,1,1,0,1,0,0,0,0,1,0,0,0,1,1,1,1,1,1,0,1,1,0,0,0,0,0,0,0,0,0,1,1,0,0,0,0,1,1,0,1,1,1,1,1,1,1,1,0,0,0,1,1,1,1,0,1,1,1,1,1,1,1,1,0,1,0,1,0,1,1,1,0,0,1,1,1,1,1,1,1,1,1,0,0,1,1,1
"InChI=1S/C11H12N4O3S/c1-15-7-9(19(12,17)18)10(14-15)13-11(16)8-5-3-2-4-6-8/h2-7H,1H3,(H2,12,17,18)(H,13,14,16)",0,0,0,0,0,0,0,0,0,0,0,0,0,0,0,0,0,0,0,0,0,0,0,0,0,0,0,0,0,0,0,1,1,0,0,0,0,1,0,0,0,0,0,0,1,0,0,0,0,1,1,1,1,0,1,0,0,1,0,1,1,0,0,1,0,0,1,0,0,0,0,0,1,0,1,1,1,1,1,1,1,0,1,1,0,0,0,1,0,0,0,1,1,1,0,1,1,0,1,0,0,1,0,0,0,1,0,0,0,1,0,1,0,0,0,0,1,0,1,1,1,1,0,1,1,0,0,0,0,1,1,0,1,0,0,1,1,0,0,1,1,1,0,0,1,1,0,1,1,1,1,0,0,1,0,1,0,1,1,1,1,0,1,1,1,1
"InChI=1S/C11H12N4O3S/c1-8-5-10(15(17)18)13-14(8)7-11(16)12-6-9-3-2-4-19-9/h2-5H,6-7H2,1H3,(H,12,16)",0,0,0,0,0,0,0,0,0,0,0,0,0,0,0,0,0,0,0,0,0,0,0,0,0,0,0,0,0,0,0,0,0,0,0,1,0,1,0,0,0,0,0,0,1,0,0,0,0,0,0,1,0,0,0,1,0,0,0,0,0,0,1,0,1,0,0,0,0,1,1,0,0,0,1,1,1,1,1,1,1,0,1,0,0,0,0,1,0,1,0,1,0,1,1,1,1,0,1,1,0,1,0,1,0,0,0,0,0,1,1,0,0,0,0,1,1,0,1,1,1,1,0,1,1,0,0,0,1,1,1,1,1,0,1,1,1,1,1,1,1,1,0,1,0,1,0,1,1,1,0,0,1,0,1,1,1,1,1,1,1,0,0,1,1,1
"InChI=1S/C11H12N4O3S/c1-8-4-14-9(5-13-8)6-15-19(17,18)11-7-12-3-2-10(11)16/h2-5,7,15H,6H2,1H3,(H,12,16)",0,0,0,0,0,0,0,0,0,0,0,0,0,0,0,0,0,0,0,0,0,0,0,0,0,0,0,0,0,0,0,1,1,0,0,0,0,0,0,0,0,0,0,0,1,0,0,0,0,0,1,0,1,0,1,0,0,1,1,1,1,0,0,1,1,0,1,0,0,0,0,0,1,0,0,1,0,1,1,1,1,1,0,0,0,0,0,1,1,0,0,0,0,1,0,0,1,1,1,1,0,1,0,0,0,1,0,0,0,0,1,1,1,0,0,0,1,0,1,1,1,0,0,1,1,0,1,0,0,1,1,0,0,0,0,1,1,1,0,1,1,1,1,1,1,1,0,1,1,1,1,1,1,1,1,1,0,1,1,1,1,0,1,1,1,1
"InChI=1S/C11H12N4O3S/c1-14(5-8-3-2-4-19-8)10(16)7-15-6-9(11(17)18)12-13-15/h2-4,6H,5,7H2,1H3,(H,17,18)",0,0,0,0,0,0,0,0,0,0,0,0,0,0,0,0,0,0,0,0,0,0,0,0,0,0,0,0,0,0,0,0,0,0,0,1,0,0,0,0,0,0,0,0,1,0,0,0,0,0,0,1,0,0,0,0,0,0,0,0,0,0,0,0,1,0,0,0,0,1,0,0,0,0,1,1,1,0,1,1,1,0,1,0,1,1,0,1,0,0,0,1,1,1,1,1,1,0,1,1,0,0,0,0,0,0,0,1,0,1,1,0,0,0,1,1,1,0,1,1,1,1,1,1,1,0,0,0,1,1,1,1,0,0,0,1,1,1,1,1,1,1,0,0,0,1,0,1,1,0,0,0,1,1,1,1,1,1,1,1,1,0,0,1,1,1
"InChI=1S/C11H12N4O3S/c1-7(8-2-4-12-5-3-8)15-10(18)13-14-11(15)19-6-9(16)17/h2-5,7H,6H2,1H3,(H,13,18)(H,16,17)",0,0,0,0,0,0,0,0,0,0,0,0,0,0,0,0,0,0,0,0,0,0,0,0,0,0,0,0,0,0,0,0,0,0,0,0,1,0,0,0,0,0,0,0,1,0,1,0,0,1,0,1,0,0,0,0,0,0,1,0,0,0,0,1,1,0,0,0,0,0,0,0,0,0,1,1,1,1,1,0,1,0,1,0,1,0,0,1,0,0,0,0,0,1,1,1,0,1,1,0,0,0,0,1,0,1,0,1,0,1,0,0,1,0,0,0,1,0,1,1,1,1,1,1,1,0,1,0,0,1,1,1,0,0,0,1,1,1,1,1,1,1,1,1,1,1,0,1,1,1,0,0,1,1,1,1,1,1,1,1,1,0,1,1,1,1
"InChI=1S/C11H12N4O3S/c1-2-6-12-11(19)14-13-10(16)8-4-3-5-9(7-8)15(17)18/h2-5,7H,1,6H2,(H,13,16)(H2,12,14,19)",0,0,0,0,0,0,0,0,0,0,0,0,0,0,0,0,0,0,0,0,0,0,0,0,0,0,0,0,0,0,0,0,0,1,0,0,0,0,0,0,0,0,1,0,1,0,1,0,0,1,0,1,0,1,0,1,0,0,0,0,0,0,1,0,0,0,0,0,1,1,1,0,0,0,0,1,1,1,1,0,1,0,0,0,0,0,0,1,0,1,0,1,0,1,1,0,0,0,1,1,0,1,0,0,0,1,0,0,0,1,0,0,0,0,0,0,1,0,1,0,0,1,0,1,1,0,0,0,0,1,1,0,1,0,1,1,0,1,1,1,0,1,0,0,1,1,0,1,0,0,1,0,1,0,1,1,1,1,1,0,1,0,1,1,1,1
"InChI=1S/C11H12N4O3S/c12-10-13-11(15-14-10)19-5-4-18-8-3-1-2-7(6-8)9(16)17/h1-3,6H,4-5H2,(H,16,17)(H3,12,13,14,15)",0,0,0,0,0,0,0,0,0,0,0,0,0,0,0,0,0,0,0,0,0,0,0,0,1,0,0,0,0,0,0,0,0,0,0,0,0,0,0,0,0,0,1,0,0,0,1,0,0,1,0,1,0,1,0,0,0,0,1,0,0,0,0,1,1,0,0,1,1,0,0,0,0,0,0,1,1,1,1,0,1,0,1,0,0,0,0,1,0,1,1,0,0,1,0,1,0,0,1,0,0,0,0,0,0,1,0,0,1,0,0,0,1,0,0,0,0,1,1,1,1,0,1,1,1,1,1,0,0,1,1,1,1,0,1,1,1,1,1,1,0,1,1,0,1,1,1,0,0,0,1,1,1,1,1,1,1,1,1,0,1,0,1,1,1,1
"InChI=1S/C11H12N4O3S/c1-7-6-8(19(12,17)18)2-3-9(7)14-11(16)10-4-5-13-15-10/h2-6H,1H3,(H,13,15)(H,14,16)(H2,12,17,18)",0,0,0,0,0,0,0,0,0,0,0,0,0,0,0,0,0,0,0,0,0,0,0,0,0,0,0,0,0,0,0,1,1,0,0,0,0,0,0,0,0,0,0,0,1,0,0,0,0,1,1,1,1,0,1,0,0,1,1,1,1,0,0,1,1,0,1,0,0,0,0,0,1,0,0,1,0,1,1,1,1,0,1,1,0,0,0,1,0,0,0,1,0,1,1,1,1,0,1,0,0,1,0,0,0,1,0,1,0,1,0,1,0,0,0,0,1,0,1,1,1,0,0,1,1,0,0,0,0,1,1,0,1,0,1,1,1,0,1,1,1,1,0,1,1,1,0,1,1,1,1,0,0,0,0,1,1,1,1,1,1,0,1,1,1,1
"InChI=1S/C11H12N4O3S/c1-15-7(6-16)3-13-11(15)19-9-5-12-4-8(14-9)10(17)18-2/h3-5,16H,6H2,1-2H3",0,0,0,0,0,0,0,0,0,0,0,0,0,0,0,0,0,0,0,0,1,0,0,0,0,0,0,0,0,0,0,0,0,0,0,0,0,0,0,0,0,0,0,0,1,0,1,0,0,0,0,0,0,0,0,0,0,0,1,0,0,0,0,1,1,0,0,0,0,0,0,0,0,0,1,1,1,1,1,1,1,1,1,0,1,0,0,1,0,0,0,0,1,0,1,1,1,1,1,0,0,0,0,0,0,1,0,1,1,0,1,0,0,0,0,1,0,0,1,1,1,1,1,0,1,1,0,0,0,0,1,0,0,0,0,1,1,1,1,1,1,1,0,1,1,1,0,1,1,1,0,0,1,1,1,1,1,1,1,1,1,0,1,1,1,1
"InChI=1S/C11H12N4O3S/c1-18-11(17)10-8(3-7-19-10)13-9(16)2-5-15-6-4-12-14-15/h3-4,6-7H,2,5H2,1H3,(H,13,16)",0,0,0,0,0,0,0,0,0,0,0,0,0,0,0,0,0,0,0,0,0,0,0,0,0,0,0,0,0,0,0,0,0,0,0,1,0,0,0,0,0,0,0,0,1,0,0,0,0,0,0,1,0,0,0,0,0,0,0,0,0,0,0,0,1,0,0,0,0,1,0,0,0,0,1,1,1,1,0,1,1,0,1,0,0,0,0,1,0,1,0,1,1,1,0,1,1,0,1,1,0,0,0,1,0,0,0,0,0,1,1,0,0,0,0,0,1,1,1,1,1,1,1,1,1,1,0,0,0,1,1,1,1,0,1,1,1,1,1,1,1,1,0,1,0,1,1,1,1,1,0,0,1,1,1,1,1,1,1,1,1,0,0,1,1,1
"InChI=1S/C11H12N4O3S/c1-7-14-15-11(19-7)13-9(16)2-4-12-10(17)8-3-5-18-6-8/h3,5-6H,2,4H2,1H3,(H,12,17)(H,13,15,16)",0,0,0,0,0,0,0,0,0,0,0,0,0,0,0,0,0,0,0,0,0,0,0,0,0,0,0,0,0,0,0,0,0,0,0,1,0,0,0,0,0,0,0,0,0,0,1,0,0,1,0,1,0,0,0,0,1,0,0,0,0,0,0,0,1,0,0,0,0,0,0,0,0,0,0,1,1,1,1,1,1,0,1,0,0,0,0,1,1,1,1,1,0,1,0,1,1,0,1,1,0,0,0,1,0,1,0,0,0,1,1,0,0,0,0,0,1,1,1,1,1,0,0,1,1,0,0,0,0,1,1,1,1,0,1,0,1,1,1,1,1,1,0,0,0,1,1,0,1,0,0,0,1,0,1,1,1,1,1,1,1,0,0,1,1,1
"InChI=1S/C11H12N4O3S/c1-6-4-8(10(19-6)11(16)17)18-5-9-12-13-14-15(9)7-2-3-7/h4,7H,2-3,5H2,1H3,(H,16,17)",0,0,0,0,0,0,0,0,0,0,0,0,0,0,0,0,0,0,0,0,0,1,0,0,0,0,0,0,0,0,0,0,0,0,0,1,0,1,0,0,0,0,0,0,0,0,0,0,0,0,0,1,0,0,0,0,0,0,0,0,0,1,0,0,1,0,0,0,0,1,0,0,0,0,1,1,1,1,1,1,1,0,1,0,0,0,0,1,1,0,0,0,0,1,1,1,1,0,1,0,0,0,0,0,0,0,0,0,1,0,1,0,1,0,0,0,0,0,1,1,1,1,1,1,1,1,1,1,0,1,1,0,1,0,0,1,1,1,1,1,1,1,1,1,0,1,0,1,1,1,0,1,1,1,1,1,1,1,1,1,1,0,0,1,1,1
"InChI=1S/C11H12N4O3S/c1-5(9(16)15-10(13)17)19-11-14-7-4-6(12)2-3-8(7)18-11/h2-5H,12H2,1H3,(H3,13,15,16,17)",0,0,0,0,0,0,0,0,0,0,0,0,0,0,0,0,0,0,0,0,0,0,0,0,0,1,0,0,0,0,0,0,0,0,0,0,1,0,0,0,0,0,1,0,1,0,1,0,0,0,0,0,1,0,0,0,1,0,1,0,0,0,0,1,1,0,0,0,0,0,0,0,0,0,0,1,1,1,0,1,1,0,1,1,0,0,0,1,1,0,0,1,0,0,0,1,1,0,1,0,0,0,0,0,1,1,0,0,0,1,0,0,0,0,0,0,1,0,1,1,1,0,0,0,1,0,0,0,0,0,1,0,1,0,1,0,1,0,1,1,1,1,0,0,1,1,0,0,1,0,1,1,0,0,0,1,1,1,1,1,1,0,1,1,1,1
"InChI=1S/C11H12N4O3S/c1-6-3-4-7(10(16)15-11(13)14)8(5-12)9(6)19(2,17)18/h3-4H,1-2H3,(H4,13,14,15,16)",0,0,0,0,0,0,0,0,0,0,0,0,0,0,0,0,0,0,0,0,0,0,0,0,1,0,0,0,0,0,0,0,0,0,0,0,0,0,0,0,1,0,1,0,0,0,0,0,0,1,1,0,0,0,1,0,0,1,1,1,1,0,0,1,0,0,1,0,0,0,0,0,1,0,0,1,1,1,0,0,1,0,0,1,0,0,0,1,0,0,0,1,1,0,0,0,1,0,1,0,0,1,0,0,0,1,0,1,0,1,0,1,0,0,0,0,1,0,1,0,0,0,0,1,1,0,0,0,0,1,1,0,0,0,0,1,0,0,0,1,1,1,0,1,1,1,0,1,1,1,1,0,0,1,0,1,0,1,1,1,1,0,1,1,1,1
"InChI=1S/C11H12N4O3S/c1-8(14-16)9-4-2-3-5-10(9)15-19(17,18)11-6-12-7-13-11/h2-7,15-16H,1H3,(H,12,13)",0,0,0,0,0,0,0,0,0,0,0,0,0,0,0,0,0,0,0,0,1,0,0,1,0,0,0,0,0,0,0,1,1,0,0,0,0,0,0,0,0,0,0,0,1,0,1,0,0,1,1,0,0,1,1,0,0,1,1,1,1,0,0,1,1,0,1,0,1,0,1,0,1,0,0,1,1,1,1,1,1,0,1,0,0,0,0,1,0,0,0,0,0,1,1,1,1,0,1,0,0,1,0,0,0,1,0,1,0,0,0,1,0,0,0,0,1,0,1,1,1,0,0,1,1,0,0,0,0,1,1,0,1,0,1,1,1,0,1,1,1,1,0,1,1,1,0,1,1,1,1,0,0,0,0,1,0,1,1,1,1,0,1,1,1,1
"InChI=1S/C11H12N4O3S/c1-13(4-9-2-3-19-7-9)11(16)6-14-5-10(12-8-14)15(17)18/h2-3,5,7-8H,4,6H2,1H3",0,0,0,0,0,0,0,0,0,0,0,0,0,0,0,0,0,0,0,0,1,0,0,0,0,0,0,0,0,0,0,0,0,0,0,1,0,1,0,0,0,0,0,0,1,0,0,0,0,1,0,0,0,0,0,1,0,0,0,0,0,0,1,0,1,0,0,0,0,1,1,0,0,0,1,1,1,1,1,1,0,0,1,0,1,1,0,1,0,0,0,1,1,1,1,1,1,0,1,1,0,1,0,0,0,0,0,1,0,1,1,0,0,0,1,1,1,0,1,1,1,1,0,1,1,0,0,0,1,1,0,1,1,0,1,1,1,1,0,1,1,1,0,0,0,1,0,1,1,0,0,0,1,1,1,1,0,1,1,1,1,0,0,1,1,1
"InChI=1S/C11H12N4O3S/c12-15-7-13-14-11(15)19-5-4-18-9-3-1-2-8(6-9)10(16)17/h1-3,6-7H,4-5,12H2,(H,16,17)",0,0,0,0,0,0,0,0,0,0,0,0,0,0,0,0,0,0,0,0,0,0,0,0,0,0,0,0,0,0,0,0,0,0,0,0,0,0,0,0,0,0,0,0,0,0,1,0,0,1,0,1,0,0,0,0,0,0,1,0,0,0,0,1,1,0,0,0,0,0,0,0,0,0,1,1,1,1,1,1,1,0,1,1,0,0,0,1,0,0,1,0,0,1,0,1,0,0,1,0,0,0,0,0,0,1,0,0,1,0,0,0,1,0,0,0,0,1,1,1,1,1,1,1,1,1,1,0,0,1,1,1,1,0,1,1,1,1,1,1,0,1,1,1,1,1,1,1,0,1,1,1,1,1,1,1,1,1,1,0,1,0,1,1,1,1
"InChI=1S/C11H12N4O3S/c1-18-10-2-4-11(5-3-10)19(16,17)15-14-7-9-6-12-8-13-9/h2-8,14-15H,1H3",0,0,0,0,0,0,0,0,0,0,0,0,0,0,0,0,0,0,0,0,0,0,0,0,0,0,0,0,0,0,0,1,1,0,0,0,0,0,0,0,0,0,0,0,1,0,1,0,0,0,1,1,0,0,1,0,0,1,1,1,1,0,0,1,0,0,1,1,1,1,0,0,1,0,0,1,1,1,1,1,1,0,1,0,0,0,0,1,0,0,0,0,1,1,1,1,0,0,1,0,0,1,0,0,0,1,0,1,0,0,0,1,1,0,0,0,1,0,1,1,1,0,0,1,1,1,1,0,0,1,1,0,0,0,0,1,1,0,0,1,1,1,1,0,1,1,0,1,1,0,1,1,0,0,0,1,1,1,1,1,1,0,1,1,1,1
"InChI=1S/C11H12N4O3S/c1-2-18-10(16)8-19(17)11-12-13-14-15(11)9-6-4-3-5-7-9/h3-7H,2,8H2,1H3",0,0,0,0,0,0,0,0,0,0,0,0,0,0,0,0,0,0,0,0,0,0,0,0,0,0,0,0,0,0,0,0,0,0,0,0,0,0,0,0,0,0,0,0,1,0,1,0,0,0,1,1,0,0,0,0,0,0,1,1,1,1,0,1,1,0,1,0,0,1,0,0,1,0,1,1,1,1,1,1,1,0,1,0,0,0,0,1,1,0,0,0,0,1,1,1,1,0,1,0,0,1,0,0,0,1,0,1,1,0,0,0,0,1,0,0,0,0,1,1,1,1,1,1,1,1,0,0,1,1,0,1,1,0,1,1,1,1,0,1,1,1,0,1,1,1,0,1,1,1,0,0,1,1,1,1,1,1,1,1,1,0,1,1,1,1
"InChI=1S/C11H12N4O3S/c1-18-8-4-2-7(3-5-8)12-10(19)14-15-6-9(16)13-11(15)17/h2-5H,6H2,1H3,(H2,12,14,19)(H,13,16,17)",0,0,0,0,0,0,0,0,0,0,0,0,0,0,0,0,0,0,0,0,0,0,0,0,0,0,0,0,0,0,0,0,0,0,0,0,1,0,0,0,0,0,1,0,1,0,1,0,0,0,0,1,0,0,0,0,0,0,0,0,0,0,0,0,0,0,0,0,0,0,0,0,0,0,1,1,1,1,1,0,1,0,1,0,0,0,0,1,1,0,1,1,1,1,1,1,1,0,1,1,0,0,0,1,0,1,0,1,0,1,1,0,1,0,0,0,1,0,1,1,1,1,0,1,1,1,1,0,0,1,1,1,1,0,1,1,1,1,1,1,1,1,1,0,1,1,0,1,1,1,1,1,1,1,0,1,1,1,1,1,1,0,1,1,1,1
"InChI=1S/C11H12N4O3S/c1-19(17,18)15-9-4-2-8(3-5-9)11(16)14-10-6-12-13-7-10/h2-7,15H,1H3,(H,12,13)(H,14,16)",0,0,0,0,0,0,0,0,0,0,0,0,0,0,0,0,0,0,0,0,0,0,0,0,0,0,0,0,0,0,0,1,1,0,0,0,0,0,0,0,0,0,0,0,1,0,0,0,0,1,1,1,1,1,1,0,0,1,0,1,1,0,0,0,1,0,1,0,0,0,0,0,1,0,0,1,0,1,1,1,0,0,1,0,0,0,0,1,0,0,0,1,1,1,0,1,0,0,1,0,0,1,0,0,0,1,0,1,0,1,0,1,0,0,0,0,1,0,1,1,1,0,0,1,1,0,0,0,0,1,1,0,1,0,1,1,1,0,0,1,1,1,0,0,1,1,0,1,1,0,1,0,0,1,0,1,0,1,1,1,1,0,1,1,1,1
"InChI=1S/C11H12N4O3S/c1-6(12)10-13-14-11(19-10)7-3-4-9(18-2)8(5-7)15(16)17/h3-6H,12H2,1-2H3",0,0,0,0,0,0,0,0,0,0,0,0,0,0,0,0,0,0,0,0,0,0,0,0,0,0,0,0,0,0,0,0,0,0,0,1,0,0,0,0,0,0,0,0,1,0,1,0,0,1,0,1,0,0,0,1,0,0,0,0,0,1,1,0,1,0,0,0,0,1,1,0,0,0,0,1,0,1,1,1,1,0,1,1,0,0,0,1,1,0,0,0,1,1,1,1,0,0,1,0,0,1,0,0,0,0,0,1,0,0,0,0,1,0,0,0,0,0,1,1,1,1,0,1,1,1,1,0,0,1,1,0,1,0,1,1,1,0,0,1,1,1,1,1,1,1,0,1,1,1,1,1,0,0,0,1,1,1,1,1,1,0,1,1,1,1
"InChI=1S/C11H12N4O3S/c1-7(8-3-2-4-12-5-8)15-10(18)13-14-11(15)19-6-9(16)17/h2-5,7H,6H2,1H3,(H,13,18)(H,16,17)",0,0,0,0,0,0,0,0,0,0,0,0,0,0,0,0,0,0,0,0,0,0,0,0,0,0,0,0,0,0,0,0,0,0,0,0,1,0,0,0,0,0,0,0,1,0,1,0,0,1,0,1,0,0,0,0,0,0,1,0,0,0,0,1,1,0,0,0,0,0,0,0,0,0,1,1,1,1,1,1,1,0,1,0,1,0,0,1,0,0,0,0,0,1,1,1,0,1,1,0,0,0,0,1,0,1,0,1,0,1,0,0,1,0,0,0,1,0,1,1,1,1,1,1,1,0,1,0,0,1,1,1,0,0,0,1,1,1,1,1,1,1,1,1,1,1,0,1,1,1,0,0,1,1,1,1,1,1,1,1,1,0,1,1,1,1
"InChI=1S/C11H12N4O3S/c1-5-2-6(18-9(5)10(16)17)4-19-11-14-7(12)3-8(13)15-11/h2-3H,4H2,1H3,(H,16,17)(H4,12,13,14,15)",0,0,0,0,0,0,0,0,0,0,0,0,0,0,0,0,0,0,0,0,1,0,0,0,0,0,0,0,0,0,0,0,0,0,0,0,0,1,0,0,0,0,1,0,1,0,1,0,0,1,0,0,1,0,0,0,1,0,1,0,0,0,0,1,1,0,0,0,0,0,0,1,0,0,0,1,1,1,0,1,1,0,1,1,0,0,0,1,0,1,0,0,0,0,0,1,0,1,1,0,0,0,0,0,0,1,0,1,0,0,0,0,0,0,0,0,0,0,1,1,1,0,1,0,1,0,0,0,0,0,1,1,1,0,1,1,1,1,1,1,1,1,0,1,1,1,0,0,1,1,1,1,1,1,1,1,1,1,1,1,1,0,1,1,1,1
"InChI=1S/C11H12N4O3S/c1-7-10(6-13-15-7)11(16)14-8-3-2-4-9(5-8)19(12,17)18/h2-6H,1H3,(H,13,15)(H,14,16)(H2,12,17,18)",0,0,0,0,0,0,0,0,0,0,0,0,0,0,0,0,0,0,0,0,0,0,0,0,0,0,0,0,0,0,0,1,1,0,0,0,0,0,0,0,0,0,0,0,1,0,0,0,0,1,1,1,1,0,1,0,0,1,1,1,1,0,0,1,1,0,1,0,0,0,0,0,1,0,0,1,0,1,0,1,1,0,1,1,0,0,0,1,0,0,0,1,0,1,0,1,1,0,1,0,0,1,0,0,0,1,0,1,0,1,0,1,0,0,0,0,1,0,1,1,1,0,0,1,1,0,0,0,0,1,1,0,1,0,1,1,1,0,1,1,1,1,0,1,1,1,0,1,1,1,1,0,0,0,0,1,1,1,1,1,1,0,1,1,1,1
"InChI=1S/C11H12N4O3S/c12-9-2-4-10(5-3-9)19(16,17)15-8-18-11-13-6-1-7-14-11/h1-7,15H,8,12H2",0,0,0,0,0,0,0,0,0,0,0,0,0,0,0,0,0,0,0,0,0,0,0,0,0,0,0,1,0,0,0,1,1,0,0,0,1,0,0,0,0,0,0,0,1,0,0,0,0,0,1,0,0,0,1,0,0,1,1,1,1,0,0,1,1,0,1,0,0,0,0,0,1,0,0,1,1,1,0,1,1,0,0,1,0,0,0,1,1,0,0,0,0,1,0,0,0,1,1,0,0,1,0,0,0,1,0,0,1,1,0,1,1,0,0,0,1,0,1,1,1,0,0,1,1,1,1,0,0,1,1,0,1,0,1,1,1,1,0,1,0,1,1,0,1,1,0,1,0,0,1,0,1,0,1,1,1,1,1,0,1,0,1,1,1,1
"InChI=1S/C11H12N4O3S/c12-10(16)11(14-15-13)6-9(7-11)19(17,18)8-4-2-1-3-5-8/h1-5,9H,6-7H2,(H2,12,16)",0,0,0,0,0,0,0,0,0,0,1,0,0,0,0,0,0,0,0,0,0,0,0,0,0,0,0,0,0,0,0,0,0,0,0,0,0,0,0,0,0,0,1,0,0,0,0,0,0,0,1,1,0,0,1,0,0,1,1,1,1,0,0,1,0,1,1,0,0,1,0,0,1,0,0,1,1,1,1,1,1,0,0,0,0,0,0,1,0,1,0,1,0,1,1,0,1,0,1,0,0,1,0,0,0,0,0,0,0,1,1,1,0,0,0,0,1,0,1,0,0,0,0,1,1,0,0,0,0,1,1,0,1,0,0,1,0,0,1,1,0,1,0,0,1,1,0,1,0,0,1,0,0,0,0,1,1,1,1,0,1,0,1,1,1,1
"InChI=1S/C11H12N4O3S/c1-14-7-12-13-11(14)19-6-8-5-9(15(16)17)3-4-10(8)18-2/h3-5,7H,6H2,1-2H3",0,0,0,0,0,0,0,0,0,0,0,0,0,0,0,0,0,0,0,0,0,0,0,0,0,0,0,0,0,0,0,0,0,0,0,0,0,0,0,0,0,0,0,0,1,0,1,0,0,1,0,1,0,0,0,1,0,0,1,0,0,0,1,1,1,0,0,0,0,1,1,0,0,0,1,1,1,1,1,0,1,0,1,0,1,0,0,1,0,0,0,0,1,1,0,1,0,0,1,0,0,1,0,0,0,1,0,1,0,0,0,0,1,0,0,0,0,0,1,1,1,1,0,1,1,1,1,0,0,1,0,0,1,0,1,1,1,1,0,1,1,1,1,1,1,1,0,1,1,1,0,1,1,0,1,1,1,1,1,1,1,0,1,1,1,1
"InChI=1S/C11H12N4O3S/c1-19-10-4-2-9(3-5-10)18-7-6-14-8-12-11(13-14)15(16)17/h2-5,8H,6-7H2,1H3",0,0,0,0,0,0,0,0,0,0,0,0,0,0,0,0,0,0,0,0,0,0,0,0,1,0,0,0,0,0,0,0,0,0,0,0,0,0,0,0,0,0,0,0,0,0,0,0,0,0,0,1,0,0,0,1,0,0,1,0,0,0,1,1,1,0,0,0,0,1,1,0,0,0,1,1,1,1,1,0,1,0,1,0,0,0,0,1,0,0,0,0,1,1,1,1,1,0,1,1,0,1,0,0,0,1,0,1,1,0,1,0,1,0,0,0,0,1,1,1,1,1,0,1,1,1,1,0,0,1,0,1,1,0,1,1,1,1,0,1,1,1,1,0,1,1,1,1,1,0,0,1,1,0,1,1,1,1,1,1,1,0,1,1,1,1
"InChI=1S/C11H12N4O3S/c1-6-3-7(5-12)8(10(16)15-11(13)14)4-9(6)19(2,17)18/h3-4H,1-2H3,(H4,13,14,15,16)",0,0,0,0,0,0,0,0,0,0,0,0,0,0,0,0,0,0,0,0,0,0,0,0,1,0,0,0,0,0,0,0,0,0,0,0,0,0,0,0,1,0,1,0,0,0,0,0,0,1,1,0,1,0,1,0,0,1,1,1,1,0,0,1,0,0,1,0,0,0,0,0,1,0,0,1,1,1,0,0,1,0,0,1,0,0,0,1,0,0,0,1,1,0,0,0,1,0,1,0,0,1,0,0,0,1,0,1,0,1,0,1,0,0,0,0,1,0,1,0,0,0,0,1,1,0,0,0,0,1,1,0,0,0,0,1,0,0,1,1,1,1,0,1,1,1,0,1,1,1,1,0,0,0,0,1,1,1,1,1,1,0,1,1,1,1
"InChI=1S/C11H12N4O3S/c12-11(13)19-9-5-6-14(10(9)16)7-1-3-8(4-2-7)15(17)18/h1-4,9H,5-6H2,(H3,12,13)",0,0,0,0,0,0,0,0,0,0,0,0,0,0,0,0,0,0,0,0,0,0,0,0,0,0,0,0,0,0,0,0,0,0,0,0,0,0,0,0,0,0,1,0,1,0,1,0,0,0,0,0,0,0,0,1,0,0,0,0,0,1,1,1,0,0,0,0,0,1,1,0,0,0,1,1,1,1,0,0,1,0,1,1,1,0,0,1,0,0,1,1,0,1,0,1,0,0,1,1,0,1,0,0,0,1,0,0,0,1,0,0,0,0,0,0,1,0,1,1,1,1,0,1,1,0,1,0,0,1,1,0,1,0,1,1,1,1,0,1,0,1,1,0,1,1,0,1,0,1,1,0,1,1,0,1,0,1,1,0,1,0,1,1,1,1
"InChI=1S/C11H12N4O3S/c1-2-14-10(12-7-11(14)15(17)18)8-19-9-3-5-13(16)6-4-9/h3-7H,2,8H2,1H3",0,0,0,0,0,0,0,0,0,0,0,0,1,0,0,0,0,0,0,0,1,0,0,0,0,0,0,0,0,0,0,0,0,0,0,0,0,1,0,0,0,0,0,0,1,0,0,0,0,0,0,0,0,0,0,1,0,0,1,0,0,0,1,1,1,0,0,0,0,1,1,0,0,0,1,1,1,1,1,1,1,0,1,0,1,0,0,1,0,0,0,0,0,1,1,1,1,1,1,1,0,1,0,0,0,0,0,1,0,0,1,0,1,1,0,0,0,0,1,1,1,1,0,1,1,0,1,0,1,1,0,0,1,0,1,1,1,1,0,1,1,1,1,1,1,1,0,1,1,1,0,0,1,0,1,1,0,1,1,1,1,0,1,1,1,1
"InChI=1S/C11H12N4O3S/c1-2-9-13-14-11(19-9)12-10(16)7-3-5-8(6-4-7)15(17)18/h3-6,9,13H,2H2,1H3,(H,12,14,16)",0,0,0,0,0,0,0,0,0,0,0,0,0,0,0,0,0,0,0,0,0,0,0,0,0,0,0,0,0,0,0,0,0,0,0,1,0,0,0,0,0,0,0,0,1,0,1,0,0,1,0,1,0,0,0,1,0,0,0,0,0,0,1,0,0,0,0,1,1,1,1,0,0,0,0,1,1,1,1,1,1,0,1,0,0,0,0,1,0,1,0,1,0,1,0,1,1,0,1,0,0,1,0,1,0,1,0,0,0,1,1,0,0,1,0,0,1,0,1,1,1,1,0,1,1,0,0,0,0,1,1,0,1,0,1,1,1,0,0,1,1,1,0,0,1,1,0,1,1,0,1,0,0,1,1,1,0,1,1,1,1,0,1,1,1,1
"InChI=1S/C11H12N4O3S/c1-6-9(11(17)18)19-8(14-6)4-12-10(16)7-3-13-15(2)5-7/h3,5H,4H2,1-2H3,(H,12,16)(H,17,18)",0,0,0,0,0,0,0,0,0,0,0,0,0,0,0,0,0,0,0,0,0,0,0,0,0,0,0,0,0,0,0,0,0,0,0,1,0,0,0,0,0,0,0,0,1,0,1,0,0,1,0,1,0,0,0,0,0,0,0,0,0,0,0,0,1,0,0,0,0,0,0,0,0,0,1,1,0,1,1,1,1,0,1,0,0,0,0,1,0,1,0,1,1,1,0,1,1,0,1,1,0,0,0,0,0,0,0,1,0,1,1,0,0,0,0,0,1,0,1,1,1,1,1,1,1,0,0,0,0,1,1,0,0,0,0,1,1,1,1,1,1,1,0,1,0,1,0,1,1,1,0,0,1,1,1,1,1,1,1,1,1,0,0,1,1,1
"InChI=1S/C11H12N4O3S/c1-7(15-6-12-5-13-15)10(16)14-8-3-4-19-9(8)11(17)18-2/h3-7H,1-2H3,(H,14,16)",0,0,0,0,0,0,0,0,0,0,0,0,0,0,0,0,0,0,0,0,0,0,0,0,0,0,0,0,0,0,0,0,0,0,0,1,0,0,0,0,0,0,0,0,1,0,0,0,0,0,0,1,0,0,0,0,0,0,0,0,0,0,0,0,1,0,0,0,0,0,0,0,0,0,1,1,1,1,1,1,1,0,1,0,0,0,0,1,0,0,0,1,1,1,1,1,1,0,1,0,0,0,0,0,0,0,0,1,0,1,0,0,0,0,0,0,1,0,1,1,1,1,1,1,1,1,0,0,0,1,1,0,1,0,1,1,1,0,1,1,1,1,0,1,0,1,0,1,1,1,0,0,0,1,0,1,1,1,1,1,1,0,0,1,1,1
"InChI=1S/C11H12N4O3S/c1-18-11-6-9(7-13-14-11)15-19(16,17)10-4-2-8(12)3-5-10/h2-7H,12H2,1H3,(H,14,15)",0,0,0,0,0,0,0,0,0,0,0,0,0,0,0,0,0,0,0,0,0,0,0,0,0,0,0,0,0,0,0,1,1,0,0,0,0,0,0,0,0,0,0,0,1,0,0,0,0,0,1,1,0,0,1,0,0,1,1,1,1,0,0,1,1,0,1,0,0,0,0,0,1,0,0,1,0,1,1,1,1,0,0,1,0,0,0,1,0,0,0,1,1,1,1,0,1,1,1,0,0,1,0,0,0,1,0,0,0,1,0,1,1,0,0,0,1,0,1,1,1,0,0,1,1,1,1,0,0,1,1,0,1,0,1,1,1,0,0,1,1,1,1,0,1,1,0,1,1,0,1,0,0,0,0,1,1,1,1,1,1,0,1,1,1,1
"InChI=1S/C11H12N4O3S/c1-3-17-10(16)7-4-5-13-9(8(7)12)19-11-15-14-6(2)18-11/h4-5H,3,12H2,1-2H3",0,0,0,0,0,0,0,0,0,0,0,0,0,0,0,0,0,0,0,0,0,0,0,0,0,0,0,0,0,0,0,0,0,0,0,0,0,0,0,0,0,0,0,0,1,0,1,0,0,1,0,1,0,0,0,0,1,0,1,0,0,0,0,1,1,0,0,0,0,0,0,0,0,0,0,1,0,1,1,1,1,0,1,1,0,0,0,1,0,0,0,1,0,1,1,1,1,1,1,0,0,0,0,0,0,1,0,0,1,1,0,0,0,1,0,0,1,0,1,1,1,0,1,1,1,1,0,0,0,1,1,0,1,0,1,1,1,1,0,1,1,1,0,1,1,1,0,0,1,1,1,0,1,1,1,1,1,1,1,1,1,0,1,1,1,1
"InChI=1S/C11H12N4O3S/c16-8-6-7(9(17)18)15-10(12-8)19-11(13-15)14-4-2-1-3-5-14/h6H,1-5H2,(H,17,18)",0,0,0,0,0,0,0,0,0,0,0,0,0,0,0,0,0,0,0,0,0,0,0,0,0,0,0,0,0,0,0,0,0,0,0,1,0,0,0,0,0,0,0,0,1,0,1,0,0,0,0,1,0,0,0,0,0,0,0,0,0,1,0,0,1,0,0,0,0,0,0,0,0,0,1,1,1,1,1,1,1,0,1,0,1,1,0,1,0,0,0,1,0,1,1,1,1,1,1,1,0,0,0,0,1,1,0,0,0,1,1,0,1,0,0,0,1,1,1,1,1,1,1,1,1,0,1,0,1,1,1,0,1,0,1,1,1,1,1,1,0,1,1,0,1,1,1,1,0,0,0,0,1,1,0,1,1,1,1,0,1,0,1,1,1,1
"InChI=1S/C11H12N4O3S/c16-9-5-3-8(4-6-9)15-11(12-13-14-15)19-7-1-2-10(17)18/h3-6,16H,1-2,7H2,(H,17,18)",0,0,0,0,0,0,0,0,0,0,0,0,0,0,0,0,0,0,0,0,0,0,0,0,0,0,0,0,0,0,0,0,0,0,0,0,0,0,0,0,0,0,0,0,1,0,1,0,0,0,0,1,0,0,0,0,0,0,1,0,0,1,0,1,1,0,0,0,0,1,0,0,0,0,1,1,1,1,1,1,1,0,1,0,0,0,0,1,0,1,1,0,0,1,0,1,0,0,1,0,0,0,0,1,0,1,0,0,0,0,0,0,1,0,0,0,0,1,1,1,1,1,1,1,1,0,1,0,0,1,1,1,1,0,1,1,1,1,1,1,0,1,1,1,1,1,1,1,0,1,0,1,1,1,1,1,1,1,1,0,1,0,1,1,1,1
"InChI=1S/C11H12N4O3S/c1-6-5-8(16)15-10(12-6)19-11(13-15)14-4-2-3-7(14)9(17)18/h5,7H,2-4H2,1H3,(H,17,18)",0,0,0,0,0,0,0,0,0,0,0,0,0,0,0,0,0,0,0,0,0,0,0,0,0,0,0,0,0,0,0,0,0,0,0,1,0,0,0,0,0,0,0,0,1,0,1,0,0,0,0,1,0,0,0,0,0,0,0,0,0,1,0,0,1,0,0,0,0,0,0,0,0,0,1,1,1,1,1,1,1,0,1,0,1,0,0,1,0,1,1,1,0,1,1,1,1,1,1,1,0,0,0,0,1,1,0,0,0,1,1,0,1,0,0,0,1,0,1,1,1,1,1,1,1,0,1,0,0,1,1,0,1,0,1,1,1,1,1,1,1,1,1,0,1,1,0,1,1,1,0,0,1,1,0,1,1,1,1,1,1,0,1,1,1,1
"InChI=1S/C11H12N4O3S/c1-12-9-3-2-7(15(17)18)6-8(9)10(16)14-11-13-4-5-19-11/h2-3,6,12H,4-5H2,1H3,(H,13,14,16)",0,0,0,0,0,0,0,0,0,0,0,0,0,0,0,0,0,0,0,0,0,0,0,0,0,0,0,0,0,0,0,0,0,0,0,1,0,0,0,0,0,0,0,0,1,0,1,0,0,1,0,0,1,0,0,1,0,0,0,0,0,0,1,0,0,0,0,0,0,1,1,0,0,0,0,1,1,1,0,1,1,0,1,0,0,0,0,1,0,0,0,1,1,1,0,1,1,0,1,1,0,1,0,0,0,1,0,1,0,1,0,0,0,0,0,0,1,0,1,1,1,1,0,1,1,0,0,0,0,1,1,0,1,0,1,1,1,1,1,1,1,1,0,1,1,1,0,1,1,1,1,0,1,0,0,1,1,1,1,1,1,0,1,1,1,1
"InChI=1S/C11H12N4O3S/c1-2-9-13-14-11(19-9)12-10(16)7-5-3-4-6-8(7)15(17)18/h3-6,9,13H,2H2,1H3,(H,12,14,16)",0,0,0,0,0,0,0,0,0,0,0,0,0,0,0,0,0,0,0,0,0,0,0,0,0,0,0,0,0,0,0,0,0,0,0,1,0,0,0,0,0,0,0,0,1,0,1,0,0,1,0,1,0,0,0,1,0,0,0,0,0,0,1,0,0,0,0,0,0,1,1,0,0,0,0,1,1,1,1,1,1,0,1,0,0,0,0,1,0,0,0,1,0,1,0,1,1,0,1,0,0,1,0,1,0,1,0,0,0,1,1,0,0,1,0,0,1,0,1,1,1,1,0,1,1,0,0,0,0,1,1,0,1,0,1,1,1,0,1,1,1,1,0,1,1,1,0,1,1,1,1,0,0,0,1,1,1,1,1,1,1,0,1,1,1,1
"InChI=1S/C11H12N4O3S/c1-7-10(11(17)18)19-9(14-7)5-12-8(16)6-15-4-2-3-13-15/h2-4H,5-6H2,1H3,(H,12,16)(H,17,18)",0,0,0,0,0,0,0,0,0,0,0,0,0,0,0,0,0,0,0,0,0,0,0,0,0,0,0,0,0,0,0,0,0,0,0,1,0,0,0,0,0,0,0,0,1,0,1,0,0,0,0,1,0,0,0,0,0,0,0,0,0,0,0,0,1,0,0,0,0,0,0,0,0,0,1,1,0,1,1,1,1,0,1,0,0,0,0,1,0,1,0,1,0,1,1,1,1,0,1,1,0,0,0,1,0,0,0,1,0,1,1,0,0,0,0,0,1,0,1,1,1,1,1,1,1,0,0,0,1,1,1,1,0,0,0,1,1,1,1,1,1,1,0,1,0,1,0,1,1,1,0,0,1,1,1,1,1,1,1,1,1,0,0,1,1,1
"InChI=1S/C11H12N4O3S/c1-7-9(15(16)17)4-3-5-10(7)18-6-8-11(12-2)19-14-13-8/h3-5,12H,6H2,1-2H3",0,0,0,0,0,0,0,0,0,0,0,0,0,0,0,0,0,0,0,0,1,0,0,0,0,0,0,0,0,0,0,1,1,0,0,1,0,0,0,0,0,0,0,0,1,0,1,0,0,1,0,1,0,0,0,1,0,0,0,0,0,0,1,0,1,0,1,0,0,1,1,0,0,0,0,1,0,0,1,1,1,0,1,0,0,0,0,1,0,1,0,0,1,1,1,1,1,0,1,0,0,1,0,0,0,0,0,1,1,0,1,0,1,0,0,0,0,0,1,1,1,1,0,1,1,1,1,0,0,1,1,0,1,0,1,1,1,1,0,1,1,1,1,1,1,1,0,1,1,1,1,1,1,0,1,1,1,1,1,1,1,0,1,1,1,1
"InChI=1S/C11H12N4O3S/c1-19(17,18)9-5-7(4-8(12)6-9)11(16)14-10-2-3-13-15-10/h2-6H,12H2,1H3,(H2,13,14,15,16)",0,0,0,0,0,0,0,0,0,0,0,0,0,0,0,0,0,0,0,0,0,0,0,0,0,0,0,0,0,0,0,0,0,0,0,0,0,1,0,0,0,0,0,0,1,0,0,0,0,1,1,1,0,0,1,0,0,1,1,1,1,0,0,1,0,0,1,1,1,0,0,0,1,0,0,1,1,1,1,0,1,0,1,1,0,0,0,1,0,0,0,1,1,1,0,1,1,0,1,0,0,1,0,0,0,0,0,0,0,1,0,1,0,0,0,0,1,0,1,1,1,0,0,1,1,0,0,0,0,1,1,0,1,0,1,1,1,0,0,1,1,1,0,0,1,1,0,1,1,0,1,0,0,1,0,1,0,1,1,1,1,0,1,1,1,1
"InChI=1S/C11H12N4O3S/c1-3-18-10(17)7-6-19-11(13-7)14-9(16)8-4-5-12-15(8)2/h4-6H,3H2,1-2H3,(H,13,14,16)",0,0,0,0,0,0,0,0,0,0,0,0,0,0,0,0,0,0,0,0,0,0,0,0,0,0,0,0,0,0,0,0,0,0,0,1,0,0,0,0,0,0,0,0,1,0,1,0,0,0,0,1,0,0,0,0,0,0,0,0,0,0,0,0,1,0,0,0,0,0,0,0,0,0,1,1,1,1,1,1,1,0,1,0,0,0,0,1,0,0,0,1,1,1,1,1,1,0,1,0,0,0,0,0,0,1,0,1,1,1,0,0,0,1,0,0,1,0,1,1,1,1,1,1,1,1,0,0,0,1,1,0,1,0,1,1,1,1,0,1,1,1,0,1,0,1,0,1,1,1,1,0,1,1,1,1,1,1,1,1,1,0,0,1,1,1
"InChI=1S/C11H12N4O3S/c1-6-7(19-5-14-6)3-15(2)10(16)8-9(11(17)18)13-4-12-8/h4-5H,3H2,1-2H3,(H,12,13)(H,17,18)",0,0,0,0,0,0,0,0,0,0,0,0,0,0,0,0,0,0,0,0,0,0,0,0,0,0,0,0,0,0,0,0,0,0,0,1,0,0,0,0,0,0,0,0,1,0,1,0,0,0,0,0,0,1,0,0,0,0,0,0,0,0,0,0,1,0,0,0,0,0,0,0,0,0,0,1,1,1,1,1,1,0,1,0,1,1,0,1,0,0,0,1,1,0,1,1,1,0,1,1,0,0,0,0,0,0,0,0,0,1,0,0,0,0,1,1,1,0,1,1,1,1,1,0,1,0,0,0,0,0,1,0,0,0,0,1,1,1,1,1,1,1,0,1,0,1,0,1,1,1,1,0,1,1,1,1,1,1,1,1,1,0,0,1,1,1
"InChI=1S/C11H12N4O3S/c16-8(7-5-19-6-12-7)15-3-1-11(2-4-15)9(17)13-10(18)14-11/h5-6H,1-4H2,(H2,13,14,17,18)",0,0,0,0,0,0,0,0,0,0,0,0,0,0,0,0,0,0,0,0,0,0,0,0,0,0,0,0,0,0,0,0,0,0,0,1,1,0,0,0,0,0,0,0,1,0,1,0,0,0,0,0,1,0,0,0,0,0,0,0,0,0,0,0,1,1,0,0,0,0,0,0,0,0,1,1,1,1,1,1,0,0,1,0,1,1,0,1,1,1,1,1,0,0,1,1,0,1,1,1,0,0,0,0,1,1,0,0,0,1,1,1,0,0,0,0,1,1,1,1,1,1,0,0,1,0,1,0,1,0,1,0,0,0,0,1,1,1,1,1,0,1,1,0,1,1,1,1,0,0,0,0,1,1,0,1,1,1,1,0,1,0,1,1,1,1
"InChI=1S/C11H12N4O3S/c1-18-11-3-2-9(8-10(11)14)19(16,17)15(6-4-12)7-5-13/h2-3,8H,6-7,14H2,1H3",0,0,0,0,0,0,0,0,0,0,0,0,0,0,0,0,0,0,0,0,0,0,0,0,0,0,0,0,0,0,0,1,1,0,0,0,0,0,0,0,1,0,0,0,1,0,0,0,0,0,1,0,0,0,1,0,0,1,1,1,1,0,0,1,0,0,1,0,0,0,0,0,1,0,0,1,0,0,1,0,1,0,0,1,0,1,0,1,0,0,0,0,1,1,1,0,0,0,1,1,0,1,0,0,0,1,0,1,0,0,1,1,1,0,0,0,1,0,0,0,0,1,0,1,1,1,1,0,0,1,1,0,1,0,1,1,0,1,0,1,1,1,1,1,1,1,0,1,1,1,1,1,1,0,1,1,1,1,1,1,1,0,1,1,1,1
"InChI=1S/C11H12N4O3S/c1-7-13-9(6-19-7)11(17)14-8-3-12-15(4-8)5-10(16)18-2/h3-4,6H,5H2,1-2H3,(H,14,17)",0,0,0,0,0,0,0,0,0,0,0,0,0,0,0,0,0,0,0,0,0,0,0,0,0,0,0,0,0,0,0,0,0,0,0,1,0,0,0,0,0,0,0,0,1,0,1,0,0,0,0,1,0,0,0,0,0,0,0,0,0,0,0,0,1,0,0,0,0,0,0,0,0,0,1,1,0,1,1,1,1,0,1,0,0,0,0,1,0,0,0,1,1,1,1,1,1,0,1,1,0,0,0,0,0,0,0,0,0,1,1,0,0,0,0,1,1,0,1,1,1,1,1,1,1,1,0,0,0,1,1,1,1,0,1,1,1,1,1,1,1,1,0,0,0,1,0,1,1,0,0,0,1,1,1,1,1,1,1,1,1,0,0,1,1,1
"InChI=1S/C11H12N4O3S/c1-2-18-11(17)6-4-3-5(19-6)10-14-7(9(13)16)8(12)15-10/h3-4H,2,12H2,1H3,(H2,13,16)(H,14,15)",0,0,0,0,0,0,0,0,0,0,0,0,0,0,0,0,0,0,0,0,1,0,0,0,0,0,0,0,0,0,0,0,0,0,0,1,0,1,0,0,0,0,1,0,1,0,0,0,0,0,0,0,1,1,0,0,0,0,0,0,0,1,0,0,1,0,0,0,0,0,0,0,0,0,0,1,1,1,1,1,1,0,1,1,0,0,0,1,0,0,0,1,0,0,1,1,1,0,1,0,0,0,0,0,0,0,0,0,1,1,0,0,0,1,0,0,1,0,1,1,1,0,1,0,1,1,0,0,0,0,1,0,1,0,1,1,1,1,1,1,1,1,0,1,0,1,0,0,1,1,1,0,1,1,1,1,1,1,1,1,1,0,0,1,1,1
"InChI=1S/C11H12N4O3S/c1-2-9-13-14-11(19-9)12-10(16)7-4-3-5-8(6-7)15(17)18/h3-6,9,13H,2H2,1H3,(H,12,14,16)",0,0,0,0,0,0,0,0,0,0,0,0,0,0,0,0,0,0,0,0,0,0,0,0,0,0,0,0,0,0,0,0,0,0,0,1,0,0,0,0,0,0,0,0,1,0,1,0,0,1,0,1,0,0,0,1,0,0,0,0,0,0,1,0,0,0,0,0,0,1,1,0,0,0,0,1,1,1,1,1,1,0,1,0,0,0,0,1,0,0,0,1,0,1,0,1,1,0,1,0,0,1,0,1,0,1,0,0,0,1,1,0,0,1,0,0,1,0,1,1,1,1,0,1,1,0,0,0,0,1,1,0,1,0,1,1,1,0,1,1,1,1,0,0,1,1,0,1,1,0,1,0,0,0,1,1,1,1,1,1,1,0,1,1,1,1
"InChI=1S/C11H12N4O3S/c1-6-14-7(4-19-6)3-15(2)10(16)8-9(11(17)18)13-5-12-8/h4-5H,3H2,1-2H3,(H,12,13)(H,17,18)",0,0,0,0,0,0,0,0,0,0,0,0,0,0,0,0,0,0,0,0,0,0,0,0,0,0,0,0,0,0,0,0,0,0,0,1,0,0,0,0,0,0,0,0,1,0,1,0,0,0,0,0,0,1,0,0,0,0,0,0,0,0,0,0,1,0,0,0,0,0,0,0,0,0,0,1,1,1,1,1,1,0,1,0,1,1,0,1,0,0,0,1,1,0,1,1,1,0,1,1,0,0,0,0,0,0,0,1,0,1,1,0,0,0,1,0,1,0,1,1,1,1,1,0,1,0,0,0,0,0,1,0,0,0,0,1,1,1,1,1,1,1,0,1,0,1,0,1,1,1,1,0,1,1,1,1,1,1,1,1,1,0,0,1,1,1
"InChI=1S/C11H12N4O3S/c1-4-3-6(18-15-4)8-5(2)7(9(12)16)10(19-8)14-11(13)17/h3H,1-2H3,(H2,12,16)(H3,13,14,17)",0,0,0,0,0,0,0,0,0,0,0,0,0,0,0,0,0,0,0,0,1,0,0,1,0,0,0,0,0,0,0,0,0,0,0,1,1,0,0,0,0,0,1,0,1,0,1,0,0,1,0,0,1,0,0,0,1,0,0,0,0,1,0,0,1,0,0,0,0,0,1,0,0,0,0,1,1,1,0,1,1,0,1,0,0,0,0,1,0,0,0,1,0,1,0,1,1,0,1,0,0,1,0,0,0,1,0,1,0,1,0,0,0,0,0,0,1,0,1,1,1,0,0,1,1,0,0,0,0,1,1,0,1,0,1,0,1,0,1,1,1,1,0,1,0,1,0,0,1,1,1,1,0,0,0,1,1,1,1,1,1,0,0,1,1,1
"InChI=1S/C11H12N4O3S/c12-10-4-1-7-5-8(2-3-9(7)15-10)19(17,18)14-6-11(13)16/h1-5,14H,6H2,(H2,12,15)(H2,13,16)",0,0,0,0,0,0,0,0,0,0,0,0,0,0,0,0,0,0,0,0,0,0,0,0,0,1,0,0,0,0,0,1,1,0,0,0,0,1,0,0,0,0,1,0,1,0,0,0,0,1,1,0,0,1,1,0,0,1,1,1,1,0,0,1,1,0,1,0,0,0,0,0,1,0,0,1,1,1,1,0,1,1,0,0,0,0,0,1,0,0,0,1,0,1,1,0,0,1,1,1,0,1,0,1,1,1,0,0,0,1,1,1,0,0,0,0,1,0,1,1,1,0,0,1,1,0,0,0,0,1,1,1,1,0,1,1,1,1,1,1,0,1,0,0,1,1,0,1,0,0,1,0,1,0,1,1,1,1,1,0,1,0,1,1,1,1
"InChI=1S/C11H12N4O3S/c1-15-7-9(10(12)16)11(13-15)14-19(17,18)8-5-3-2-4-6-8/h2-7H,1H3,(H2,12,16)(H,13,14)",0,0,0,0,0,0,0,0,0,0,0,0,0,0,0,0,0,0,0,0,0,0,0,0,0,0,0,0,0,0,0,1,1,0,0,0,0,1,0,0,0,0,1,0,1,0,0,0,0,1,1,1,1,0,1,0,0,1,1,1,1,0,0,1,1,0,1,0,0,0,0,0,1,0,1,1,1,1,1,1,1,0,1,0,0,0,0,1,0,0,0,1,1,1,0,1,1,0,1,0,0,1,0,0,0,1,0,0,0,1,0,1,0,0,0,0,1,0,1,1,1,1,0,1,1,0,0,0,0,1,1,0,1,0,1,1,1,0,1,1,1,1,0,1,1,1,0,1,1,1,1,0,0,0,0,1,1,1,1,1,1,0,1,1,1,1
"InChI=1S/C11H12N4O3S/c1-15-7(2-4-13-15)6-12-11(18)14-9-8(10(16)17)3-5-19-9/h2-5H,6H2,1H3,(H,16,17)(H2,12,14,18)",0,0,0,0,0,0,0,0,0,0,0,0,0,0,0,0,0,0,0,0,1,0,0,0,0,0,0,0,0,0,0,0,0,0,0,1,1,0,0,0,0,0,1,0,1,0,1,0,0,1,0,1,1,0,0,0,0,0,0,0,0,0,0,0,1,0,0,0,0,0,0,0,0,0,1,1,1,1,1,1,1,0,1,0,0,0,0,1,0,1,0,0,1,1,0,1,1,0,1,1,0,0,0,0,0,1,0,1,0,1,1,0,0,0,0,1,1,0,1,1,1,1,1,1,1,0,0,0,0,1,1,0,1,0,1,1,1,1,1,1,1,1,0,1,0,1,0,1,1,1,1,0,1,1,1,1,1,1,1,1,1,0,0,1,1,1
"InChI=1S/C11H12N4O3S/c12-9(16)2-1-5-13-7-3-4-8-10(14-6-19-8)11(7)15(17)18/h3-4,6,13H,1-2,5H2,(H2,12,16)",0,0,0,0,0,0,0,0,0,0,0,0,0,0,0,0,0,0,0,0,0,0,0,0,0,1,0,0,0,0,0,0,0,0,0,1,0,0,0,0,0,0,1,0,1,0,1,0,0,0,0,0,0,0,0,1,0,0,0,0,0,0,1,0,1,0,0,0,0,1,1,0,0,0,0,1,0,1,1,1,1,1,1,0,0,0,0,1,0,1,1,1,0,1,0,1,1,0,1,1,0,1,0,1,1,0,0,0,0,1,1,0,0,0,0,0,1,1,1,1,1,1,0,1,1,0,0,0,0,1,1,1,1,0,1,1,1,1,1,1,0,1,0,1,1,1,1,1,0,1,1,0,1,0,1,1,1,1,1,0,1,0,1,1,1,1
"InChI=1S/C11H12N4O3S/c1-9-2-4-10(5-3-9)19(17,18)6-11(16)14-15-7-12-13-8-15/h2-5,7-8H,6H2,1H3,(H,14,16)",0,0,0,0,0,0,0,0,0,0,0,0,0,0,0,0,0,0,0,0,0,0,0,0,0,0,0,0,0,0,0,0,0,0,0,0,0,0,0,0,0,0,0,0,0,0,0,0,0,1,1,1,0,0,1,0,0,1,1,1,1,0,0,1,1,0,1,0,0,0,0,0,1,0,1,1,1,1,1,1,1,0,1,0,0,0,0,1,1,0,0,1,0,1,1,1,1,0,1,0,0,1,0,1,0,0,0,0,0,1,1,1,0,0,0,0,1,0,1,1,1,1,0,1,1,0,0,0,0,1,1,1,1,0,1,1,1,1,1,1,1,1,0,0,1,1,0,1,1,0,0,0,1,0,1,1,1,1,1,1,1,0,1,1,1,1
"InChI=1S/C11H12N4O3S/c1-19(17,18)15-9-4-2-8(3-5-9)11(16)13-10-6-7-12-14-10/h2-7,15H,1H3,(H2,12,13,14,16)",0,0,0,0,0,0,0,0,0,0,0,0,0,0,0,0,0,0,0,0,0,0,0,0,0,0,0,0,0,0,0,1,1,0,0,0,0,1,0,0,0,0,0,0,1,0,0,0,0,1,1,1,0,0,1,0,0,1,0,1,1,0,0,0,1,0,1,0,0,0,0,0,1,0,0,1,1,1,1,0,0,0,1,0,0,0,0,1,0,0,0,1,1,1,0,1,1,0,1,0,0,1,0,0,0,1,0,1,0,1,0,1,0,0,0,0,1,0,1,1,1,0,0,1,1,0,0,0,0,1,1,0,1,0,1,1,1,0,1,1,1,1,0,0,1,1,0,1,1,0,1,0,0,0,0,1,1,1,1,1,1,0,1,1,1,1
"InChI=1S/C11H12N4O3S/c12-11-13-9-7(14-3-5-18-6-4-14)1-2-8(15(16)17)10(9)19-11/h1-2H,3-6H2,(H2,12,13)",0,0,0,0,0,0,0,0,0,0,0,0,0,0,0,0,0,0,0,0,0,0,0,0,0,1,0,0,0,0,0,0,0,0,0,1,0,0,0,0,0,0,1,0,1,0,1,0,0,0,0,0,0,0,0,1,1,0,0,0,0,1,1,0,1,0,0,0,0,1,1,0,0,0,1,1,1,1,1,1,1,0,1,0,1,1,0,1,0,0,1,0,0,1,1,1,0,1,1,1,0,1,0,0,1,1,0,0,1,0,1,0,0,0,0,0,0,1,1,1,1,1,0,1,1,0,0,0,1,1,1,1,1,0,1,1,1,1,0,1,0,1,0,0,1,1,1,1,0,0,1,0,1,0,0,1,1,1,1,0,1,0,1,1,1,1
"InChI=1S/C11H12N4O3S/c1-18-10-5-7(12)4-8(11(10)19(13,16)17)9-6-14-2-3-15-9/h2-6H,12H2,1H3,(H2,13,16,17)",0,0,0,0,0,0,0,0,0,0,0,0,0,0,0,0,0,0,0,0,0,0,0,0,0,0,0,0,0,0,0,1,1,0,0,0,0,0,0,0,0,0,0,0,1,0,0,0,0,1,1,0,0,0,1,0,0,1,1,1,1,1,0,1,1,0,1,0,0,0,0,0,1,0,0,1,0,1,1,0,1,0,0,1,0,0,0,1,1,0,0,0,1,1,0,0,1,1,1,0,0,1,0,0,0,1,0,0,0,0,0,1,1,0,0,0,1,0,1,1,1,0,0,1,1,1,1,0,0,1,1,0,1,0,1,1,1,0,0,1,1,1,1,1,1,1,0,1,1,1,1,1,0,0,0,1,1,1,1,1,1,0,1,1,1,1
"InChI=1S/C11H12N4O3S/c1-6-9(11(17)18)10(15-7(2)14-6)19-5-8(16)13-4-3-12/h4-5H2,1-2H3,(H,13,16)(H,17,18)",0,0,0,0,0,0,0,0,0,0,0,0,0,0,0,0,0,0,0,0,0,0,0,0,0,0,0,0,0,0,0,0,0,0,0,0,0,1,0,0,1,0,0,0,1,0,1,0,0,1,0,0,0,0,0,0,0,0,1,0,0,0,0,1,1,0,0,0,0,0,0,0,0,0,0,1,1,1,1,1,1,0,0,0,0,0,0,1,0,1,0,1,0,0,0,0,1,1,1,1,0,0,0,1,0,0,0,0,0,1,1,0,0,0,0,0,1,0,1,1,1,0,1,0,1,0,0,0,1,0,1,1,0,0,0,1,1,1,1,1,1,1,0,1,1,1,0,0,1,1,0,0,1,1,1,1,1,1,1,1,1,0,1,1,1,1
"InChI=1S/C11H12N4O3S/c1-18-9-6-8(12)2-3-10(9)19(16,17)15-11-7-13-4-5-14-11/h2-7H,12H2,1H3,(H,14,15)",0,0,0,0,0,0,0,0,0,0,0,0,0,0,0,0,0,0,0,0,0,0,0,0,0,0,0,0,0,0,0,1,1,0,0,0,0,1,0,0,0,0,0,0,1,0,0,0,0,0,1,0,0,0,1,0,0,1,1,1,1,0,0,1,0,0,1,0,0,0,0,0,1,0,0,1,1,1,1,0,1,0,0,1,0,0,0,1,1,0,0,0,1,1,0,0,1,1,1,0,0,1,0,0,0,1,0,1,0,0,0,1,1,0,0,0,1,0,1,1,1,0,0,1,1,1,1,0,0,1,1,0,1,0,1,1,1,0,0,1,1,1,1,1,1,1,0,1,1,1,1,1,0,0,0,1,1,1,1,1,1,0,1,1,1,1
"InChI=1S/C11H12N4O3S/c12-11(15-16)7-14-19(17,18)10-3-1-2-8-6-13-5-4-9(8)10/h1-6,14,16H,7H2,(H2,12,15)",0,0,0,0,0,0,0,0,0,0,0,0,0,0,0,0,0,0,0,0,0,0,0,1,0,1,0,0,0,0,0,1,1,0,0,0,0,1,0,0,0,0,1,0,1,0,0,0,0,1,1,0,1,1,1,0,0,1,1,1,1,0,0,1,1,0,1,1,1,0,1,0,1,0,0,1,1,1,1,0,1,1,0,0,0,0,0,1,0,1,0,0,0,1,1,0,1,1,1,1,0,1,0,1,1,1,0,0,0,0,1,1,0,0,0,0,1,0,1,1,1,0,0,1,1,0,0,0,0,1,1,0,0,0,0,1,1,1,1,1,0,1,0,0,1,1,0,1,0,0,1,0,1,0,1,1,0,1,1,0,1,0,1,1,1,1
"InChI=1S/C11H12N4O3S/c12-11-14-10(16)9(19-11)4-5-13-7-2-1-3-8(6-7)15(17)18/h1-3,6,9,13H,4-5H2,(H2,12,14,16)",0,0,0,0,0,0,0,0,0,0,0,0,0,0,0,0,0,0,0,0,0,0,0,0,0,0,0,0,0,0,0,0,0,0,0,1,0,0,0,0,0,0,0,0,1,0,1,0,0,0,0,0,1,0,0,1,0,0,0,0,0,0,1,0,0,0,0,0,0,1,1,0,0,0,0,1,1,1,0,1,1,1,1,0,0,0,0,1,0,1,1,1,0,1,0,1,1,0,1,1,0,1,0,1,0,1,0,0,0,1,1,0,0,0,0,0,1,1,1,1,1,1,0,1,1,0,1,0,0,1,1,0,1,0,1,1,1,1,1,1,0,1,1,0,1,1,1,1,0,1,1,0,1,0,1,1,1,1,1,0,1,0,1,1,1,1
"InChI=1S/C11H12N4O3S/c1-2-5-12-11(19)14-13-7-8-3-4-10(16)9(6-8)15(17)18/h2-4,6-7,13H,1,5H2,(H2,12,14,19)",0,0,0,0,0,0,0,0,0,0,0,0,0,0,0,0,0,0,0,0,0,0,0,0,0,0,0,0,0,0,0,0,0,1,0,0,0,0,0,0,0,0,1,0,1,0,1,0,0,1,0,1,0,1,0,1,0,0,0,0,0,0,1,0,0,0,0,1,1,1,1,0,0,0,0,1,1,1,1,0,1,0,0,0,0,0,0,1,1,1,1,0,0,1,1,0,0,0,1,1,0,1,0,0,0,1,0,0,0,0,0,0,0,0,0,0,0,0,1,0,0,1,0,1,0,0,1,0,0,1,1,0,1,0,0,1,0,1,0,1,0,1,1,0,1,1,0,1,0,1,1,1,1,1,1,1,0,1,1,0,1,0,1,1,1,1
"InChI=1S/C11H12N4O3S/c1-6-8(9(16)17)19-10(13-6)14-5-12-15(11(14)18)4-7-2-3-7/h5,7H,2-4H2,1H3,(H,16,17)",0,0,0,0,0,0,0,0,0,0,0,0,0,0,0,0,0,0,0,0,0,1,0,0,0,0,0,0,0,0,0,0,0,0,0,1,1,0,0,0,0,0,0,0,1,0,1,0,0,0,0,1,0,0,0,0,0,0,0,0,0,1,0,0,1,0,0,0,0,0,0,0,0,0,1,1,1,1,1,1,1,0,1,0,1,0,0,1,0,0,0,0,0,1,1,1,1,0,1,1,0,0,0,0,0,1,0,0,0,1,1,0,1,0,0,0,1,0,1,1,1,1,1,1,1,0,1,0,0,1,1,0,1,0,1,1,1,1,1,1,1,1,1,1,0,1,0,1,1,1,0,0,1,1,1,1,1,1,1,1,1,0,0,1,1,1
"InChI=1S/C11H12N4O3S/c16-11-2-1-9(7-13-11)19(17,18)15-6-5-14-4-3-12-10(14)8-15/h1-4,7H,5-6,8H2,(H,13,16)",0,0,0,0,0,0,0,0,0,0,0,0,0,0,0,0,0,0,0,0,0,0,0,0,0,0,0,0,0,0,0,1,1,0,0,0,0,1,0,0,0,0,0,0,1,0,0,0,0,0,1,0,0,0,1,0,0,1,1,1,1,0,0,1,1,0,1,0,0,0,0,0,1,0,1,1,1,1,1,1,1,0,1,0,1,1,0,1,0,0,0,1,0,1,0,1,1,1,1,1,0,1,0,0,1,1,0,0,0,1,1,1,1,0,0,0,1,1,1,1,1,1,0,1,1,0,1,0,1,1,1,0,0,0,0,1,1,1,1,1,0,1,1,1,1,1,1,1,0,0,0,0,1,0,0,1,1,1,1,0,1,0,1,1,1,1
"InChI=1S/C11H12N4O3S/c1-15-5-6(12)8(14-15)10(16)13-7-3-4-19-9(7)11(17)18-2/h3-5H,12H2,1-2H3,(H,13,16)",0,0,0,0,0,0,0,0,0,0,0,0,0,0,0,0,0,0,0,0,0,0,0,0,0,0,0,0,0,0,0,0,0,0,0,1,0,0,0,0,0,0,0,0,1,0,0,0,0,0,0,1,1,0,0,0,0,0,0,0,0,0,0,0,1,0,0,0,0,0,0,0,0,0,1,1,0,1,1,1,1,0,1,1,0,0,0,1,0,0,0,1,1,1,1,1,1,0,1,0,0,0,0,0,0,0,0,0,0,1,0,0,0,0,0,0,1,0,1,1,1,1,1,1,1,1,0,0,0,1,1,0,1,0,1,1,1,0,0,1,1,1,0,1,0,1,0,1,1,1,1,0,0,1,0,1,1,1,1,1,1,0,0,1,1,1
"InChI=1S/C11H12N4O3S/c16-11(18-8-9-4-2-1-3-5-9)17-7-6-15-10(19)12-13-14-15/h1-5H,6-8H2,(H,12,14,19)",0,0,0,0,0,0,0,0,0,0,0,0,0,0,1,0,0,0,0,0,0,0,0,0,0,0,0,0,0,0,0,0,0,0,0,0,0,0,0,0,0,0,0,0,0,0,1,0,0,1,0,1,0,0,0,0,0,0,1,0,0,0,0,1,1,0,0,0,0,1,0,0,0,0,1,1,1,1,1,1,1,0,1,0,0,0,0,1,0,1,1,0,0,1,1,1,1,0,1,1,0,0,0,0,0,1,0,0,1,0,1,0,0,0,0,0,0,1,1,1,1,1,1,1,1,1,0,1,0,1,1,1,0,0,0,1,1,1,0,1,0,1,0,1,1,1,1,1,0,1,0,0,1,1,1,1,1,1,1,0,1,0,1,1,1,1
"InChI=1S/C11H12N4O3S/c1-6-14-9(4-19-6)10(16)15-8(11(17)18)2-7-3-12-5-13-7/h3-5,8H,2H2,1H3,(H,12,13)(H,15,16)(H,17,18)",0,0,0,0,0,0,0,0,0,0,0,0,0,0,0,0,0,0,0,0,0,0,0,0,0,0,0,0,0,0,0,0,0,0,0,1,0,0,0,0,0,0,0,0,1,0,1,0,0,0,0,0,0,0,0,0,0,0,0,0,0,0,0,0,1,0,0,0,0,0,0,0,0,0,0,1,1,1,1,1,1,0,1,0,0,0,0,1,0,1,1,1,0,0,1,1,0,0,1,0,0,0,0,1,0,0,0,0,0,1,1,0,0,0,0,0,1,0,1,1,1,0,1,0,1,0,0,0,0,0,1,0,0,0,0,1,1,0,1,1,1,1,0,0,0,1,0,0,1,0,1,0,0,1,1,1,1,1,1,1,1,0,0,1,1,1
"InChI=1S/C11H12N4O3S/c1-7-3-8(15(17)18)4-12-10(7)19-11-13-5-9(6-16)14(11)2/h3-5,16H,6H2,1-2H3",0,0,0,0,0,0,0,0,0,0,0,0,0,0,0,0,0,0,0,0,0,0,0,0,0,0,0,0,0,0,0,0,0,0,0,0,0,0,0,0,0,0,0,0,1,0,1,0,0,1,0,0,0,0,0,1,0,0,1,0,0,0,1,1,1,0,0,0,0,1,1,0,0,0,1,1,1,1,1,1,1,1,1,0,1,0,0,1,0,0,0,0,1,1,1,1,1,1,1,0,0,1,0,0,0,1,0,1,1,0,1,0,0,0,0,1,0,0,1,1,1,1,0,1,1,0,0,0,0,1,1,0,1,0,1,1,1,1,1,1,1,1,0,1,1,1,0,1,1,1,0,0,1,0,1,1,1,1,1,1,1,0,1,1,1,1
"InChI=1S/C11H12N4O3S/c1-14-9-8(10(17)15(2)11(14)18)6(3-4-13-9)19-5-7(12)16/h3-4H,5H2,1-2H3,(H2,12,16)",0,0,0,0,0,0,0,0,0,0,0,0,0,0,0,0,0,0,0,0,0,0,0,0,0,1,0,0,0,0,0,0,0,0,0,0,1,1,0,0,0,0,1,0,1,0,0,0,0,1,0,0,0,0,0,0,0,0,1,0,0,0,0,1,1,0,0,0,0,0,0,0,0,0,1,1,1,1,0,1,1,0,0,0,1,0,0,1,1,0,0,1,1,0,0,0,1,1,1,0,0,0,0,1,1,1,0,1,0,1,1,0,1,0,0,0,1,0,1,1,1,1,0,0,1,0,1,0,0,0,1,1,0,0,0,1,1,1,1,1,1,1,1,1,1,1,0,1,1,1,1,0,1,1,1,1,1,1,1,1,1,0,1,1,1,1
"InChI=1S/C11H12N4O3S/c16-11(15-8-4-7-12-9-15)13-14-19(17,18)10-5-2-1-3-6-10/h1-7,9,14H,8H2,(H,13,16)",0,0,0,0,0,0,0,0,0,0,0,0,0,0,0,0,0,0,0,0,0,0,0,0,0,0,0,0,0,0,0,1,1,0,0,0,1,0,0,0,0,0,0,0,1,0,1,0,0,0,1,1,0,1,1,0,0,1,1,1,1,0,0,1,0,0,1,0,1,1,0,0,1,0,1,1,1,1,1,1,1,0,0,0,1,0,0,1,0,1,1,0,0,1,1,0,1,1,1,1,0,1,0,0,0,1,0,0,0,1,0,1,0,0,0,0,1,0,1,1,1,1,0,1,1,0,0,0,0,1,1,0,0,0,0,1,1,1,1,1,0,1,0,0,1,1,0,1,0,0,1,0,1,0,0,1,1,1,1,0,1,0,1,1,1,1
"InChI=1S/C11H12N4O3S/c1-7(8-2-3-19-6-8)12-11(18)9-4-15(14-13-9)5-10(16)17/h2-4,6-7H,5H2,1H3,(H,12,18)(H,16,17)",0,0,0,0,0,0,0,0,0,0,0,0,0,0,0,0,0,0,0,0,0,0,0,0,0,0,0,0,0,0,0,0,0,0,0,1,0,0,0,0,0,0,0,0,1,0,0,0,0,1,0,1,0,0,0,0,0,0,0,0,0,0,0,0,1,0,0,0,0,1,0,0,0,0,1,1,1,1,1,1,0,0,1,0,0,0,0,1,0,0,0,1,0,1,1,1,1,0,1,1,0,0,0,1,0,0,0,0,0,1,1,0,0,0,0,0,1,0,1,1,1,1,1,1,1,0,0,0,0,1,1,1,0,0,0,1,1,1,1,1,1,1,0,0,0,1,0,1,1,0,0,0,1,1,1,1,1,1,1,1,1,0,0,1,1,1
"InChI=1S/C11H12N4O3S/c1-14-8(12)7(10(17)15(2)11(14)18)13-9(16)6-4-3-5-19-6/h3-5H,12H2,1-2H3,(H,13,16)",0,0,0,0,0,0,0,0,0,0,0,0,0,0,0,0,0,0,0,0,1,0,0,0,0,0,0,0,0,0,0,0,0,0,0,1,1,1,0,0,0,0,0,0,1,0,0,0,0,0,0,0,0,1,0,0,0,0,0,0,0,0,0,0,1,0,0,0,0,0,0,0,0,0,1,1,1,0,1,1,1,0,1,1,1,0,0,1,1,0,0,1,1,0,1,1,1,1,1,0,0,0,0,0,0,1,0,0,0,1,0,0,1,0,0,0,1,0,0,1,1,1,0,0,1,0,1,0,0,0,1,0,1,0,1,1,1,0,0,1,1,1,1,1,1,1,0,1,1,1,1,0,0,1,0,1,0,1,1,1,1,0,1,1,1,1
"InChI=1S/C11H12N4O3S/c1-2-18-8(17)3-7(16)4-19-11-9-10(13-5-12-9)14-6-15-11/h5-6H,2-4H2,1H3,(H,12,13,14,15)",0,0,0,0,0,0,0,0,0,0,0,0,0,0,0,0,0,0,0,0,1,0,0,0,0,1,0,0,0,0,0,0,0,0,0,0,0,1,0,0,0,0,0,0,1,0,1,0,0,0,0,0,0,0,0,0,0,0,1,0,0,0,0,1,1,0,0,0,0,0,0,0,0,0,0,1,1,1,1,1,1,0,1,0,0,0,0,1,1,0,0,0,0,0,0,1,0,1,1,0,0,0,0,0,1,0,0,1,1,0,0,0,0,1,0,0,0,0,1,1,1,0,1,0,1,1,0,0,1,0,1,1,0,0,0,1,1,1,0,1,1,1,0,0,1,1,0,0,1,0,1,1,1,1,1,1,1,1,1,1,1,0,1,1,1,1
"InChI=1S/C11H12N4O3S/c1-18-8-5-14-11(15-6-8)9-4-7(12)2-3-10(9)19(13,16)17/h2-6H,12H2,1H3,(H2,13,16,17)",0,0,0,0,0,0,0,0,0,0,0,0,0,0,0,0,0,0,0,0,0,0,0,0,0,0,0,0,0,0,0,1,1,0,0,0,0,1,0,0,0,0,0,0,1,0,0,0,0,1,1,0,0,0,1,0,0,1,1,1,1,1,0,1,1,0,1,0,0,0,0,0,1,0,0,1,1,1,0,0,1,0,0,1,0,0,0,1,0,0,0,0,1,1,1,0,0,1,1,0,0,1,0,0,0,1,0,0,0,0,0,1,1,0,0,0,1,0,1,1,1,0,0,1,1,1,1,0,0,1,1,0,1,0,1,1,1,0,0,1,1,1,1,1,1,1,0,1,1,1,1,1,0,0,0,1,1,1,1,1,1,0,1,1,1,1
"InChI=1S/C11H12N4O3S/c16-11(14-10-6-7-12-15-10)8-13-19(17,18)9-4-2-1-3-5-9/h1-7,13H,8H2,(H2,12,14,15,16)",0,0,0,0,0,0,0,0,0,0,0,0,0,0,0,0,0,0,0,0,0,0,0,0,0,0,0,0,0,0,0,1,1,0,0,0,0,1,0,0,0,0,0,0,1,0,0,0,0,0,1,1,0,0,1,0,0,1,1,1,1,0,0,1,0,0,1,1,1,0,0,0,1,0,0,1,1,1,1,0,1,1,1,0,0,0,0,1,0,0,1,1,0,1,1,1,1,0,1,1,0,1,0,0,0,1,0,0,0,1,1,1,0,0,0,0,1,0,1,1,1,0,0,1,1,0,0,0,0,1,1,1,1,0,0,1,1,1,0,1,0,1,0,0,1,1,0,1,0,0,1,0,1,1,1,1,0,1,1,0,1,0,1,1,1,1
"InChI=1S/C11H12N4O3S/c16-9-2-8(13-11-15(9)12-6-19-11)5-14-3-7(4-14)1-10(17)18/h2,6-7H,1,3-5H2,(H,17,18)",0,0,0,0,0,0,0,1,0,0,1,0,0,0,0,0,0,0,0,0,0,0,0,0,0,0,0,0,0,0,0,0,0,0,0,1,0,0,0,0,0,0,0,0,1,0,1,0,0,0,0,1,0,0,0,0,0,0,0,0,0,0,0,0,1,0,0,0,0,0,0,0,0,0,1,1,1,1,1,1,1,0,1,0,1,1,0,1,0,0,1,1,0,1,1,1,1,1,1,1,0,0,0,1,1,1,0,0,0,1,1,0,1,0,0,0,1,0,1,1,1,1,1,1,1,0,1,1,0,1,1,1,0,0,0,1,1,1,1,1,0,1,1,0,1,1,0,1,0,0,0,0,1,1,1,1,1,1,1,0,1,0,1,1,1,1
"InChI=1S/C11H12N4O3S/c1-18-10-6-13-11(14-7-10)19(16,17)15-9-4-2-8(12)3-5-9/h2-7,15H,12H2,1H3",0,0,0,0,0,0,0,0,0,0,0,0,0,0,0,0,0,0,0,0,0,0,0,0,0,0,0,0,0,0,0,1,1,0,0,0,0,0,0,0,0,0,0,0,1,0,1,0,0,0,1,0,0,0,1,0,0,1,1,1,1,0,0,1,1,0,1,0,0,0,0,0,1,0,0,1,1,1,1,0,1,0,0,1,0,0,0,1,0,0,0,0,1,1,1,0,0,1,1,0,0,1,0,0,0,1,0,0,0,0,0,1,1,0,0,0,1,0,1,1,1,0,0,1,1,1,1,0,0,1,1,0,1,0,1,1,1,0,0,1,1,1,1,0,1,1,0,1,1,0,1,1,0,0,0,1,1,1,1,1,1,0,1,1,1,1
"InChI=1S/C11H12N4O3S/c1-7(16)12-8(10(17)18)6-19-11-14-13-9-4-2-3-5-15(9)11/h2-5,8H,6H2,1H3,(H,12,16)(H,17,18)",0,0,0,0,0,0,0,0,0,0,0,0,0,0,0,0,0,0,0,0,0,0,0,0,0,0,0,0,0,0,0,0,0,0,0,0,0,1,0,0,0,0,0,0,1,0,1,0,0,0,0,1,0,0,0,0,0,0,1,0,0,0,0,1,1,0,0,0,0,0,0,0,0,0,0,0,1,1,1,0,1,0,1,0,1,0,0,1,0,1,1,1,0,1,1,1,0,1,1,0,0,0,0,0,1,1,0,1,0,1,1,0,0,0,0,0,1,0,1,1,1,1,1,1,1,0,0,0,0,1,1,0,0,0,0,1,1,1,1,1,1,1,0,0,1,1,0,1,1,0,0,0,1,1,1,1,1,1,1,1,1,0,1,1,1,1
"InChI=1S/C11H12N4O3S/c16-9(14-15-7-19-6-10(15)17)5-13-11(18)8-1-3-12-4-2-8/h1-4H,5-7H2,(H,13,18)(H,14,16)",0,0,0,0,0,0,0,0,0,0,0,0,0,0,0,0,0,0,0,0,0,0,0,0,0,0,0,1,0,0,0,0,0,0,0,1,0,0,0,0,0,0,0,0,1,0,1,0,0,1,0,1,0,1,0,0,0,0,0,0,0,0,0,0,1,0,0,0,0,0,0,0,0,0,1,1,0,1,1,1,0,1,1,0,0,1,0,1,0,0,1,1,0,1,1,1,0,1,1,1,0,0,0,1,0,0,0,0,0,1,1,0,0,0,0,0,1,0,1,1,1,1,0,1,1,0,1,1,0,1,1,1,1,0,0,1,1,1,1,1,0,1,1,0,1,1,0,1,0,1,1,0,1,1,1,1,1,1,1,0,1,0,1,1,1,1
"InChI=1S/C11H12N4O3S/c1-12-11(16)8-3-2-4-9(5-8)15-19(17,18)10-6-13-7-14-10/h2-7,15H,1H3,(H,12,16)(H,13,14)",0,0,0,0,0,0,0,0,0,0,0,0,0,0,0,0,0,0,0,0,1,0,0,0,0,0,0,0,0,0,0,1,1,0,0,0,0,0,0,0,0,0,0,0,1,0,1,0,0,1,1,0,0,1,1,0,0,1,1,1,1,0,0,1,1,0,1,0,0,0,0,0,1,0,0,1,1,1,1,1,1,0,1,0,0,0,0,1,0,0,0,1,1,1,1,1,1,0,1,0,0,1,0,0,0,1,0,1,0,1,0,1,0,0,0,0,1,0,1,1,1,0,0,1,1,0,0,0,0,1,1,0,1,0,1,1,1,0,1,1,1,1,0,0,1,1,0,1,1,0,1,0,0,0,0,1,1,1,1,1,1,0,1,1,1,1
"InChI=1S/C11H12N4O3S/c1-5-9(11(16)17)10(13-6(2)12-5)19-4-8-15-14-7(3)18-8/h4H2,1-3H3,(H,16,17)",0,0,0,0,0,0,0,0,0,0,0,0,0,0,0,0,0,0,0,0,0,0,0,0,0,0,0,0,0,0,0,0,0,0,0,0,0,1,0,0,0,0,0,0,1,0,1,0,0,1,0,1,0,0,0,0,1,0,1,0,0,0,0,1,1,0,0,0,0,0,0,0,0,0,0,1,1,1,0,1,1,0,1,0,0,0,0,1,0,0,0,1,0,1,1,1,1,1,1,0,0,0,0,0,0,0,0,1,0,1,1,0,0,0,0,0,1,0,1,1,1,0,1,1,1,0,0,0,0,1,1,1,0,0,0,1,1,1,1,1,1,1,0,1,1,1,0,0,1,1,0,0,1,1,1,1,1,1,1,1,1,0,1,1,1,1
"InChI=1S/C11H12N4O3S/c1-18-10-5-6-13-11(14-10)15-19(16,17)9-4-2-3-8(12)7-9/h2-7H,12H2,1H3,(H,13,14,15)",0,0,0,0,0,0,0,0,0,0,0,0,0,0,0,0,0,0,0,0,0,0,0,0,1,0,0,0,0,0,0,1,1,0,0,0,0,0,0,0,0,0,0,0,1,0,0,0,0,0,1,0,0,0,1,0,0,1,1,1,1,0,0,1,1,0,1,0,0,0,0,0,1,0,0,1,1,1,0,0,1,0,0,1,0,0,0,1,0,0,0,1,1,1,0,0,1,1,1,0,0,1,0,0,0,1,0,1,0,1,0,1,1,0,0,0,1,0,1,1,1,0,0,1,1,1,1,0,0,1,1,0,1,0,1,1,1,0,0,1,1,1,1,0,1,1,0,1,1,0,1,0,0,0,0,1,1,1,1,1,1,0,1,1,1,1
"InChI=1S/C11H12N4O3S/c1-18-9-5-8(3-4-10(9)19-2)6-14-7-12-11(13-14)15(16)17/h3-5,7H,6H2,1-2H3",0,0,0,0,0,0,0,0,0,0,0,0,0,0,0,0,0,0,0,0,0,0,0,0,1,0,0,0,0,0,0,0,0,0,0,0,0,0,0,0,0,0,0,0,0,0,0,0,0,1,0,1,0,0,0,1,0,0,1,0,0,0,1,1,1,0,0,0,0,1,1,0,0,0,1,1,1,1,1,0,1,0,1,0,0,0,0,1,0,0,0,0,1,1,1,1,1,0,1,1,0,1,0,0,0,1,0,1,0,0,1,0,1,0,0,0,0,0,1,1,1,1,0,1,1,1,1,0,0,1,0,0,1,0,1,1,1,1,0,1,1,1,1,1,1,1,0,1,1,1,0,1,1,0,1,1,1,1,1,1,1,0,1,1,1,1
"InChI=1S/C11H12N4O3S/c1-6-13-8(3-9(14-6)18-2)12-4-10-15-7(5-19-10)11(16)17/h3,5H,4H2,1-2H3,(H,16,17)(H,12,13,14)",0,0,0,0,0,0,0,0,0,0,0,0,0,0,0,0,0,0,0,0,1,0,0,0,0,0,0,0,0,0,0,0,0,0,0,1,0,1,0,0,0,0,0,0,1,0,1,0,0,0,0,0,0,0,0,0,0,0,0,0,0,0,0,0,1,0,0,0,0,0,0,0,0,0,0,1,1,1,1,1,1,1,1,0,0,0,0,1,0,0,0,1,1,0,1,1,1,1,1,1,0,0,0,0,0,0,0,1,0,1,1,0,1,0,0,0,1,0,1,1,1,0,1,0,1,1,1,0,0,0,1,0,1,0,1,1,1,1,1,1,1,1,1,0,1,1,0,0,1,0,1,0,1,1,1,1,1,1,1,1,1,0,1,1,1,1
"InChI=1S/C11H12N4O3S/c1-17-9-6-4-3-5-8(9)15-11(12-13-14-15)19-7-10(16)18-2/h3-6H,7H2,1-2H3",0,0,0,0,0,0,0,0,0,0,0,0,0,0,0,0,0,0,0,0,0,0,0,0,0,0,0,0,0,0,0,0,0,0,0,0,0,0,0,0,0,0,0,0,1,0,1,0,0,0,0,1,0,0,0,0,0,0,1,0,0,1,0,1,1,0,0,0,0,1,0,0,0,0,1,1,1,1,1,1,1,0,1,0,0,0,0,1,0,0,0,0,1,1,1,1,1,0,1,0,0,0,0,0,0,1,0,1,0,0,0,0,1,0,0,1,0,0,1,1,1,1,1,1,1,1,1,0,0,1,0,1,1,0,1,1,1,1,0,1,1,1,1,1,1,1,0,1,1,1,0,1,1,1,1,1,1,1,1,1,1,0,1,1,1,1
"InChI=1S/C11H12N4O3S/c12-19(17,18)7-8-1-3-9(4-2-8)14-11(16)10-5-6-13-15-10/h1-6H,7H2,(H,13,15)(H,14,16)(H2,12,17,18)",0,0,0,0,0,0,0,0,0,0,0,0,0,0,0,0,0,0,0,0,0,0,0,0,0,0,0,0,0,0,0,1,1,0,0,0,0,0,0,0,0,0,0,0,1,0,0,0,0,1,1,1,1,0,1,0,0,1,0,1,1,0,0,0,1,0,1,0,0,0,0,0,1,0,0,1,0,1,1,1,0,0,1,1,0,0,0,1,0,0,0,1,0,1,1,1,1,0,1,0,0,1,0,1,0,1,0,0,0,1,1,1,0,0,0,0,1,0,1,1,1,0,0,1,1,0,0,0,0,1,1,1,1,0,1,1,1,1,1,1,0,1,0,0,1,1,0,1,0,0,1,0,1,0,1,1,1,1,1,0,1,0,1,1,1,1
"InChI=1S/C11H12N4O3S/c1-14(2)10(16)8-3-4-15(13-8)5-7-6-19-9(12-7)11(17)18/h3-4,6H,5H2,1-2H3,(H,17,18)",0,0,0,0,0,0,0,0,0,0,0,0,0,0,0,0,0,0,0,0,0,0,0,0,0,0,0,0,0,0,0,0,0,0,0,1,0,0,0,0,0,0,0,0,1,0,1,0,0,0,0,1,0,0,0,0,0,0,0,0,0,0,0,0,1,0,0,0,0,0,0,0,0,1,1,1,0,1,1,1,1,0,1,0,1,1,0,1,0,0,0,1,1,1,1,1,1,0,1,1,0,0,0,0,0,0,0,1,0,1,1,0,0,0,0,0,1,0,1,1,1,1,1,1,1,0,0,0,0,1,1,0,0,0,0,1,1,1,1,1,1,1,0,0,0,1,0,1,1,0,0,0,1,1,1,1,1,1,1,1,1,0,0,1,1,1
"InChI=1S/C11H12N4O3S/c1-6(11(16)12-2)14-7-3-4-8-9(13-5-19-8)10(7)15(17)18/h3-6,14H,1-2H3,(H,12,16)",0,0,0,0,0,0,0,0,0,0,0,0,0,0,0,0,0,0,0,0,0,0,0,0,0,1,0,0,0,0,0,0,0,0,0,1,0,0,0,0,0,0,0,0,1,0,1,0,0,0,0,0,0,1,0,1,0,0,0,0,0,0,1,0,1,0,0,0,0,1,1,0,0,0,0,1,0,1,1,1,1,0,1,0,0,0,0,1,0,0,0,1,1,1,1,1,1,0,1,0,0,1,0,0,1,0,0,1,0,1,0,0,0,0,0,0,1,0,1,1,1,1,0,1,1,0,0,0,0,1,1,0,1,0,1,1,1,0,1,1,1,1,0,1,1,1,0,1,1,1,1,0,0,0,0,1,1,1,1,1,1,0,1,1,1,1
"InChI=1S/C11H12N4O3S/c1-5-7(3-13-15-5)10(16)12-4-8-14-6(2)9(19-8)11(17)18/h3H,4H2,1-2H3,(H,12,16)(H,13,15)(H,17,18)",0,0,0,0,0,0,0,0,0,0,0,0,0,0,0,0,0,0,0,0,0,0,0,0,0,0,0,0,0,0,0,0,0,0,0,1,0,0,0,0,0,0,0,0,1,0,1,0,0,1,0,1,1,0,0,0,0,0,0,0,0,0,0,0,1,0,0,0,0,0,0,0,0,0,0,1,0,1,1,1,1,0,1,0,0,0,0,1,0,1,0,1,0,1,0,1,1,0,1,1,0,0,0,0,0,0,0,1,0,1,1,0,0,0,0,0,1,0,1,1,1,0,1,1,1,0,0,0,0,1,1,0,0,0,0,1,1,1,1,1,1,1,0,1,0,1,0,0,1,1,1,0,1,1,1,1,1,1,1,1,1,0,0,1,1,1
"InChI=1S/C11H12N4O3S/c1-4-5-9(16)18-8-6-14(3)11(17)15(8)10-13-12-7(2)19-10/h8H,6H2,1-3H3",0,0,0,0,0,0,0,0,0,0,0,0,0,0,0,0,1,0,0,0,0,0,0,0,0,0,0,0,0,0,0,0,0,0,0,1,1,0,0,0,0,0,0,0,0,0,1,0,0,0,0,1,0,0,0,0,0,0,0,0,0,1,0,0,1,0,0,0,0,0,0,0,0,0,1,0,1,1,1,1,1,0,1,0,1,1,0,1,1,0,0,1,1,1,1,1,1,0,0,1,0,0,0,0,0,1,0,1,0,1,0,0,0,0,1,0,1,0,1,1,1,1,1,1,1,1,1,0,0,1,0,1,1,0,1,1,1,1,0,1,1,1,1,0,0,1,0,1,1,1,0,0,1,1,0,1,1,1,1,1,1,0,0,1,1,1
"InChI=1S/C11H12N4O3S/c12-8-4-10(17)14-11(19-6-9(13)16)15(8)5-7-2-1-3-18-7/h1-4H,5-6,12H2,(H2,13,16)",0,0,0,0,0,0,0,0,0,0,0,0,0,0,0,0,0,0,0,0,1,0,0,0,0,0,0,0,0,0,0,0,0,0,0,0,0,1,0,0,0,0,1,0,1,0,1,0,0,0,0,0,0,0,0,0,1,0,1,0,0,0,0,1,1,0,0,0,0,0,0,0,0,0,1,1,1,1,0,1,1,0,1,1,1,0,0,1,0,1,0,1,0,0,1,1,1,1,1,1,0,0,0,1,0,1,0,0,0,1,1,0,1,0,0,0,1,0,1,1,1,1,0,0,1,0,1,1,0,0,1,1,1,0,1,1,1,1,1,1,0,1,1,1,1,1,0,1,0,1,1,1,1,1,1,1,1,1,1,0,1,0,1,1,1,1
"InChI=1S/C11H12N4O3S/c1-11(19(17,18)14-10(12)16)7-9(13-15-11)8-5-3-2-4-6-8/h2-7H,1H3,(H3,12,14,16)",0,0,0,0,0,0,0,0,0,0,0,0,0,0,0,0,0,0,0,0,0,0,0,0,0,0,0,0,0,0,0,1,1,0,0,0,1,0,0,0,0,0,1,0,1,0,1,0,0,1,1,1,0,0,1,0,0,1,0,1,1,1,0,1,0,0,1,0,0,0,0,0,1,0,0,1,1,1,1,1,1,0,1,0,0,0,0,1,1,0,0,0,0,1,1,1,1,0,1,0,0,1,0,0,0,1,0,0,0,1,0,1,0,0,0,0,1,0,1,1,1,0,0,1,1,0,0,0,0,1,1,0,0,0,0,1,1,0,1,1,1,1,0,0,1,1,0,1,1,0,1,0,0,0,0,1,1,1,1,1,1,0,1,1,1,1
"InChI=1S/C11H12N4O3S/c1-2-15-4-3-12-9(10(15)16)13-5-8-14-7(6-19-8)11(17)18/h3-4,6H,2,5H2,1H3,(H,12,13)(H,17,18)",0,0,0,0,0,0,0,0,0,0,0,0,0,0,0,0,0,0,0,0,0,0,0,0,0,0,0,0,0,0,0,0,0,0,0,1,0,1,0,0,0,0,0,0,1,0,1,0,0,0,0,0,0,0,0,0,0,0,0,0,0,0,0,0,1,0,0,0,0,0,0,0,0,0,1,1,1,1,1,0,1,0,1,0,1,0,0,1,0,1,1,1,0,0,1,1,0,1,1,1,0,0,0,0,0,0,0,1,0,1,1,0,0,1,0,0,1,0,1,1,1,1,1,0,1,0,1,0,0,0,1,0,1,0,0,1,1,1,1,1,1,1,1,0,1,1,0,1,1,1,1,0,1,1,1,1,1,1,1,1,1,0,1,1,1,1
"InChI=1S/C11H12N4O3S/c1-6(11(17)18)12-5-9(16)13-7-3-2-4-8-10(7)15-19-14-8/h2-4,6,12H,5H2,1H3,(H,13,16)(H,17,18)",0,0,0,0,0,0,0,0,0,0,0,0,0,0,0,0,0,0,0,0,0,0,0,0,0,0,0,0,0,0,0,0,1,0,0,1,0,0,0,0,0,0,0,0,1,0,0,0,0,0,0,0,0,1,0,0,0,1,0,0,0,0,0,0,1,0,1,0,0,0,0,0,0,0,0,1,1,1,1,1,0,1,1,0,0,0,0,1,0,0,1,1,0,1,1,1,0,0,1,1,0,0,0,1,1,0,0,0,0,1,1,0,0,0,0,1,1,0,1,1,1,0,1,1,1,0,0,0,0,1,1,1,1,0,1,1,1,1,1,1,1,1,0,0,1,1,0,0,1,0,1,0,1,1,1,1,1,1,1,1,1,0,1,1,1,1
"InChI=1S/C11H12N4O3S/c12-19(17,18)10-5-2-1-4-9(10)14-11(16)8-15-7-3-6-13-15/h1-7H,8H2,(H,14,16)(H2,12,17,18)",0,0,0,0,0,0,0,0,0,0,0,0,0,0,0,0,0,0,0,0,0,0,0,0,0,0,0,0,0,0,0,1,1,0,0,0,0,0,0,0,0,0,0,0,1,0,0,0,0,0,1,1,0,0,1,0,0,1,1,1,1,0,0,1,1,0,1,0,0,0,0,0,1,0,1,1,0,1,1,1,1,0,1,1,0,0,0,1,0,0,0,1,0,1,1,1,1,0,1,1,0,1,0,1,0,1,0,0,0,1,1,1,0,0,0,0,1,0,1,1,1,1,0,1,1,0,0,0,0,1,1,1,1,0,1,1,1,1,1,1,0,1,0,1,1,1,0,1,0,1,1,0,1,0,1,1,1,1,1,0,1,0,1,1,1,1
"InChI=1S/C11H12N4O3S/c1-15-11(12-13-14-15)19-7-6-18-9-4-2-8(3-5-9)10(16)17/h2-5H,6-7H2,1H3,(H,16,17)",0,0,0,0,0,0,0,0,0,0,0,0,0,0,0,0,0,0,0,0,0,0,0,0,0,0,0,0,0,0,0,0,0,0,0,0,0,0,0,0,0,0,0,0,0,0,1,0,0,1,0,1,0,0,0,0,0,0,1,0,0,0,0,1,1,0,0,0,0,1,0,0,0,0,1,1,1,1,1,1,1,0,1,0,0,0,0,1,0,0,0,0,1,1,0,1,0,0,1,0,0,0,0,0,0,1,0,1,1,0,0,0,1,0,0,0,0,1,1,1,1,1,1,1,1,1,1,0,0,1,1,1,0,0,0,1,1,1,1,1,1,1,1,1,1,1,1,1,1,1,0,1,1,1,1,1,1,1,1,1,1,0,1,1,1,1
"InChI=1S/C11H12N4O3S/c16-10(17)6-15-5-9(13-14-15)11(18)12-3-1-8-2-4-19-7-8/h2,4-5,7H,1,3,6H2,(H,12,18)(H,16,17)",0,0,0,0,0,0,0,0,0,0,0,0,0,0,0,0,0,0,0,0,0,0,0,0,0,0,0,0,0,0,0,0,0,0,0,1,0,0,0,0,0,0,0,0,1,0,0,0,0,1,0,1,0,0,0,0,0,0,0,0,0,0,0,0,1,0,0,0,0,1,0,0,0,0,1,1,1,1,1,1,0,0,1,0,0,0,0,1,0,1,1,1,0,1,1,1,1,0,1,1,0,0,0,1,0,0,0,0,0,1,1,0,0,0,0,0,1,1,1,1,1,1,1,1,1,0,0,0,0,1,1,1,0,0,0,1,1,1,1,1,0,1,0,0,0,1,1,1,0,0,0,0,1,1,1,1,1,1,1,0,1,0,0,1,1,1
"InChI=1S/C11H12N4O3S/c1-7(2)8-4-3-5-9-10(8)11(16)15(6-13-14-12)19(9,17)18/h3-5,7H,6H2,1-2H3",0,0,0,0,0,0,0,0,0,0,0,0,0,0,0,0,0,0,0,0,0,0,0,0,0,1,0,1,0,0,0,1,1,0,0,1,0,0,0,0,0,0,0,0,0,0,0,0,0,1,1,1,0,0,1,0,0,1,1,1,1,0,0,0,0,0,1,0,0,1,0,0,1,1,1,1,1,0,1,1,1,0,1,0,0,0,0,1,1,0,0,1,0,1,0,1,1,0,1,1,0,1,0,0,1,1,0,1,0,1,1,1,0,0,0,0,1,0,1,1,1,1,0,1,1,0,1,0,0,1,0,0,0,0,0,1,1,1,0,1,1,1,1,1,1,1,0,1,1,1,0,0,1,1,1,1,0,1,1,1,1,0,1,1,1,1
"InChI=1S/C11H12N4O3S/c1-14-4-2-8(16)15(11(14)18)6-7-3-5-19-9(7)10(17)13-12/h2-5H,6,12H2,1H3,(H,13,17)",0,0,0,0,0,0,0,0,0,0,0,0,0,0,0,0,0,0,0,0,0,0,0,0,0,0,0,0,0,0,0,0,0,0,0,1,1,0,0,0,0,0,0,0,1,0,0,0,0,1,0,1,0,1,0,0,0,0,0,0,0,0,0,0,1,0,0,0,0,0,0,0,0,0,1,1,1,1,0,0,1,0,1,1,1,0,0,1,1,0,1,1,1,1,1,1,1,1,1,1,0,0,0,0,0,1,0,1,0,1,0,0,1,0,0,0,1,0,1,1,1,1,0,1,1,0,1,0,0,1,1,0,0,0,0,1,1,1,1,1,1,1,1,1,1,1,0,1,1,1,1,0,1,1,1,1,1,1,1,1,1,0,1,1,1,1
"InChI=1S/C11H12N4O3S/c16-10-7-14(6-5-12-10)11(19)13-8-1-3-9(4-2-8)15(17)18/h1-4H,5-7H2,(H,12,16)(H,13,19)",0,0,0,0,0,0,0,0,0,0,0,0,0,0,0,0,0,0,0,0,0,0,0,0,0,0,0,0,0,0,0,0,0,0,0,0,0,0,0,0,0,0,0,0,1,0,1,0,0,0,0,0,0,0,0,1,0,0,0,0,0,0,1,0,0,0,0,0,0,1,1,0,1,0,1,1,1,1,1,0,1,0,0,0,1,1,0,1,0,1,1,1,0,1,1,0,0,1,1,1,0,1,0,1,0,1,0,0,0,1,1,0,0,0,0,0,1,1,1,1,1,1,0,1,1,0,1,0,1,1,1,1,1,0,1,1,1,1,1,1,0,1,1,0,1,1,1,1,0,0,1,0,1,0,0,1,1,1,1,0,1,0,1,1,1,1
"InChI=1S/C11H12N4O3S/c1-17-9(16)4-6-2-3-8(18-6)7-5-19-11(14-7)15-10(12)13/h2-3,5H,4H2,1H3,(H4,12,13,14,15)",0,0,0,0,0,0,0,0,0,0,0,0,0,0,0,0,0,0,0,0,0,0,0,0,1,0,0,0,0,0,0,0,0,0,0,1,0,0,0,0,0,0,1,0,1,0,1,0,0,0,0,0,0,0,0,0,1,0,0,0,0,1,0,0,1,0,0,0,0,0,0,0,0,0,0,1,1,1,0,1,1,0,1,1,0,0,0,1,1,0,0,0,1,0,1,1,0,0,1,0,0,0,0,0,0,1,0,0,0,0,0,0,0,0,0,1,0,0,1,1,1,0,1,0,1,1,0,0,0,0,1,1,1,0,1,1,1,0,0,1,1,1,0,0,0,1,0,0,1,0,1,1,0,1,1,1,1,1,1,1,1,0,0,1,1,1
"InChI=1S/C11H12N4O3S/c1-15-10(6-7-13-15)11(16)14-8-2-4-9(5-3-8)19(12,17)18/h2-7H,1H3,(H,14,16)(H2,12,17,18)",0,0,0,0,0,0,0,0,0,0,0,0,0,0,0,0,0,0,0,0,0,0,0,0,0,0,0,0,0,0,0,1,1,0,0,0,0,0,0,0,0,0,0,0,1,0,0,0,0,0,1,1,0,0,1,0,0,1,1,1,1,0,0,1,1,0,1,0,0,0,0,0,1,0,1,1,0,1,1,1,1,0,1,1,0,0,0,1,0,0,0,1,1,1,1,1,1,0,1,0,0,1,0,0,0,1,0,1,0,1,0,1,0,0,0,0,1,0,1,1,1,1,0,1,1,0,0,0,0,1,1,0,1,0,1,1,1,0,1,1,1,1,0,1,1,1,0,1,1,1,1,0,0,0,0,1,1,1,1,1,1,0,1,1,1,1
"InChI=1S/C11H12N4O3S/c16-9-4-8(14-11(19)15-9)12-6-10(17)13-5-7-2-1-3-18-7/h1-4H,5-6H2,(H,13,17)(H3,12,14,15,16,19)",0,0,0,0,0,0,0,0,0,0,0,0,0,0,0,0,0,0,0,0,1,0,0,0,0,0,0,0,0,0,0,0,0,0,0,0,0,1,0,0,0,0,0,0,1,0,1,0,0,0,0,0,1,1,0,0,1,0,1,0,0,0,0,1,1,0,0,0,0,0,0,0,0,0,0,1,1,1,1,1,1,1,1,0,0,0,0,1,0,1,1,1,0,0,1,1,1,1,1,1,0,0,0,1,0,1,0,0,0,1,1,0,1,0,0,0,1,0,1,1,1,0,0,0,1,0,1,0,1,0,1,1,1,0,1,0,1,1,1,1,0,1,1,0,1,1,0,0,0,0,1,1,1,0,1,1,1,1,1,0,1,0,1,1,1,1
"InChI=1S/C11H12N4O3S/c1-5-7-9(13-3-2-6(12)16)14-4-15-10(7)19-8(5)11(17)18/h4H,2-3H2,1H3,(H2,12,16)(H,17,18)(H,13,14,15)",0,0,0,0,0,0,0,0,0,0,0,0,0,0,0,0,0,0,0,0,1,0,0,0,0,1,0,0,0,0,0,0,0,0,0,1,0,1,0,0,0,0,1,0,1,0,1,0,0,1,0,0,1,0,0,0,0,0,0,0,0,0,0,0,1,0,0,0,0,0,0,0,0,0,0,1,1,1,0,1,1,1,1,0,0,0,0,1,0,1,0,1,0,0,0,1,1,1,1,1,0,0,0,1,1,0,0,0,0,1,1,0,0,0,0,0,1,1,1,1,1,0,1,0,1,0,0,0,0,0,1,1,1,0,1,1,1,1,1,1,1,1,0,1,1,1,1,0,1,1,1,0,1,1,1,1,1,1,1,1,1,0,1,1,1,1
"InChI=1S/C11H12N4O3S/c1-7-4-3-5-9(10(7)15(16)17)18-6-8-11(12-2)19-14-13-8/h3-5,12H,6H2,1-2H3",0,0,0,0,0,0,0,0,0,0,0,0,0,0,0,0,0,0,0,0,1,0,0,0,0,0,0,0,0,0,0,1,1,0,0,1,0,0,0,0,0,0,0,0,1,0,1,0,0,1,0,1,0,0,0,1,0,0,0,0,0,0,1,0,1,0,1,0,0,1,1,0,0,0,0,1,0,0,1,1,1,0,1,0,0,0,0,1,1,1,0,0,1,1,1,1,1,0,1,0,0,1,0,0,0,0,0,1,1,0,1,0,1,0,0,0,0,0,1,1,1,1,0,1,1,1,1,0,0,1,1,0,1,0,1,1,1,1,0,1,1,1,1,1,1,1,0,1,1,1,1,1,1,0,1,1,1,1,1,1,1,0,1,1,1,1
"InChI=1S/C11H12N4O3S/c1-19(17,18)10-4-2-9(3-5-10)14-11(16)6-15-8-12-7-13-15/h2-5,7-8H,6H2,1H3,(H,14,16)",0,0,0,0,0,0,0,0,0,0,0,0,0,0,0,0,0,0,0,0,0,0,0,0,0,0,0,0,0,0,0,0,0,0,0,0,0,0,0,0,0,0,0,0,1,0,0,0,0,0,1,1,0,0,1,0,0,1,1,1,1,0,0,1,1,0,1,0,0,0,0,0,1,0,1,1,1,1,1,1,1,0,1,0,0,0,0,1,0,0,0,1,1,1,1,1,1,0,1,1,0,1,0,1,0,0,0,1,0,1,1,1,0,0,0,0,1,0,1,1,1,1,0,1,1,0,0,0,0,1,1,1,1,0,1,1,1,1,0,1,1,1,0,0,1,1,0,1,1,0,1,0,1,1,1,1,0,1,1,1,1,0,1,1,1,1
"InChI=1S/C11H12N4O3S/c12-6-8-5-9(13)1-2-10(8)19(17,18)15-4-3-14-11(16)7-15/h1-2,5H,3-4,7,13H2,(H,14,16)",0,0,0,0,0,0,0,0,0,0,0,0,0,0,0,0,0,0,0,0,0,0,0,0,0,0,0,0,0,0,0,1,1,0,0,0,0,0,0,0,1,0,0,0,1,0,0,0,0,1,1,0,0,0,1,0,0,1,1,1,1,0,0,1,0,0,1,0,0,0,0,0,1,0,1,1,0,1,1,0,1,0,0,1,0,1,0,1,0,1,1,1,0,1,1,0,0,1,1,1,0,1,0,1,0,1,0,0,0,1,1,1,0,0,0,0,1,1,1,1,1,1,0,1,1,0,1,0,1,1,1,1,1,0,1,1,1,1,1,1,0,1,1,1,1,1,1,1,0,1,1,0,1,0,0,1,1,1,1,0,1,0,1,1,1,1
"InChI=1S/C11H12N4O3S/c1-18-7-6-12-11-14-13-10(19-11)8-2-4-9(5-3-8)15(16)17/h2-5H,6-7H2,1H3,(H,12,14)",0,0,0,0,0,0,0,0,0,0,0,0,0,0,0,0,0,0,0,0,0,0,0,0,0,0,0,0,0,0,0,0,0,0,0,1,0,0,0,0,0,0,0,0,1,0,1,0,0,1,0,1,0,0,0,1,0,0,0,0,0,1,1,0,0,0,0,0,1,1,1,0,0,0,0,1,1,1,1,1,1,0,1,0,0,1,0,1,0,1,1,0,1,1,1,1,0,0,1,1,0,1,0,0,0,1,0,0,1,0,1,0,0,0,1,1,0,1,1,1,1,1,0,1,1,1,0,0,0,1,1,1,1,0,1,1,1,1,0,1,1,1,0,0,1,1,1,1,1,0,1,0,1,0,1,1,1,1,1,1,1,0,1,1,1,1
"InChI=1S/C11H12N4O3S/c1-8-10(13-7-12-8)11(16)14-15-19(17,18)9-5-3-2-4-6-9/h2-7,15H,1H3,(H,12,13)(H,14,16)",0,0,0,0,0,0,0,0,0,0,0,0,0,0,0,0,0,0,0,0,0,0,0,0,0,0,0,0,0,0,0,1,1,0,0,0,0,0,0,0,0,0,0,0,1,0,1,0,0,0,1,1,1,1,1,0,0,1,1,1,1,0,0,1,1,0,1,0,1,1,0,0,1,0,0,1,1,1,1,1,1,0,1,0,0,0,0,1,0,0,0,1,0,1,1,1,1,0,1,0,0,1,0,0,0,1,0,0,0,1,0,1,0,0,0,0,1,0,1,1,1,0,0,1,1,0,0,0,0,1,1,0,0,0,0,1,1,0,1,1,1,1,0,1,1,1,0,1,1,1,1,0,0,0,0,1,1,1,1,1,1,0,1,1,1,1
"InChI=1S/C11H12N4O3S/c1-3-18-10(17)5-4-13-9-6(7(5)16)8(12)14-11(15-9)19-2/h4H,3H2,1-2H3,(H3,12,13,14,15,16)",0,0,0,0,0,0,0,0,0,0,0,0,0,0,0,0,0,0,0,0,0,0,0,0,0,1,0,0,0,0,0,0,0,0,0,0,0,1,0,0,0,0,0,0,1,0,1,0,0,1,0,0,1,0,0,0,0,0,1,0,0,0,0,1,1,0,0,0,0,0,0,0,0,0,0,1,1,1,0,1,1,0,0,0,0,0,0,1,1,0,0,0,1,0,0,0,1,1,1,0,0,0,0,0,1,1,0,0,1,0,0,0,1,1,0,0,0,0,1,1,1,0,1,0,1,1,1,0,0,0,1,0,1,0,1,1,1,1,1,1,1,1,1,1,1,1,0,0,1,1,1,1,1,1,1,1,1,1,1,1,1,0,1,1,1,1
"InChI=1S/C11H12N4O3S/c16-7-6-14(3-1-2-12-7)9-8(10(17)18)15-4-5-19-11(15)13-9/h4-5H,1-3,6H2,(H,12,16)(H,17,18)",0,0,0,0,0,0,0,0,0,0,0,0,0,0,0,0,0,0,1,0,1,0,0,0,0,0,0,0,0,0,0,0,0,0,0,1,0,1,0,0,0,0,0,0,1,0,1,0,0,0,0,0,0,0,0,0,0,0,0,0,0,1,0,0,1,0,0,0,0,0,0,0,0,0,1,1,1,1,1,1,1,0,1,0,1,1,0,1,0,1,1,1,0,0,1,1,1,0,1,1,0,0,0,1,1,1,0,0,0,1,1,0,0,0,0,0,1,1,1,1,1,1,1,0,1,0,1,1,1,0,1,1,1,0,1,1,1,1,1,1,0,1,1,1,0,1,1,1,0,1,0,0,1,1,0,1,1,1,1,0,1,0,0,1,1,1
"InChI=1S/C11H12N4O3S/c16-10(17)8-1-6-19-9(8)14-11(18)13-3-5-15-4-2-12-7-15/h1-2,4,6-7H,3,5H2,(H,16,17)(H2,13,14,18)",0,0,0,0,0,0,0,0,0,0,0,0,0,0,0,0,0,0,0,0,1,0,0,0,0,0,0,0,0,0,0,0,0,0,0,1,1,0,0,0,0,0,1,0,1,0,1,0,0,1,0,0,1,0,0,0,0,0,0,0,0,0,0,0,1,0,0,0,0,0,0,0,0,0,1,1,1,1,1,0,1,0,1,0,1,0,0,1,0,1,1,0,0,0,0,1,1,0,1,1,0,0,0,0,0,1,0,0,0,1,1,0,0,0,0,0,1,1,1,1,1,1,1,0,1,0,0,0,0,0,1,0,1,0,1,1,1,1,1,1,0,1,0,1,0,1,1,1,0,1,1,0,1,1,1,1,1,1,1,0,1,0,0,1,1,1
"InChI=1S/C11H12N4O3S/c1-15-11(12-13-14-15)19-7-6-18-9-5-3-2-4-8(9)10(16)17/h2-5H,6-7H2,1H3,(H,16,17)",0,0,0,0,0,0,0,0,0,0,0,0,0,0,0,0,0,0,0,0,0,0,0,0,0,0,0,0,0,0,0,0,0,0,0,0,0,0,0,0,0,0,0,0,0,0,1,0,0,1,0,1,0,0,0,0,0,0,1,0,0,0,0,1,1,0,0,0,0,1,0,0,0,0,1,1,1,1,1,1,1,0,1,0,0,0,0,1,1,0,0,0,1,1,0,1,0,0,1,0,0,0,0,0,0,1,0,1,1,0,0,0,1,0,0,0,0,1,1,1,1,1,1,1,1,1,1,0,0,1,1,1,0,0,0,1,1,1,1,1,1,1,1,1,1,1,1,1,1,1,0,1,1,1,1,1,1,1,1,1,1,0,1,1,1,1
"InChI=1S/C11H12N4O3S/c1-12-10(16)9-7-13-14-11(9)19(17,18)15-8-5-3-2-4-6-8/h2-7,15H,1H3,(H,12,16)(H,13,14)",0,0,0,0,0,0,0,0,0,0,0,0,0,0,0,0,0,0,0,0,0,0,0,0,0,0,0,0,0,0,0,1,1,0,0,0,0,0,0,0,0,0,0,0,1,0,1,0,0,1,1,1,1,0,1,0,0,1,1,1,1,0,0,1,1,0,1,0,0,0,0,0,1,0,0,1,0,1,1,1,1,0,1,0,0,0,0,1,0,0,0,1,1,1,1,1,1,0,1,0,0,1,0,0,0,1,0,1,0,1,0,1,0,0,0,0,1,0,1,1,1,0,0,1,1,0,0,0,0,1,1,0,1,0,1,1,1,0,1,1,1,1,0,1,1,1,0,1,1,1,1,0,0,0,0,1,1,1,1,1,1,0,1,1,1,1
"InChI=1S/C11H12N4O3S/c1-2-18-8(16)7-15-6-5-12-9(10(15)17)19-11-13-3-4-14-11/h3-6H,2,7H2,1H3,(H,13,14)",0,0,0,0,0,0,0,0,0,0,0,0,0,0,0,0,0,0,0,0,0,0,0,0,0,0,0,0,0,0,0,0,0,0,0,0,0,0,0,0,0,0,0,0,1,0,1,0,0,0,0,0,0,0,0,0,0,0,1,0,0,0,0,1,1,0,0,0,0,0,0,0,0,0,1,0,1,1,1,1,1,0,1,0,1,0,0,1,0,0,0,1,0,0,1,1,0,1,1,1,0,0,0,0,0,1,0,1,1,1,0,0,1,1,0,0,1,0,1,1,1,1,1,0,1,1,1,0,1,0,1,1,0,0,0,1,1,1,0,1,1,1,1,1,1,1,0,1,1,1,1,0,1,1,1,1,1,1,1,1,1,0,1,1,1,1
"InChI=1S/C11H12N4O3S/c1-2-18-9(16)5-7-6-19-11(13-7)14-10(17)8-3-4-12-15-8/h3-4,6H,2,5H2,1H3,(H,12,15)(H,13,14,17)",0,0,0,0,0,0,0,0,0,0,0,0,0,0,0,0,0,0,0,0,0,0,0,0,0,0,0,0,0,0,0,0,0,0,0,1,0,0,0,0,0,0,0,0,1,0,1,0,0,0,0,1,1,0,0,0,0,0,0,0,0,0,0,0,1,0,0,0,0,0,0,0,0,0,0,1,1,1,1,1,1,0,1,0,0,0,0,1,0,0,1,1,0,1,1,1,1,0,1,0,0,0,0,0,0,1,0,1,1,1,1,0,0,1,0,0,1,0,1,1,1,0,1,1,1,1,0,0,1,1,1,1,1,0,1,1,1,1,0,1,1,1,0,0,0,1,0,0,1,0,1,0,1,1,1,1,1,1,1,1,1,0,0,1,1,1
"InChI=1S/C11H12N4O3S/c1-18-9-4-3-8(12)7-10(9)19(16,17)15-11-13-5-2-6-14-11/h2-7H,12H2,1H3,(H,13,14,15)",0,0,0,0,0,0,0,0,0,0,0,0,0,0,0,0,0,0,0,0,0,0,0,0,1,0,0,0,0,0,0,1,1,0,0,0,0,0,0,0,0,0,0,0,1,0,0,0,0,0,1,0,0,0,1,0,0,1,1,1,1,0,0,1,1,0,1,0,0,0,0,0,1,0,0,1,1,1,0,0,1,0,0,1,0,0,0,1,1,0,0,0,1,1,0,0,1,1,1,0,0,1,0,0,0,1,0,1,0,0,0,1,1,0,0,0,1,0,1,1,1,0,0,1,1,1,1,0,0,1,1,0,1,0,1,1,1,0,0,1,1,1,1,1,1,1,0,1,1,1,1,1,0,0,0,1,1,1,1,1,1,0,1,1,1,1
"InChI=1S/C11H12N4O3S/c1-19(17,18)15-9-4-2-8(3-5-9)13-11(16)10-6-7-12-14-10/h2-7,15H,1H3,(H,12,14)(H,13,16)",0,0,0,0,0,0,0,0,0,0,0,0,0,0,0,0,0,0,0,0,0,0,0,0,0,0,0,0,0,0,0,1,1,0,0,0,0,0,0,0,0,0,0,0,1,0,0,0,0,0,1,1,1,0,1,0,0,1,0,1,1,0,0,0,1,0,1,0,0,0,0,0,1,0,0,1,0,1,1,1,0,0,1,0,0,0,0,1,0,0,0,1,1,1,1,1,1,0,1,0,0,1,0,0,0,1,0,1,0,1,0,1,0,0,0,0,1,0,1,1,1,0,0,1,1,0,0,0,0,1,1,0,1,0,1,1,1,0,1,1,1,1,0,0,1,1,0,1,1,0,1,0,0,0,0,1,1,1,1,1,1,0,1,1,1,1
