"inchi","maccs_1","maccs_2","maccs_3","maccs_4","maccs_5","maccs_6","maccs_7","maccs_8","maccs_9","maccs_10","maccs_11","maccs_12","maccs_13","maccs_14","maccs_15","maccs_16","maccs_17","maccs_18","maccs_19","maccs_20","maccs_21","maccs_22","maccs_23","maccs_24","maccs_25","maccs_26","maccs_27","maccs_28","maccs_29","maccs_30","maccs_31","maccs_32","maccs_33","maccs_34","maccs_35","maccs_36","maccs_37","maccs_38","maccs_39","maccs_40","maccs_41","maccs_42","maccs_43","maccs_44","maccs_45","maccs_46","maccs_47","maccs_48","maccs_49","maccs_50","maccs_51","maccs_52","maccs_53","maccs_54","maccs_55","maccs_56","maccs_57","maccs_58","maccs_59","maccs_60","maccs_61","maccs_62","maccs_63","maccs_64","maccs_65","maccs_66","maccs_67","maccs_68","maccs_69","maccs_70","maccs_71","maccs_72","maccs_73","maccs_74","maccs_75","maccs_76","maccs_77","maccs_78","maccs_79","maccs_80","maccs_81","maccs_82","maccs_83","maccs_84","maccs_85","maccs_86","maccs_87","maccs_88","maccs_89","maccs_90","maccs_91","maccs_92","maccs_93","maccs_94","maccs_95","maccs_96","maccs_97","maccs_98","maccs_99","maccs_100","maccs_101","maccs_102","maccs_103","maccs_104","maccs_105","maccs_106","maccs_107","maccs_108","maccs_109","maccs_110","maccs_111","maccs_112","maccs_113","maccs_114","maccs_115","maccs_116","maccs_117","maccs_118","maccs_119","maccs_120","maccs_121","maccs_122","maccs_123","maccs_124","maccs_125","maccs_126","maccs_127","maccs_128","maccs_129","maccs_130","maccs_131","maccs_132","maccs_133","maccs_134","maccs_135","maccs_136","maccs_137","maccs_138","maccs_139","maccs_140","maccs_141","maccs_142","maccs_143","maccs_144","maccs_145","maccs_146","maccs_147","maccs_148","maccs_149","maccs_150","maccs_151","maccs_152","maccs_153","maccs_154","maccs_155","maccs_156","maccs_157"
"InChI=1S/C11H14ClNO/c1-4-13(9(3)14)11-7-5-6-10(12)8(11)2/h5-7H,4H2,1-3H3",1,1,4,0,0,0,0,0,0,0,0,0,0,0,0,0,0,0,0,0,1,0,0,0,0,0,0,0,0,0,0,0,0,3,0,0,0,0,0,0,0,0,0,0,0,0,0,0,0,0,0,0,3,0,1,1,0,0,0,0,0,0,0,3,0,1,5,0,2,2,1,0,0,0,0,0,0,0,0,0,0,0,1,0,0,0,3,0,0,0,1,1,0,0,0,0,0,0,1,1,0,0,0,0,0,0,0,0,0,0,0,6,6,0,0,0,0,0,0,6,0,0,3,3,0,3,0,3,1,0,0,1,1,2,0,0,0,0,0,0,0,0,6,0,0,0,1,0,0,0,0,0,6,0,0,0,0
"InChI=1S/C11H14ClNO/c1-4-13(9(3)14)10-6-5-8(2)11(12)7-10/h5-7H,4H2,1-3H3",1,1,4,0,0,0,0,0,0,0,0,0,0,0,0,0,0,0,0,0,1,0,0,0,0,0,0,0,0,0,0,0,0,3,0,0,0,0,0,0,0,0,0,0,0,0,0,0,0,0,0,0,3,0,1,1,0,0,0,0,0,0,0,3,0,1,5,0,2,2,1,0,0,0,0,0,0,0,0,0,0,0,1,0,0,0,3,0,0,0,1,1,0,0,0,0,0,0,1,1,0,0,0,0,0,0,0,0,0,0,0,6,6,0,0,0,0,0,0,6,0,0,3,3,0,0,0,3,1,0,0,1,1,2,0,0,0,0,0,0,0,0,6,0,0,0,1,0,0,0,0,0,6,0,0,0,0
"InChI=1S/C11H14ClNO/c1-7(2)13-11-5-4-9(8(3)14)6-10(11)12/h4-7,13H,1-3H3",1,1,4,0,0,0,0,0,0,0,0,0,0,0,0,0,0,0,0,0,1,0,0,0,0,0,0,0,0,0,0,0,0,0,0,0,0,1,0,0,0,0,0,0,0,0,0,0,0,0,0,0,2,0,0,1,0,0,0,0,0,0,0,0,0,1,4,0,2,2,1,0,0,0,0,0,0,0,0,0,0,0,0,0,0,0,0,0,1,0,1,1,0,0,0,0,0,1,0,0,0,0,0,0,0,0,0,0,0,0,0,6,6,0,0,0,0,0,0,0,0,0,3,0,0,0,1,3,1,0,0,1,1,2,0,0,0,0,0,0,0,0,6,0,0,0,1,0,0,0,0,0,6,0,0,0,0
"InChI=1S/C11H14ClNO/c1-7(2)13-9-4-5-10(8(3)14)11(12)6-9/h4-7,13H,1-3H3",1,1,4,0,0,0,0,0,0,0,0,0,0,0,0,0,0,0,0,0,1,0,0,0,0,0,0,0,0,0,0,0,0,0,0,0,0,1,0,0,0,0,0,0,0,0,0,0,0,0,0,0,2,0,0,1,0,0,0,0,0,0,0,0,0,1,4,0,2,2,1,0,0,0,0,0,0,0,0,0,0,0,0,0,0,0,0,0,1,0,1,1,0,0,0,0,0,1,0,0,0,0,0,0,0,0,0,0,0,0,0,6,6,0,0,0,0,0,0,0,0,0,3,0,0,0,1,3,1,0,0,1,1,2,0,0,0,0,0,0,0,0,6,0,0,0,1,0,0,0,0,0,6,0,0,0,0
"InChI=1S/C11H14ClNO/c1-8(2)13(9(3)14)11-7-5-4-6-10(11)12/h4-8H,1-3H3",1,1,4,0,0,0,0,0,0,0,0,0,0,0,0,0,0,0,0,0,1,0,0,0,0,0,0,0,0,0,0,0,0,0,0,0,0,0,0,0,0,0,0,0,0,0,0,0,0,0,0,0,3,0,1,1,0,0,0,0,0,0,0,0,0,1,5,0,2,2,1,0,0,0,0,0,0,0,0,0,0,0,1,0,0,0,0,0,0,0,1,1,0,0,0,0,0,0,1,1,0,0,0,0,0,0,0,0,0,0,0,6,6,0,0,0,0,0,0,0,0,0,3,0,0,0,1,3,1,0,0,1,1,2,0,0,0,0,0,0,0,0,6,0,0,0,1,0,0,0,0,0,6,0,0,0,0
"InChI=1S/C11H14ClNO/c1-8(2)13(9(3)14)11-6-4-10(12)5-7-11/h4-8H,1-3H3",1,1,4,0,0,0,0,0,0,0,0,0,0,0,0,0,0,0,0,0,1,0,0,0,0,0,0,0,0,0,0,0,0,0,0,0,0,0,0,0,0,0,0,0,0,0,0,0,0,0,0,0,3,0,1,1,0,0,0,0,0,0,0,0,0,1,5,0,2,2,1,0,0,0,0,0,0,0,0,0,0,0,1,0,0,0,0,0,0,0,1,1,0,0,0,0,0,0,1,1,0,0,0,0,0,0,0,0,0,0,0,6,6,0,0,0,0,0,0,0,0,0,3,0,0,0,1,3,1,0,0,1,1,2,0,0,0,0,0,0,0,0,6,0,0,0,1,0,0,0,0,0,6,0,0,0,0
"InChI=1S/C11H14ClNO/c1-7(2)13-9-4-5-11(12)10(6-9)8(3)14/h4-7,13H,1-3H3",1,1,4,0,0,0,0,0,0,0,0,0,0,0,0,0,0,0,0,0,1,0,0,0,0,0,0,0,0,0,0,0,0,0,0,0,0,1,0,0,0,0,0,0,0,0,0,0,0,0,0,0,2,0,0,1,0,0,0,0,0,0,0,0,0,1,4,0,2,2,1,0,0,0,0,0,0,0,0,0,0,0,0,0,0,0,0,0,1,0,1,1,0,0,0,0,0,1,0,0,0,0,0,0,0,0,0,0,0,0,0,6,6,0,0,0,0,0,0,0,0,0,3,0,0,0,1,3,1,0,0,1,1,2,0,0,0,0,0,0,0,0,6,0,0,0,1,0,0,0,0,0,6,0,0,0,0
"InChI=1S/C11H14ClNO/c12-10-4-3-5-11(9(10)8-14)13-6-1-2-7-13/h3-5,14H,1-2,6-8H2",1,1,5,0,0,0,0,0,0,0,0,0,0,0,0,0,0,0,0,0,1,0,1,0,0,0,0,0,0,0,0,0,0,9,0,0,0,1,0,0,0,0,0,0,0,0,0,0,0,0,0,0,3,0,1,0,1,0,0,27,20,30,27,0,1,1,7,0,2,2,1,2,0,0,0,0,0,0,0,0,0,0,0,0,0,0,6,6,0,1,1,0,0,1,0,0,0,0,0,0,0,0,1,0,0,0,0,3,0,0,0,6,6,0,0,0,0,1,0,10,3,1,0,0,0,0,0,0,1,0,0,1,1,2,0,0,0,0,0,0,0,1,11,0,0,1,1,0,0,0,0,1,22,0,0,0,0
"InChI=1S/C11H14ClNO/c1-3-13(4-2)11-6-5-9(8-14)7-10(11)12/h5-8H,3-4H2,1-2H3",1,1,4,0,0,0,0,0,0,0,0,0,0,0,0,0,0,0,0,0,1,0,0,0,0,0,0,0,0,0,0,0,0,6,0,0,0,0,0,0,0,0,0,0,0,0,0,0,0,0,0,0,3,0,1,1,0,0,0,0,0,0,0,5,0,1,7,0,2,2,1,0,0,0,0,0,0,0,0,0,0,0,0,0,0,0,6,0,0,0,1,1,0,0,0,0,0,0,0,0,0,0,0,0,0,0,0,0,0,0,0,6,6,0,0,0,0,0,0,12,0,1,2,6,0,0,0,2,1,0,0,1,1,2,0,0,0,0,0,0,0,0,6,0,0,0,1,0,0,0,0,0,6,0,0,0,0
"InChI=1S/C11H14ClNO/c1-3-11(14)13(4-2)10-7-5-9(12)6-8-10/h5-8H,3-4H2,1-2H3",1,1,4,0,0,0,0,0,0,0,0,0,0,0,0,0,0,0,0,0,1,0,0,0,0,0,0,0,0,0,0,0,0,3,0,0,0,0,0,0,0,0,0,0,0,0,0,0,0,0,0,0,3,0,1,1,0,0,0,0,9,0,0,0,0,1,5,0,2,2,1,0,0,0,0,0,0,0,0,0,0,0,1,0,0,0,3,3,0,0,1,1,0,0,0,0,0,0,1,1,0,0,0,0,0,0,0,0,3,0,0,6,6,0,0,0,0,0,0,12,0,0,2,6,0,5,0,2,1,0,0,1,1,2,0,0,0,0,0,0,0,0,6,0,0,0,1,0,0,0,0,0,6,0,0,0,0
"InChI=1S/C11H14ClNO/c1-8(2)13(3)11-6-4-5-10(12)9(11)7-14/h4-8H,1-3H3",1,1,4,0,0,0,0,0,0,0,0,0,0,0,0,0,0,0,0,0,1,0,0,0,0,0,0,0,0,0,0,0,0,0,0,1,0,0,0,0,0,0,0,0,0,0,0,0,0,0,0,0,3,0,1,1,0,0,0,0,0,0,0,0,0,1,7,0,2,2,1,0,0,0,0,0,0,0,0,0,0,0,0,0,0,0,0,0,0,0,1,1,0,0,0,0,0,0,0,0,0,0,1,0,0,0,0,0,0,0,0,6,6,0,0,0,0,0,0,0,0,0,3,0,0,0,1,3,1,0,0,1,1,2,0,0,0,0,0,0,0,0,6,0,0,0,1,0,0,0,0,0,6,0,0,0,0
"InChI=1S/C11H14ClNO/c1-13(8-5-6-8)11-4-2-3-10(12)9(11)7-14/h2-4,8,14H,5-7H2,1H3",1,1,5,0,0,0,0,0,0,0,0,0,0,0,0,0,0,0,0,0,1,0,0,0,0,0,0,0,0,0,0,0,0,3,0,1,0,1,0,0,0,0,0,0,0,0,0,0,0,0,0,0,3,0,1,0,1,0,0,8,0,0,8,5,0,1,7,0,2,4,1,0,0,0,0,0,0,0,0,0,0,0,0,0,0,0,0,5,0,0,1,0,0,1,0,0,0,0,0,0,0,0,1,0,0,0,0,3,0,0,0,6,6,0,0,0,0,0,0,8,3,0,1,0,0,7,0,1,1,0,0,1,1,2,0,0,0,0,0,0,0,1,9,1,0,0,1,0,0,0,0,0,18,0,0,0,0
"InChI=1S/C11H14ClNO/c1-3-13(4-2)10-6-5-9(8-14)11(12)7-10/h5-8H,3-4H2,1-2H3",1,1,4,0,0,0,0,0,0,0,0,0,0,0,0,0,0,0,0,0,1,0,0,0,0,0,0,0,0,0,0,0,0,6,0,0,0,0,0,0,0,0,0,0,0,0,0,0,0,0,0,0,3,0,1,1,0,0,0,0,0,0,0,5,0,1,7,0,2,2,1,0,0,0,0,0,0,0,0,0,0,0,0,0,0,0,6,0,0,0,1,1,0,0,0,0,0,0,0,0,0,0,0,0,0,0,0,0,0,0,0,6,6,0,0,0,0,0,0,12,0,1,2,6,0,0,0,2,1,0,0,1,1,2,0,0,0,0,0,0,0,0,6,0,0,0,1,0,0,0,0,0,6,0,0,0,0
"InChI=1S/C11H14ClNO/c1-3-13(4-2)11-7-5-6-10(12)9(11)8-14/h5-8H,3-4H2,1-2H3",1,1,4,0,0,0,0,0,0,0,0,0,0,0,0,0,0,0,0,0,1,0,0,0,0,0,0,0,0,0,0,0,0,6,0,0,0,0,0,0,0,0,0,0,0,0,0,0,0,0,0,0,3,0,1,1,0,0,0,0,0,0,0,5,0,1,7,0,2,2,1,0,0,0,0,0,0,0,0,0,0,0,0,0,0,0,6,0,0,0,1,1,0,0,0,0,0,0,0,0,0,0,1,0,0,0,0,0,0,0,0,6,6,0,0,0,0,0,0,12,0,1,2,6,0,0,0,2,1,0,0,1,1,2,0,0,0,0,0,0,0,0,6,0,0,0,1,0,0,0,0,0,6,0,0,0,0
"InChI=1S/C11H14ClNO/c1-4-13(3)11-6-5-9(8(2)14)7-10(11)12/h5-7H,4H2,1-3H3",1,1,4,0,0,0,0,0,0,0,0,0,0,0,0,0,0,0,0,0,1,0,0,0,0,0,0,0,0,0,0,0,0,3,0,1,0,0,0,0,0,0,0,0,0,0,0,0,0,0,0,0,3,0,1,1,0,0,0,0,0,0,0,0,0,1,7,0,2,2,1,0,0,0,0,0,0,0,0,0,0,0,0,0,0,0,3,0,0,0,1,1,0,0,0,0,0,1,0,0,0,0,0,0,0,0,0,0,0,0,0,6,6,0,0,0,0,0,0,6,0,1,3,3,3,0,0,3,1,0,0,1,1,2,0,0,0,0,0,0,0,0,6,0,0,0,1,0,0,0,0,0,6,0,0,0,0
"InChI=1S/C11H14ClNO/c1-4-13(3)9-5-6-10(8(2)14)11(12)7-9/h5-7H,4H2,1-3H3",1,1,4,0,0,0,0,0,0,0,0,0,0,0,0,0,0,0,0,0,1,0,0,0,0,0,0,0,0,0,0,0,0,3,0,1,0,0,0,0,0,0,0,0,0,0,0,0,0,0,0,0,3,0,1,1,0,0,0,0,0,0,0,0,0,1,7,0,2,2,1,0,0,0,0,0,0,0,0,0,0,0,0,0,0,0,3,0,0,0,1,1,0,0,0,0,0,1,0,0,0,0,0,0,0,0,0,0,0,0,0,6,6,0,0,0,0,0,0,6,0,1,3,3,3,0,0,3,1,0,0,1,1,2,0,0,0,0,0,0,0,0,6,0,0,0,1,0,0,0,0,0,6,0,0,0,0
"InChI=1S/C11H14ClNO/c1-8(14)6-9-4-5-10(12)7-11(9)13(2)3/h4-5,7H,6H2,1-3H3",1,1,4,0,0,0,0,0,0,0,0,0,0,0,0,0,0,0,0,0,1,0,0,0,0,0,0,0,0,0,0,0,0,0,0,2,0,0,0,0,0,0,0,0,0,0,0,0,0,0,0,0,3,0,1,1,0,0,0,0,0,0,0,0,0,1,7,0,2,2,1,0,0,0,0,0,0,0,0,0,0,0,0,0,0,0,0,0,0,0,1,1,0,0,0,0,0,1,0,0,0,0,0,0,0,0,0,0,3,0,0,6,6,0,0,0,0,0,0,6,0,1,3,0,3,6,1,3,1,0,0,1,1,2,0,0,0,0,0,0,0,0,6,0,0,0,1,0,0,0,0,0,6,0,0,0,0
"InChI=1S/C11H14ClNO/c1-4-11(14)8-5-6-10(13(2)3)9(12)7-8/h5-7H,4H2,1-3H3",1,1,4,0,0,0,0,0,0,0,0,0,0,0,0,0,0,0,0,0,1,0,0,0,0,0,0,0,0,0,0,0,0,0,0,2,0,0,0,0,0,0,0,0,0,0,0,0,0,0,0,0,3,0,1,1,0,0,0,0,0,0,0,0,0,1,7,0,2,2,1,0,0,0,0,0,0,0,0,0,0,0,0,0,0,0,0,0,0,0,1,1,0,0,0,0,0,1,0,0,0,0,0,0,0,0,0,0,3,0,0,6,6,0,0,0,0,0,0,6,0,1,3,3,0,0,1,3,1,0,0,1,1,2,0,0,0,0,0,0,0,0,6,0,0,0,1,0,0,0,0,0,6,0,0,0,0
"InChI=1S/C11H14ClNO/c1-7(2)9-4-5-11(10(12)6-9)13-8(3)14/h4-7H,1-3H3,(H,13,14)",1,1,4,0,0,0,0,0,0,0,0,0,0,0,0,0,0,0,0,0,0,0,0,0,0,0,0,0,0,0,0,0,0,0,0,0,0,1,0,0,0,0,0,0,0,0,0,0,1,0,0,1,1,0,0,0,1,0,0,0,0,0,0,0,0,1,2,1,2,2,0,0,0,0,0,0,0,0,0,0,0,0,1,0,0,0,0,0,0,0,1,0,0,1,0,0,0,0,1,1,0,0,0,0,0,0,0,0,0,0,0,6,6,0,0,0,0,0,0,0,0,0,3,0,0,0,1,3,1,0,0,1,1,2,0,0,0,0,0,0,0,1,6,0,0,0,1,0,0,0,0,0,6,0,0,0,0
"InChI=1S/C11H14ClNO/c1-3-11(14)9-6-5-8(12)7-10(9)13-4-2/h5-7,13H,3-4H2,1-2H3",1,1,4,0,0,0,0,0,0,0,0,0,0,0,0,0,0,0,0,0,1,0,0,0,0,0,0,0,0,0,0,0,0,3,0,0,0,1,0,0,0,0,0,0,0,0,0,0,0,0,0,0,2,0,0,1,0,0,3,0,0,0,0,0,0,1,4,0,2,2,1,0,0,0,0,0,0,0,0,0,0,0,0,0,0,0,3,0,1,0,1,1,0,0,0,0,0,1,0,0,0,0,1,0,0,0,0,0,3,0,0,6,6,0,0,0,0,0,0,12,3,0,2,6,0,0,0,2,1,0,0,1,1,2,0,0,0,0,0,0,0,0,6,0,0,0,1,0,0,0,0,0,6,0,0,0,0
"InChI=1S/C11H14ClNO/c1-7(2)11-9(12)5-4-6-10(11)13-8(3)14/h4-7H,1-3H3,(H,13,14)",1,1,4,0,0,0,0,0,0,0,0,0,0,0,0,0,0,0,0,0,0,0,0,0,0,0,0,0,0,0,0,0,0,0,0,0,0,1,0,0,0,0,0,0,0,0,0,0,1,0,0,1,1,0,0,0,1,0,0,0,0,0,0,0,0,1,2,1,2,2,0,0,0,0,0,0,0,0,0,0,0,0,1,0,0,0,0,0,0,0,1,0,0,1,0,0,0,0,1,1,0,0,0,0,0,0,0,0,0,0,0,6,6,0,0,0,0,0,0,0,0,0,3,0,0,0,1,3,1,0,0,1,1,2,0,0,0,0,0,0,0,1,6,0,0,0,1,0,0,0,0,0,6,0,0,0,0
"InChI=1S/C11H14ClNO/c1-8(2)11(14)13(3)10-7-5-4-6-9(10)12/h4-8H,1-3H3",1,1,4,0,0,0,0,0,0,0,0,0,0,0,0,0,0,0,0,0,1,0,0,0,0,0,0,0,0,0,0,0,0,0,0,1,0,0,0,0,0,0,0,0,0,0,0,0,1,0,0,0,3,0,1,1,0,0,0,0,0,0,0,0,0,1,5,0,2,2,1,0,0,0,0,0,0,0,0,0,0,0,1,0,0,0,0,0,0,0,1,1,0,0,0,0,0,0,1,1,0,0,0,0,0,0,0,0,0,0,0,6,6,0,0,0,0,0,0,0,0,0,3,0,0,0,1,3,1,0,0,1,1,2,0,0,0,0,0,0,0,0,6,0,0,0,1,0,0,0,0,0,6,0,0,0,0
"InChI=1S/C11H14ClNO/c1-3-4-9-5-6-11(10(12)7-9)13-8(2)14/h5-7H,3-4H2,1-2H3,(H,13,14)",1,1,4,0,0,0,0,0,0,0,0,0,0,0,0,0,0,0,0,0,0,0,0,0,0,0,0,0,0,0,0,0,0,0,0,0,0,1,0,0,0,0,0,0,0,0,0,0,0,0,0,1,1,0,0,0,1,0,0,9,0,0,9,0,0,1,2,1,2,2,0,0,0,0,0,0,0,0,0,0,0,0,1,0,0,0,0,0,0,0,1,0,0,1,0,0,0,0,1,1,0,0,0,0,0,0,0,0,0,0,0,6,6,0,0,0,0,0,0,12,0,0,2,3,3,0,0,2,1,0,0,1,1,2,0,0,0,0,0,0,0,1,6,0,0,0,1,0,0,0,0,0,6,0,0,0,0
"InChI=1S/C11H14ClNO/c12-11-8-10(13)6-5-9(11)4-2-1-3-7-14/h5-8H,1-4,13H2",1,1,4,0,0,0,0,0,0,0,0,0,0,0,0,0,0,0,0,0,1,0,0,0,0,0,0,0,0,0,0,0,0,0,0,0,0,1,0,0,0,0,0,0,0,0,0,0,0,0,0,0,1,0,0,1,0,0,0,27,9,0,27,0,0,1,1,0,2,2,1,0,0,0,0,0,0,0,0,0,0,0,0,0,0,0,0,0,1,0,1,1,0,0,0,0,0,0,0,0,0,0,0,0,0,0,0,0,3,0,0,6,6,0,0,0,0,0,0,24,0,0,0,0,0,0,0,0,1,0,0,1,1,2,0,0,0,0,0,0,1,0,6,0,0,0,1,0,0,0,0,0,6,0,0,0,0
"InChI=1S/C11H14ClNO/c1-7(2)11(14)13-10-5-4-8(3)6-9(10)12/h4-7H,1-3H3,(H,13,14)",1,1,4,0,0,0,0,0,0,0,0,0,0,0,0,0,0,0,0,0,0,0,0,0,0,0,0,0,0,0,0,0,0,0,0,0,0,1,0,0,0,0,0,0,0,0,0,0,1,0,0,1,1,0,0,0,1,0,0,0,0,0,0,0,0,1,2,1,2,2,0,0,0,0,0,0,0,0,0,0,0,0,1,0,0,0,0,0,0,0,1,0,0,1,0,0,0,0,1,1,0,0,0,0,0,0,0,0,0,0,0,6,6,0,0,0,0,0,0,0,0,0,3,0,0,0,1,3,1,0,0,1,1,2,0,0,0,0,0,0,0,1,6,0,0,0,1,0,0,0,0,0,6,0,0,0,0
"InChI=1S/C11H14ClNO/c1-3-8-13(9(2)14)11-6-4-10(12)5-7-11/h4-7H,3,8H2,1-2H3",1,1,4,0,0,0,0,0,0,0,0,0,0,0,0,0,0,0,0,0,1,0,0,0,0,0,0,0,0,0,0,0,0,3,0,0,0,0,0,0,0,0,0,0,0,0,0,0,0,0,0,0,3,0,1,1,0,0,0,9,0,0,9,3,0,1,5,0,2,2,1,0,0,0,0,0,0,0,0,0,0,0,1,0,0,0,3,3,0,0,1,1,0,0,0,0,0,0,1,1,0,0,0,0,0,0,0,0,0,0,0,6,6,0,0,0,0,0,0,12,0,0,2,3,3,3,0,2,1,0,0,1,1,2,0,0,0,0,0,0,0,0,6,0,0,0,1,0,0,0,0,0,6,0,0,0,0
"InChI=1S/C11H14ClNO/c1-4-11(14)13(3)9-5-6-10(12)8(2)7-9/h5-7H,4H2,1-3H3",1,1,4,0,0,0,0,0,0,0,0,0,0,0,0,0,0,0,0,0,1,0,0,0,0,0,0,0,0,0,0,0,0,0,0,1,0,0,0,0,0,0,0,0,0,0,0,0,0,0,0,0,3,0,1,1,0,0,0,0,0,0,0,3,0,1,5,0,2,2,1,0,0,0,0,0,0,0,0,0,0,0,1,0,0,0,0,3,0,0,1,1,0,0,0,0,0,0,1,1,0,0,0,0,0,0,0,0,3,0,0,6,6,0,0,0,0,0,0,6,0,0,3,3,0,0,0,3,1,0,0,1,1,2,0,0,0,0,0,0,0,0,6,0,0,0,1,0,0,0,0,0,6,0,0,0,0
"InChI=1S/C11H14ClNO/c1-4-11(14)9-6-5-8(12)7-10(9)13(2)3/h5-7H,4H2,1-3H3",1,1,4,0,0,0,0,0,0,0,0,0,0,0,0,0,0,0,0,0,1,0,0,0,0,0,0,0,0,0,0,0,0,0,0,2,0,0,0,0,0,0,0,0,0,0,0,0,0,0,0,0,3,0,1,1,0,0,0,0,0,0,0,0,0,1,7,0,2,2,1,0,0,0,0,0,0,0,0,0,0,0,0,0,0,0,0,0,0,0,1,1,0,0,0,0,0,1,0,0,0,0,1,0,0,0,0,0,3,0,0,6,6,0,0,0,0,0,0,6,0,1,3,3,0,0,1,3,1,0,0,1,1,2,0,0,0,0,0,0,0,0,6,0,0,0,1,0,0,0,0,0,6,0,0,0,0
"InChI=1S/C11H14ClNO/c1-7(2)11(14)13-10-5-4-9(12)6-8(10)3/h4-7H,1-3H3,(H,13,14)",1,1,4,0,0,0,0,0,0,0,0,0,0,0,0,0,0,0,0,0,1,0,0,0,0,0,0,0,0,0,0,0,0,0,0,0,0,1,0,0,0,0,0,0,0,0,0,0,1,0,0,0,2,0,0,1,0,0,0,0,0,0,0,0,0,1,2,0,2,2,1,0,0,0,0,0,0,0,0,0,0,0,1,0,0,0,0,0,1,0,1,1,0,0,0,0,0,0,1,1,0,0,0,0,0,0,0,0,0,0,0,6,6,0,0,0,0,0,0,0,0,0,3,0,0,0,1,3,1,0,0,1,1,2,0,0,0,0,0,0,0,0,6,0,0,0,1,0,0,0,0,0,6,0,0,0,0
"InChI=1S/C11H14ClNO/c1-3-10(14)7-8-6-9(13-2)4-5-11(8)12/h4-6,13H,3,7H2,1-2H3",1,1,4,0,0,0,0,0,0,0,0,0,0,0,0,0,0,0,0,0,1,0,0,0,0,0,0,0,0,0,0,0,0,0,0,1,0,1,0,0,0,0,0,0,0,0,0,0,0,0,0,0,2,0,0,1,0,0,3,0,0,0,0,3,0,1,4,0,2,2,1,0,0,0,0,0,0,0,0,0,0,0,0,0,0,0,0,0,1,0,1,1,0,0,0,0,0,1,0,0,0,0,0,0,0,0,0,0,6,0,0,6,6,0,0,0,0,0,0,12,0,0,2,3,0,0,0,2,1,0,0,1,1,2,0,0,0,0,0,0,0,0,6,0,0,0,1,0,0,0,0,0,6,0,0,0,0
"InChI=1S/C11H14ClNO/c1-3-13(9(2)14)8-10-6-4-5-7-11(10)12/h4-7H,3,8H2,1-2H3",1,1,4,0,0,0,0,0,0,0,0,0,0,0,0,0,0,0,0,0,1,0,0,0,0,0,0,0,0,0,0,0,0,6,0,0,0,0,0,0,0,0,0,0,0,0,0,0,0,0,0,0,3,0,1,1,0,0,0,0,0,0,0,9,0,1,7,0,0,0,1,0,0,0,0,0,0,0,0,0,0,0,1,0,0,0,6,0,0,0,1,1,0,0,0,0,0,0,1,1,0,0,0,0,0,0,0,0,0,0,0,6,6,0,0,0,0,0,0,12,0,1,2,3,0,0,0,2,1,0,0,1,1,2,0,0,0,0,0,0,0,0,6,0,0,0,1,0,0,0,0,0,6,0,0,0,0
"InChI=1S/C11H14ClNO/c1-4-11(14)8-5-6-9(12)10(7-8)13(2)3/h5-7H,4H2,1-3H3",1,1,4,0,0,0,0,0,0,0,0,0,0,0,0,0,0,0,0,0,1,0,0,0,0,0,0,0,0,0,0,0,0,0,0,2,0,0,0,0,0,0,0,0,0,0,0,0,0,0,0,0,3,0,1,1,0,0,0,0,0,0,0,0,0,1,7,0,2,2,1,0,0,0,0,0,0,0,0,0,0,0,0,0,0,0,0,0,0,0,1,1,0,0,0,0,0,1,0,0,0,0,0,0,0,0,0,0,3,0,0,6,6,0,0,0,0,0,0,6,0,1,3,3,0,0,1,3,1,0,0,1,1,2,0,0,0,0,0,0,0,0,6,0,0,0,1,0,0,0,0,0,6,0,0,0,0
"InChI=1S/C11H14ClNO/c1-8(13(3)9(2)14)10-4-6-11(12)7-5-10/h4-8H,1-3H3",1,1,4,0,0,0,0,0,0,0,0,0,0,0,0,0,0,0,0,0,1,0,0,0,0,0,0,0,0,0,0,0,0,0,0,1,0,0,0,0,0,0,0,0,0,0,0,0,0,0,0,0,3,0,1,1,0,0,0,0,0,0,0,0,0,1,7,0,0,0,1,0,0,0,0,0,0,0,0,0,0,0,1,0,0,0,0,0,0,0,1,1,0,0,0,0,0,0,1,1,0,0,0,0,0,0,0,0,0,0,0,6,6,0,0,0,0,0,0,0,0,0,3,0,0,0,0,3,1,0,0,1,1,2,0,0,0,0,0,0,0,0,6,0,0,0,1,0,0,0,0,0,6,0,0,0,0
"InChI=1S/C11H14ClNO/c1-7(2)11(14)13-9-5-4-8(3)10(12)6-9/h4-7H,1-3H3,(H,13,14)",1,1,4,0,0,0,0,0,0,0,0,0,0,0,0,0,0,0,0,0,0,0,0,0,0,0,0,0,0,0,0,0,0,0,0,0,0,1,0,0,0,0,0,0,0,0,0,0,1,0,0,1,1,0,0,0,1,0,0,0,0,0,0,0,0,1,2,1,2,2,0,0,0,0,0,0,0,0,0,0,0,0,1,0,0,0,0,0,0,0,1,0,0,1,0,0,0,0,1,1,0,0,0,0,0,0,0,0,0,0,0,6,6,0,0,0,0,0,0,0,0,0,3,0,0,0,1,3,1,0,0,1,1,2,0,0,0,0,0,0,0,1,6,0,0,0,1,0,0,0,0,0,6,0,0,0,0
"InChI=1S/C11H14ClNO/c1-8(13(3)9(2)14)10-6-4-5-7-11(10)12/h4-8H,1-3H3",1,1,4,0,0,0,0,0,0,0,0,0,0,0,0,0,0,0,0,0,1,0,0,0,0,0,0,0,0,0,0,0,0,0,0,1,0,0,0,0,0,0,0,0,0,0,0,0,0,0,0,0,3,0,1,1,0,0,0,0,0,0,0,0,0,1,7,0,0,0,1,0,0,0,0,0,0,0,0,0,0,0,1,0,0,0,0,0,0,0,1,1,0,0,0,0,0,0,1,1,0,0,0,0,0,0,0,0,0,0,0,6,6,0,0,0,0,0,0,0,0,0,3,0,0,0,0,3,1,0,0,1,1,2,0,0,0,0,0,0,0,0,6,0,0,0,1,0,0,0,0,0,6,0,0,0,0
"InChI=1S/C11H14ClNO/c1-3-13(9(2)14)8-10-4-6-11(12)7-5-10/h4-7H,3,8H2,1-2H3",1,1,4,0,0,0,0,0,0,0,0,0,0,0,0,0,0,0,0,0,1,0,0,0,0,0,0,0,0,0,0,0,0,6,0,0,0,0,0,0,0,0,0,0,0,0,0,0,0,0,0,0,3,0,1,1,0,0,0,0,0,0,0,9,0,1,7,0,0,0,1,0,0,0,0,0,0,0,0,0,0,0,1,0,0,0,6,0,0,0,1,1,0,0,0,0,0,0,1,1,0,0,0,0,0,0,0,0,0,0,0,6,6,0,0,0,0,0,0,12,0,1,2,3,0,0,0,2,1,0,0,1,1,2,0,0,0,0,0,0,0,0,6,0,0,0,1,0,0,0,0,0,6,0,0,0,0
"InChI=1S/C11H14ClNO/c1-8(13(3)9(2)14)10-5-4-6-11(12)7-10/h4-8H,1-3H3",1,1,4,0,0,0,0,0,0,0,0,0,0,0,0,0,0,0,0,0,1,0,0,0,0,0,0,0,0,0,0,0,0,0,0,1,0,0,0,0,0,0,0,0,0,0,0,0,0,0,0,0,3,0,1,1,0,0,0,0,0,0,0,0,0,1,7,0,0,0,1,0,0,0,0,0,0,0,0,0,0,0,1,0,0,0,0,0,0,0,1,1,0,0,0,0,0,0,1,1,0,0,0,0,0,0,0,0,0,0,0,6,6,0,0,0,0,0,0,0,0,0,3,0,0,0,0,3,1,0,0,1,1,2,0,0,0,0,0,0,0,0,6,0,0,0,1,0,0,0,0,0,6,0,0,0,0
"InChI=1S/C11H14ClNO/c1-7(2)11(14)13-10-6-4-5-9(12)8(10)3/h4-7H,1-3H3,(H,13,14)",1,1,4,0,0,0,0,0,0,0,0,0,0,0,0,0,0,0,0,0,0,0,0,0,0,0,0,0,0,0,0,0,0,0,0,0,0,1,0,0,0,0,0,0,0,0,0,0,1,0,0,1,1,0,0,0,1,0,0,0,0,0,0,0,0,1,2,1,2,2,0,0,0,0,0,0,0,0,0,0,0,0,1,0,0,0,0,0,0,0,1,0,0,1,0,0,0,0,1,1,0,0,0,0,0,0,0,0,0,0,0,6,6,0,0,0,0,0,0,0,0,0,3,0,0,0,1,3,1,0,0,1,1,2,0,0,0,0,0,0,0,1,6,0,0,0,1,0,0,0,0,0,6,0,0,0,0
"InChI=1S/C11H14ClNO/c1-4-10(14)8-6-5-7-9(12)11(8)13(2)3/h5-7H,4H2,1-3H3",1,1,4,0,0,0,0,0,0,0,0,0,0,0,0,0,0,0,0,0,1,0,0,0,0,0,0,0,0,0,0,0,0,0,0,2,0,0,0,0,0,0,0,0,0,0,0,0,0,0,0,0,3,0,1,1,0,0,0,0,0,0,0,0,0,1,7,0,2,2,1,0,0,0,0,0,0,0,0,0,0,0,0,0,0,0,0,0,0,0,1,1,0,0,0,0,0,1,0,0,0,0,1,0,0,0,0,0,3,0,0,6,6,0,0,0,0,0,0,6,0,1,3,3,0,0,1,3,1,0,0,1,1,2,0,0,0,0,0,0,0,0,6,0,0,0,1,0,0,0,0,0,6,0,0,0,0
"InChI=1S/C11H14ClNO/c1-7(8(2)14)10-6-9(12)4-5-11(10)13-3/h4-7,13H,1-3H3",1,1,4,0,0,0,0,0,0,0,0,0,0,0,0,0,0,0,0,0,1,0,0,0,0,0,0,0,0,0,0,0,0,0,0,1,0,1,0,0,0,0,0,0,0,0,0,0,1,0,0,0,2,0,0,1,0,0,0,0,0,0,0,0,0,1,4,0,2,2,1,0,0,0,0,0,0,0,0,0,0,0,0,0,0,0,0,0,1,0,1,1,0,0,0,0,0,1,0,0,0,0,0,0,0,0,0,0,0,0,0,6,6,0,0,0,0,0,0,0,0,0,3,0,0,0,0,3,1,0,0,1,1,2,0,0,0,0,0,0,0,0,6,0,0,0,1,0,0,0,0,0,6,0,0,0,0
"InChI=1S/C11H14ClNO/c1-7(2)11(14)13-9-4-5-10(12)8(3)6-9/h4-7H,1-3H3,(H,13,14)",1,1,4,0,0,0,0,0,0,0,0,0,0,0,0,0,0,0,0,0,1,0,0,0,0,0,0,0,0,0,0,0,0,0,0,0,0,1,0,0,0,0,0,0,0,0,0,0,1,0,0,0,2,0,0,1,0,0,0,0,0,0,0,0,0,1,2,0,2,2,1,0,0,0,0,0,0,0,0,0,0,0,1,0,0,0,0,0,1,0,1,1,0,0,0,0,0,0,1,1,0,0,0,0,0,0,0,0,0,0,0,6,6,0,0,0,0,0,0,0,0,0,3,0,0,0,1,3,1,0,0,1,1,2,0,0,0,0,0,0,0,0,6,0,0,0,1,0,0,0,0,0,6,0,0,0,0
"InChI=1S/C11H14ClNO/c1-7(2)10-6-9(12)4-5-11(10)13-8(3)14/h4-7H,1-3H3,(H,13,14)",1,1,4,0,0,0,0,0,0,0,0,0,0,0,0,0,0,0,0,0,0,0,0,0,0,0,0,0,0,0,0,0,0,0,0,0,0,1,0,0,0,0,0,0,0,0,0,0,1,0,0,1,1,0,0,0,1,0,0,0,0,0,0,0,0,1,2,1,2,2,0,0,0,0,0,0,0,0,0,0,0,0,1,0,0,0,0,0,0,0,1,0,0,1,0,0,0,0,1,1,0,0,0,0,0,0,0,0,0,0,0,6,6,0,0,0,0,0,0,0,0,0,3,0,0,0,1,3,1,0,0,1,1,2,0,0,0,0,0,0,0,1,6,0,0,0,1,0,0,0,0,0,6,0,0,0,0
"InChI=1S/C11H14ClNO/c1-3-13(9(2)14)8-10-5-4-6-11(12)7-10/h4-7H,3,8H2,1-2H3",1,1,4,0,0,0,0,0,0,0,0,0,0,0,0,0,0,0,0,0,1,0,0,0,0,0,0,0,0,0,0,0,0,6,0,0,0,0,0,0,0,0,0,0,0,0,0,0,0,0,0,0,3,0,1,1,0,0,0,0,0,0,0,9,0,1,7,0,0,0,1,0,0,0,0,0,0,0,0,0,0,0,1,0,0,0,6,0,0,0,1,1,0,0,0,0,0,0,1,1,0,0,0,0,0,0,0,0,0,0,0,6,6,0,0,0,0,0,0,12,0,1,2,3,0,0,0,2,1,0,0,1,1,2,0,0,0,0,0,0,0,0,6,0,0,0,1,0,0,0,0,0,6,0,0,0,0
"InChI=1S/C11H14ClNO/c1-9-2-3-11(10(12)8-9)13-4-6-14-7-5-13/h2-3,8H,4-7H2,1H3",1,1,5,0,0,0,0,0,0,0,0,0,0,0,0,0,0,0,0,0,1,0,0,0,0,0,0,0,0,0,0,0,0,12,0,0,0,0,0,0,0,0,0,0,0,0,0,0,0,0,0,0,3,0,1,0,2,0,0,18,33,16,18,0,2,1,7,0,2,2,1,2,0,0,0,0,0,0,0,0,0,0,0,2,0,0,6,6,0,1,1,0,0,0,0,0,0,0,0,0,0,0,0,0,0,0,0,6,6,0,1,6,6,0,0,0,0,2,0,4,0,2,1,0,0,0,0,1,1,0,0,1,1,2,0,0,0,0,0,0,0,0,12,0,0,0,2,0,0,0,1,1,18,0,0,0,0
"InChI=1S/C11H14ClNO/c1-8(2)11(7-14)13-10-5-3-4-9(12)6-10/h3-8,11,13H,1-2H3",1,1,4,0,0,0,0,0,0,0,0,0,0,0,0,0,0,0,0,0,1,0,0,0,0,0,0,0,0,0,0,0,0,0,0,0,0,1,0,0,0,0,0,0,0,0,0,0,1,0,0,0,2,0,0,1,0,0,0,0,0,0,0,0,0,1,4,0,2,2,1,0,0,0,0,0,0,0,0,0,0,0,0,1,0,0,0,0,1,0,1,1,0,0,0,0,0,0,0,0,0,0,0,0,0,0,0,0,0,0,0,6,6,0,0,0,0,0,0,0,0,0,2,0,0,0,1,2,1,0,0,1,1,2,0,0,0,0,0,0,0,0,6,0,0,0,1,0,0,0,0,0,6,0,0,0,0
"InChI=1S/C11H14ClNO/c1-9(13(2)7-8-14)10-3-5-11(12)6-4-10/h3-6,8-9H,7H2,1-2H3",1,1,4,0,0,0,0,0,0,0,0,0,0,0,0,0,0,0,0,0,1,0,0,0,0,0,0,0,0,0,0,0,0,3,0,1,0,0,0,0,0,0,0,0,0,0,0,0,0,0,0,0,3,0,1,1,0,0,0,0,0,0,0,3,0,1,9,0,0,0,1,0,0,0,0,0,0,0,0,0,0,0,0,1,0,0,3,0,0,0,1,1,0,0,0,0,0,0,0,0,0,0,0,0,0,0,0,0,3,0,0,6,6,0,0,0,0,0,0,6,0,1,2,0,3,0,0,2,1,0,0,1,1,2,0,0,0,0,0,0,0,0,6,0,0,0,1,0,0,0,0,0,6,0,0,0,0
"InChI=1S/C11H14ClNO/c1-7(2)11(14)13-10-6-9(12)5-4-8(10)3/h4-7H,1-3H3,(H,13,14)",1,1,4,0,0,0,0,0,0,0,0,0,0,0,0,0,0,0,0,0,0,0,0,0,0,0,0,0,0,0,0,0,0,0,0,0,0,1,0,0,0,0,0,0,0,0,0,0,1,0,0,1,1,0,0,0,1,0,0,0,0,0,0,0,0,1,2,1,2,2,0,0,0,0,0,0,0,0,0,0,0,0,1,0,0,0,0,0,0,0,1,0,0,1,0,0,0,0,1,1,0,0,0,0,0,0,0,0,0,0,0,6,6,0,0,0,0,0,0,0,0,0,3,0,0,0,1,3,1,0,0,1,1,2,0,0,0,0,0,0,0,1,6,0,0,0,1,0,0,0,0,0,6,0,0,0,0
"InChI=1S/C11H14ClNO/c1-9(13(2)7-8-14)10-5-3-4-6-11(10)12/h3-6,8-9H,7H2,1-2H3",1,1,4,0,0,0,0,0,0,0,0,0,0,0,0,0,0,0,0,0,1,0,0,0,0,0,0,0,0,0,0,0,0,3,0,1,0,0,0,0,0,0,0,0,0,0,0,0,0,0,0,0,3,0,1,1,0,0,0,0,0,0,0,3,0,1,9,0,0,0,1,0,0,0,0,0,0,0,0,0,0,0,0,1,0,0,3,0,0,0,1,1,0,0,0,0,0,0,0,0,0,0,0,0,0,0,0,0,3,0,0,6,6,0,0,0,0,0,0,6,0,1,2,0,3,0,0,2,1,0,0,1,1,2,0,0,0,0,0,0,0,0,6,0,0,0,1,0,0,0,0,0,6,0,0,0,0
"InChI=1S/C11H14ClNO/c1-9(13(2)6-7-14)10-4-3-5-11(12)8-10/h3-5,7-9H,6H2,1-2H3",1,1,4,0,0,0,0,0,0,0,0,0,0,0,0,0,0,0,0,0,1,0,0,0,0,0,0,0,0,0,0,0,0,3,0,1,0,0,0,0,0,0,0,0,0,0,0,0,0,0,0,0,3,0,1,1,0,0,0,0,0,0,0,3,0,1,9,0,0,0,1,0,0,0,0,0,0,0,0,0,0,0,0,1,0,0,3,0,0,0,1,1,0,0,0,0,0,0,0,0,0,0,0,0,0,0,0,0,3,0,0,6,6,0,0,0,0,0,0,6,0,1,2,0,3,0,0,2,1,0,0,1,1,2,0,0,0,0,0,0,0,0,6,0,0,0,1,0,0,0,0,0,6,0,0,0,0
"InChI=1S/C11H14ClNO/c12-11-6-9(13)5-4-8(11)7-14-10-2-1-3-10/h4-6,10H,1-3,7,13H2",1,1,5,0,0,0,0,0,0,0,0,0,0,0,0,0,0,0,0,0,1,0,0,0,0,0,0,0,0,0,0,0,0,3,0,0,0,1,0,0,0,0,0,0,0,0,0,0,0,0,0,0,1,0,0,0,2,0,0,17,26,15,17,0,0,1,1,0,2,2,1,0,0,0,0,0,0,0,0,0,0,0,0,0,0,0,0,0,1,0,1,0,0,1,0,0,0,1,0,0,0,0,0,0,0,0,0,3,6,2,0,6,6,0,0,0,0,0,0,9,0,0,0,0,0,0,0,0,1,0,0,1,1,2,0,0,0,0,0,0,1,0,10,0,1,0,1,0,0,0,0,0,22,0,0,0,0
"InChI=1S/C11H14ClNO/c1-9-2-3-10(8-11(9)12)13-4-6-14-7-5-13/h2-3,8H,4-7H2,1H3",1,1,5,0,0,0,0,0,0,0,0,0,0,0,0,0,0,0,0,0,1,0,0,0,0,0,0,0,0,0,0,0,0,12,0,0,0,0,0,0,0,0,0,0,0,0,0,0,0,0,0,0,3,0,1,0,2,0,0,18,33,16,18,0,2,1,7,0,2,2,1,2,0,0,0,0,0,0,0,0,0,0,0,2,0,0,6,6,0,1,1,0,0,0,0,0,0,0,0,0,0,0,0,0,0,0,0,6,6,0,1,6,6,0,0,0,0,2,0,4,0,2,1,0,0,0,0,1,1,0,0,1,1,2,0,0,0,0,0,0,0,0,12,0,0,0,2,0,0,0,1,1,18,0,0,0,0
"InChI=1S/C11H14ClNO/c12-10-5-2-6-11(13)9(10)7-14-8-3-1-4-8/h2,5-6,8H,1,3-4,7,13H2",1,1,5,0,0,0,0,0,0,0,0,0,0,0,0,0,0,0,0,0,1,0,0,0,0,0,0,0,0,0,0,0,0,3,0,0,0,1,0,0,0,0,0,0,0,0,0,0,0,0,0,0,1,0,0,0,2,3,0,17,26,15,17,0,0,1,1,0,2,2,1,0,0,0,0,0,0,0,0,0,0,0,0,0,0,0,0,0,1,0,1,0,0,1,0,0,0,1,0,0,0,0,1,0,0,0,0,3,6,2,0,6,6,0,0,0,0,0,0,9,0,0,0,0,0,0,0,0,1,0,0,1,1,2,0,0,0,0,0,0,1,0,10,0,1,0,1,0,0,0,0,0,22,0,0,0,0
"InChI=1S/C11H14ClNO/c1-3-7-13(2)11-6-4-5-10(12)9(11)8-14/h4-6,8H,3,7H2,1-2H3",1,1,4,0,0,0,0,0,0,0,0,0,0,0,0,0,0,0,0,0,1,0,0,0,0,0,0,0,0,0,0,0,0,3,0,1,0,0,0,0,0,0,0,0,0,0,0,0,0,0,0,0,3,0,1,1,0,0,0,9,0,0,9,3,0,1,7,0,2,2,1,0,0,0,0,0,0,0,0,0,0,0,0,0,0,0,3,3,0,0,1,1,0,0,0,0,0,0,0,0,0,0,1,0,0,0,0,0,0,0,0,6,6,0,0,0,0,0,0,12,0,1,2,3,6,0,0,2,1,0,0,1,1,2,0,0,0,0,0,0,0,0,6,0,0,0,1,0,0,0,0,0,6,0,0,0,0
"InChI=1S/C11H14ClNO/c1-3-4-11(14)13-10-6-5-8(2)7-9(10)12/h5-7H,3-4H2,1-2H3,(H,13,14)",1,1,4,0,0,0,0,0,0,0,0,0,0,0,0,0,0,0,0,0,0,0,0,0,0,0,0,0,0,0,0,0,0,0,0,0,0,1,0,0,0,3,0,0,0,0,0,0,0,0,0,1,1,0,0,0,1,3,0,9,0,0,9,0,0,1,2,1,2,2,0,0,0,0,0,0,0,0,0,0,0,0,1,0,0,0,0,3,0,0,1,0,0,1,0,0,0,0,1,1,0,0,0,0,0,0,0,0,3,0,0,6,6,0,0,0,0,0,0,12,0,0,2,3,3,0,0,2,1,0,0,1,1,2,0,0,0,0,0,0,0,1,6,0,0,0,1,0,0,0,0,0,6,0,0,0,0
"InChI=1S/C11H14ClNO/c1-3-4-11(14)13-10-6-5-9(12)7-8(10)2/h5-7H,3-4H2,1-2H3,(H,13,14)",1,1,4,0,0,0,0,0,0,0,0,0,0,0,0,0,0,0,0,0,1,0,0,0,0,0,0,0,0,0,0,0,0,0,0,0,0,1,0,0,0,3,0,0,0,0,0,0,0,0,0,0,2,0,0,1,0,3,0,9,0,0,9,0,0,1,2,0,2,2,1,0,0,0,0,0,0,0,0,0,0,0,1,0,0,0,0,3,1,0,1,1,0,0,0,0,0,0,1,1,0,0,0,0,0,0,0,0,3,0,0,6,6,0,0,0,0,0,0,12,0,0,2,3,3,0,0,2,1,0,0,1,1,2,0,0,0,0,0,0,0,0,6,0,0,0,1,0,0,0,0,0,6,0,0,0,0
"InChI=1S/C11H14ClNO/c1-7(2)11(14)13-10-8(3)5-4-6-9(10)12/h4-7H,1-3H3,(H,13,14)",1,1,4,0,0,0,0,0,0,0,0,0,0,0,0,0,0,0,0,0,0,0,0,0,0,0,0,0,0,0,0,0,0,0,0,0,0,1,0,0,0,0,0,0,0,0,0,0,1,0,0,1,1,0,0,0,1,0,0,0,0,0,0,0,0,1,2,1,2,2,0,0,0,0,0,0,0,0,0,0,0,0,1,0,0,0,0,0,0,0,1,0,0,1,0,0,0,0,1,1,0,0,0,0,0,0,0,0,0,0,0,6,6,0,0,0,0,0,0,0,0,0,3,0,0,0,1,3,1,0,0,1,1,2,0,0,0,0,0,0,0,1,6,0,0,0,1,0,0,0,0,0,6,0,0,0,0
"InChI=1S/C11H14ClNO/c1-2-3-4-11(14)9-6-5-8(12)7-10(9)13/h2,5-7,11,14H,1,3-4,13H2",1,1,3,0,0,0,0,0,0,0,0,0,0,0,0,0,0,0,0,0,1,0,0,0,0,0,0,0,0,0,0,0,0,0,0,0,0,2,0,0,1,3,0,1,2,0,0,0,0,0,0,0,1,0,0,0,1,3,3,9,6,0,9,0,0,1,1,0,2,2,1,0,0,0,0,0,0,0,0,0,0,0,0,0,0,0,0,0,1,0,1,0,0,1,0,0,0,1,0,0,0,0,1,0,0,0,0,0,3,0,0,6,6,0,0,0,0,0,1,15,0,0,0,0,0,0,0,0,1,0,0,1,1,2,0,0,0,0,0,0,1,1,6,0,0,0,1,0,0,0,0,0,6,0,0,0,0
"InChI=1S/C11H14ClNO/c1-4-13-11-6-10(12)9(8(3)14)5-7(11)2/h5-6,13H,4H2,1-3H3",1,1,4,0,0,0,0,0,0,0,0,0,0,0,0,0,0,0,0,0,1,0,0,0,0,0,0,0,0,0,0,0,0,3,0,0,0,1,0,0,0,0,0,0,0,0,0,0,0,0,0,0,2,0,0,1,0,0,0,0,0,0,0,0,0,1,4,0,2,2,1,0,0,0,0,0,0,0,0,0,0,0,0,0,0,0,3,0,1,0,1,1,0,0,0,0,0,1,0,0,0,0,0,0,0,0,0,0,0,0,0,6,6,0,0,0,0,0,0,6,3,0,3,3,0,3,0,3,1,0,0,1,1,2,0,0,0,0,0,0,0,0,6,0,0,0,1,0,0,0,0,0,6,0,0,0,0
"InChI=1S/C11H14ClNO/c1-8-3-4-10(7-11(8)12)13-6-5-9(2)14/h3-4,7,13H,5-6H2,1-2H3",1,1,4,0,0,0,0,0,0,0,0,0,0,0,0,0,0,0,0,0,1,0,0,0,0,0,0,0,0,0,0,0,0,3,0,0,0,1,0,0,0,3,0,0,0,0,0,0,0,0,0,0,2,0,0,1,0,0,0,9,0,0,9,3,0,1,4,0,2,2,1,0,0,0,0,0,0,0,0,0,0,0,0,0,0,0,3,3,1,0,1,1,0,0,0,0,0,1,0,0,0,0,1,0,0,0,0,0,3,0,0,6,6,0,0,0,0,0,0,12,3,0,2,0,3,0,0,2,1,0,0,1,1,2,0,0,0,0,0,0,0,0,6,0,0,0,1,0,0,0,0,0,6,0,0,0,0
"InChI=1S/C11H14ClNO/c12-9-5-4-8(11(13)6-9)7-14-10-2-1-3-10/h4-6,10H,1-3,7,13H2",1,1,5,0,0,0,0,0,0,0,0,0,0,0,0,0,0,0,0,0,1,0,0,0,0,0,0,0,0,0,0,0,0,3,0,0,0,1,0,0,0,0,0,0,0,0,0,0,0,0,0,0,1,0,0,0,2,3,0,17,26,15,17,0,0,1,1,0,2,2,1,0,0,0,0,0,0,0,0,0,0,0,0,0,0,0,0,0,1,0,1,0,0,1,0,0,0,1,0,0,0,0,1,0,0,0,0,3,6,2,0,6,6,0,0,0,0,0,0,9,0,0,0,0,0,0,0,0,1,0,0,1,1,2,0,0,0,0,0,0,1,0,10,0,1,0,1,0,0,0,0,0,22,0,0,0,0
"InChI=1S/C11H14ClNO/c1-3-4-11(14)13-9-6-5-8(2)10(12)7-9/h5-7H,3-4H2,1-2H3,(H,13,14)",1,1,4,0,0,0,0,0,0,0,0,0,0,0,0,0,0,0,0,0,0,0,0,0,0,0,0,0,0,0,0,0,0,0,0,0,0,1,0,0,0,3,0,0,0,0,0,0,0,0,0,1,1,0,0,0,1,3,0,9,0,0,9,0,0,1,2,1,2,2,0,0,0,0,0,0,0,0,0,0,0,0,1,0,0,0,0,3,0,0,1,0,0,1,0,0,0,0,1,1,0,0,0,0,0,0,0,0,3,0,0,6,6,0,0,0,0,0,0,12,0,0,2,3,3,0,0,2,1,0,0,1,1,2,0,0,0,0,0,0,0,1,6,0,0,0,1,0,0,0,0,0,6,0,0,0,0
"InChI=1S/C11H14ClNO/c1-3-11(14)13-8(2)9-4-6-10(12)7-5-9/h4-8H,3H2,1-2H3,(H,13,14)",1,1,4,0,0,0,0,0,0,0,0,0,0,0,0,0,0,0,0,0,0,0,0,0,0,0,0,0,0,0,0,0,0,0,0,0,0,1,0,0,0,3,0,0,0,0,0,0,0,0,0,1,1,0,0,0,1,0,0,0,0,0,0,0,0,1,4,1,0,0,0,0,0,0,0,0,0,0,0,0,0,0,1,0,0,0,0,3,0,0,1,0,0,1,0,0,0,0,1,1,0,0,0,0,0,0,0,0,3,0,0,6,6,0,0,0,0,0,0,6,0,0,2,3,0,3,0,2,1,0,0,1,1,2,0,0,0,0,0,0,0,1,6,0,0,0,1,0,0,0,0,0,6,0,0,0,0
"InChI=1S/C11H14ClNO/c12-11-6-5-10(13)8-9(11)4-2-1-3-7-14/h5-8H,1-4,13H2",1,1,4,0,0,0,0,0,0,0,0,0,0,0,0,0,0,0,0,0,1,0,0,0,0,0,0,0,0,0,0,0,0,0,0,0,0,1,0,0,0,0,0,0,0,0,0,0,0,0,0,0,1,0,0,1,0,0,3,27,9,0,27,0,0,1,1,0,2,2,1,0,0,0,0,0,0,0,0,0,0,0,0,0,0,0,0,0,1,0,1,1,0,0,0,0,0,0,0,0,0,0,0,0,0,0,0,0,3,0,0,6,6,0,0,0,0,0,0,24,0,0,0,0,0,0,0,0,1,0,0,1,1,2,0,0,0,0,0,0,1,0,6,0,0,0,1,0,0,0,0,0,6,0,0,0,0
"InChI=1S/C11H14ClNO/c1-3-13(4-2)11(14)9-6-5-7-10(12)8-9/h5-8H,3-4H2,1-2H3",1,1,4,0,0,0,0,0,0,0,0,0,0,0,0,0,0,0,0,0,1,0,0,0,0,0,0,0,0,0,0,0,0,6,0,0,0,0,0,0,0,0,0,0,0,0,0,0,0,0,0,0,3,0,1,1,0,0,0,0,0,0,0,5,0,1,7,0,0,0,1,0,0,0,0,0,0,0,0,0,0,0,1,0,0,0,6,0,0,0,1,1,0,0,0,0,0,0,1,1,0,0,0,0,0,0,0,0,0,0,0,6,6,0,0,0,0,0,0,12,0,1,2,6,0,0,0,2,1,0,0,1,1,2,0,0,0,0,0,0,0,0,6,0,0,0,1,0,0,0,0,0,6,0,0,0,0
"InChI=1S/C11H14ClNO/c1-3-13(4-2)10-7-5-9(6-8-10)11(12)14/h5-8H,3-4H2,1-2H3",1,1,4,0,0,0,0,0,0,0,0,0,0,0,0,0,0,0,0,0,1,0,0,0,0,0,0,0,0,0,0,0,0,6,0,0,0,0,0,0,0,0,0,0,0,0,0,0,0,0,0,0,3,0,1,1,0,0,0,0,0,0,0,5,0,1,7,0,2,2,1,0,0,0,0,0,0,0,0,0,0,0,0,0,0,0,6,0,0,0,1,1,0,0,0,0,0,0,0,0,0,0,0,0,0,0,0,0,0,0,0,6,6,0,0,0,0,0,0,12,0,1,2,6,0,0,0,2,1,0,0,1,1,0,0,0,0,0,0,0,0,0,6,0,0,0,1,0,0,0,0,0,6,0,0,0,0
"InChI=1S/C11H14ClNO/c1-3-13-8(2)11(14)9-4-6-10(12)7-5-9/h4-8,13H,3H2,1-2H3",1,1,4,0,0,0,0,0,0,0,0,0,0,0,0,0,0,0,0,0,1,0,0,0,0,0,0,0,0,0,0,0,0,3,0,0,0,1,0,0,0,0,0,0,0,0,0,0,0,0,0,0,2,0,0,1,0,0,0,0,0,0,0,3,0,1,6,0,0,0,1,0,0,0,0,0,0,0,0,0,0,0,0,1,0,0,3,0,1,0,1,1,0,0,0,0,0,1,0,0,0,0,0,0,0,0,0,0,0,0,0,6,6,0,0,0,0,0,0,6,3,0,2,3,0,0,0,2,1,0,0,1,1,2,0,0,0,0,0,0,0,0,6,0,0,0,1,0,0,0,0,0,6,0,0,0,0
"InChI=1S/C11H14ClNO/c1-8(14)11(13(2)3)9-4-6-10(12)7-5-9/h4-7,11H,1-3H3",1,1,4,0,0,0,0,0,0,0,0,0,0,0,0,0,0,0,0,0,1,0,0,0,0,0,0,0,0,0,0,0,0,0,0,2,0,0,0,0,0,0,0,0,0,0,0,0,0,0,0,0,3,0,1,1,0,0,0,0,0,0,0,0,0,1,9,0,0,0,1,0,0,0,0,0,0,0,0,0,0,0,0,1,0,0,0,0,0,0,1,1,0,0,0,0,0,1,0,0,0,0,0,0,0,0,0,0,0,0,0,6,6,0,0,0,0,0,0,0,0,1,3,0,0,0,1,3,1,0,0,1,1,2,0,0,0,0,0,0,0,0,6,0,0,0,1,0,0,0,0,0,6,0,0,0,0
"InChI=1S/C11H14ClNO/c1-3-5-11(14)13-10-7-4-6-9(12)8(10)2/h4,6-7H,3,5H2,1-2H3,(H,13,14)",1,1,4,0,0,0,0,0,0,0,0,0,0,0,0,0,0,0,0,0,0,0,0,0,0,0,0,0,0,0,0,0,0,0,0,0,0,1,0,0,0,3,0,0,0,0,0,0,0,0,0,1,1,0,0,0,1,3,0,9,0,0,9,0,0,1,2,1,2,2,0,0,0,0,0,0,0,0,0,0,0,0,1,0,0,0,0,3,0,0,1,0,0,1,0,0,0,0,1,1,0,0,0,0,0,0,0,0,3,0,0,6,6,0,0,0,0,0,0,12,0,0,2,3,3,0,0,2,1,0,0,1,1,2,0,0,0,0,0,0,0,1,6,0,0,0,1,0,0,0,0,0,6,0,0,0,0
"InChI=1S/C11H14ClNO/c1-4-9-10(12)6-5-7(2)11(9)13-8(3)14/h5-6H,4H2,1-3H3,(H,13,14)",1,1,4,0,0,0,0,0,0,0,0,0,0,0,0,0,0,0,0,0,0,0,0,0,0,0,0,0,0,0,0,0,0,0,0,0,0,1,0,0,0,0,0,0,0,0,0,0,0,0,0,1,1,0,0,0,1,0,0,0,0,0,0,0,0,1,2,1,2,2,0,0,0,0,0,0,0,0,0,0,0,0,1,0,0,0,0,0,0,0,1,0,0,1,0,0,0,0,1,1,0,0,0,0,0,0,0,0,0,0,0,6,6,0,0,0,0,0,0,6,0,0,3,3,0,3,0,3,1,0,0,1,1,2,0,0,0,0,0,0,0,1,6,0,0,0,1,0,0,0,0,0,6,0,0,0,0
"InChI=1S/C11H14ClNO/c12-11-9(5-2-1-3-8-14)6-4-7-10(11)13/h4,6-8H,1-3,5,13H2",1,1,4,0,0,0,0,0,0,0,0,0,0,0,0,0,0,0,0,0,1,0,0,0,0,0,0,0,0,0,0,0,0,0,0,0,0,1,0,0,0,0,0,0,0,0,0,0,0,0,0,0,1,0,0,1,0,0,3,27,9,0,27,0,0,1,1,0,2,2,1,0,0,0,0,0,0,0,0,0,0,0,0,0,0,0,0,0,1,0,1,1,0,0,0,0,0,0,0,0,0,0,0,0,0,0,0,0,3,0,0,6,6,0,0,0,0,0,0,24,0,0,0,0,0,0,0,0,1,0,0,1,1,2,0,0,0,0,0,0,1,0,6,0,0,0,1,0,0,0,0,0,6,0,0,0,0
"InChI=1S/C11H14ClNO/c1-7(2)5-11(14)8-3-4-10(13)9(12)6-8/h3-4,6-7H,5,13H2,1-2H3",1,1,4,0,0,0,0,0,0,0,0,0,0,0,0,0,0,0,0,0,1,0,0,0,0,0,0,0,0,0,0,0,0,0,0,0,0,1,0,0,0,0,0,0,0,0,0,0,1,0,0,0,1,0,0,1,0,0,0,0,0,0,0,0,0,1,1,0,2,2,1,0,0,0,0,0,0,0,0,0,0,0,0,0,0,0,0,0,1,0,1,1,0,0,0,0,0,1,0,0,0,0,0,0,0,0,0,0,3,0,0,6,6,0,0,0,0,0,0,6,0,0,2,0,6,0,1,2,1,0,0,1,1,2,0,0,0,0,0,0,1,0,6,0,0,0,1,0,0,0,0,0,6,0,0,0,0
"InChI=1S/C11H14ClNO/c1-8(14)11(13(2)3)9-5-4-6-10(12)7-9/h4-7,11H,1-3H3",1,1,4,0,0,0,0,0,0,0,0,0,0,0,0,0,0,0,0,0,1,0,0,0,0,0,0,0,0,0,0,0,0,0,0,2,0,0,0,0,0,0,0,0,0,0,0,0,0,0,0,0,3,0,1,1,0,0,0,0,0,0,0,0,0,1,9,0,0,0,1,0,0,0,0,0,0,0,0,0,0,0,0,1,0,0,0,0,0,0,1,1,0,0,0,0,0,1,0,0,0,0,0,0,0,0,0,0,0,0,0,6,6,0,0,0,0,0,0,0,0,1,3,0,0,0,1,3,1,0,0,1,1,2,0,0,0,0,0,0,0,0,6,0,0,0,1,0,0,0,0,0,6,0,0,0,0
"InChI=1S/C11H14ClNO/c1-8(14)11(13(2)3)9-6-4-5-7-10(9)12/h4-7,11H,1-3H3",1,1,4,0,0,0,0,0,0,0,0,0,0,0,0,0,0,0,0,0,1,0,0,0,0,0,0,0,0,0,0,0,0,0,0,2,0,0,0,0,0,0,0,0,0,0,0,0,0,0,0,0,3,0,1,1,0,0,0,0,0,0,0,0,0,1,9,0,0,0,1,0,0,0,0,0,0,0,0,0,0,0,0,1,0,0,0,0,0,0,1,1,0,0,0,0,0,1,0,0,0,0,0,0,0,0,0,0,0,0,0,6,6,0,0,0,0,0,0,0,0,1,3,0,0,0,1,3,1,0,0,1,1,2,0,0,0,0,0,0,0,0,6,0,0,0,1,0,0,0,0,0,6,0,0,0,0
"InChI=1S/C11H14ClNO/c1-3-11(13-8(2)14)9-4-6-10(12)7-5-9/h4-7,11H,3H2,1-2H3,(H,13,14)",1,1,4,0,0,0,0,0,0,0,0,0,0,0,0,0,0,0,0,0,0,0,0,0,0,0,0,0,0,0,0,0,0,0,0,0,0,1,0,0,0,0,0,0,0,0,0,0,0,0,0,1,1,0,0,0,1,0,3,0,0,0,0,0,0,1,4,1,0,0,0,0,0,0,0,0,0,0,0,0,0,0,1,0,0,0,0,3,0,0,1,0,0,1,0,0,0,0,1,1,0,0,0,0,0,0,0,0,0,0,0,6,6,0,0,0,0,0,0,6,0,0,2,3,0,3,0,2,1,0,0,1,1,2,0,0,0,0,0,0,0,1,6,0,0,0,1,0,0,0,0,0,6,0,0,0,0
"InChI=1S/C11H14ClNO/c1-3-13(4-2)11(14)9-7-5-6-8-10(9)12/h5-8H,3-4H2,1-2H3",1,1,4,0,0,0,0,0,0,0,0,0,0,0,0,0,0,0,0,0,1,0,0,0,0,0,0,0,0,0,0,0,0,6,0,0,0,0,0,0,0,0,0,0,0,0,0,0,0,0,0,0,3,0,1,1,0,0,0,0,0,0,0,5,0,1,7,0,0,0,1,0,0,0,0,0,0,0,0,0,0,0,1,0,0,0,6,0,0,0,1,1,0,0,0,0,0,0,1,1,0,0,0,0,0,0,0,0,0,0,0,6,6,0,0,0,0,0,0,12,0,1,2,6,0,0,0,2,1,0,0,1,1,2,0,0,0,0,0,0,0,0,6,0,0,0,1,0,0,0,0,0,6,0,0,0,0
"InChI=1S/C11H14ClNO/c1-9(2)13(8-14)7-10-4-3-5-11(12)6-10/h3-6,8-9H,7H2,1-2H3",1,1,4,0,0,0,0,0,0,0,0,0,0,0,0,0,0,0,0,0,1,0,0,0,0,0,0,0,0,0,0,0,0,3,0,0,0,0,0,0,0,0,0,0,0,0,0,0,0,0,0,0,3,0,1,1,0,0,0,0,0,0,0,6,0,1,7,0,0,0,1,0,0,0,0,0,0,0,0,0,0,0,1,0,0,0,3,0,0,0,1,1,0,0,0,0,0,0,1,0,0,0,0,0,0,0,0,0,0,0,0,6,6,0,0,0,0,0,0,6,0,0,2,0,0,0,1,2,1,0,0,1,1,2,0,0,0,0,0,0,0,0,6,0,0,0,1,0,0,0,0,0,6,0,0,0,0
"InChI=1S/C11H14ClNO/c1-9(14)7-8-13(2)11-5-3-10(12)4-6-11/h3-6H,7-8H2,1-2H3",1,1,4,0,0,0,0,0,0,0,0,0,0,0,0,0,0,0,0,0,1,0,0,0,0,0,0,0,0,0,0,0,0,3,0,1,0,0,0,0,0,0,0,0,0,0,0,0,0,0,0,0,3,0,1,1,0,0,0,9,0,0,9,6,0,1,7,0,2,2,1,0,0,0,0,0,0,0,0,0,0,0,0,0,0,0,3,3,0,0,1,1,0,0,0,0,0,1,0,0,0,0,1,0,0,0,0,0,3,0,0,6,6,0,0,0,0,0,0,12,0,1,2,0,6,0,0,2,1,0,0,1,1,2,0,0,0,0,0,0,0,0,6,0,0,0,1,0,0,0,0,0,6,0,0,0,0
"InChI=1S/C11H14ClNO/c1-7(2)5-11(14)9-4-3-8(13)6-10(9)12/h3-4,6-7H,5,13H2,1-2H3",1,1,4,0,0,0,0,0,0,0,0,0,0,0,0,0,0,0,0,0,1,0,0,0,0,0,0,0,0,0,0,0,0,0,0,0,0,1,0,0,0,0,0,0,0,0,0,0,1,0,0,0,1,0,0,1,0,0,0,0,0,0,0,0,0,1,1,0,2,2,1,0,0,0,0,0,0,0,0,0,0,0,0,0,0,0,0,0,1,0,1,1,0,0,0,0,0,1,0,0,0,0,0,0,0,0,0,0,3,0,0,6,6,0,0,0,0,0,0,6,0,0,2,0,6,0,1,2,1,0,0,1,1,2,0,0,0,0,0,0,1,0,6,0,0,0,1,0,0,0,0,0,6,0,0,0,0
"InChI=1S/C11H14ClNO/c1-8(2)7-11(14)13-10-5-3-9(12)4-6-10/h3-6,8H,7H2,1-2H3,(H,13,14)",1,1,4,0,0,0,0,0,0,0,0,0,0,0,0,0,0,0,0,0,1,0,0,0,0,0,0,0,0,0,0,0,0,0,0,0,0,1,0,0,0,3,0,0,0,0,0,0,1,0,0,0,2,0,0,1,0,0,0,0,0,0,0,0,0,1,2,0,2,2,1,0,0,0,0,0,0,0,0,0,0,0,1,0,0,0,0,3,1,0,1,1,0,0,0,0,0,0,1,1,0,0,0,0,0,0,0,0,3,0,0,6,6,0,0,0,0,0,0,6,0,0,2,0,6,0,1,2,1,0,0,1,1,2,0,0,0,0,0,0,0,0,6,0,0,0,1,0,0,0,0,0,6,0,0,0,0
"InChI=1S/C11H14ClNO/c1-3-13(4-2)11(14)9-5-7-10(12)8-6-9/h5-8H,3-4H2,1-2H3",1,1,4,0,0,0,0,0,0,0,0,0,0,0,0,0,0,0,0,0,1,0,0,0,0,0,0,0,0,0,0,0,0,6,0,0,0,0,0,0,0,0,0,0,0,0,0,0,0,0,0,0,3,0,1,1,0,0,0,0,0,0,0,5,0,1,7,0,0,0,1,0,0,0,0,0,0,0,0,0,0,0,1,0,0,0,6,0,0,0,1,1,0,0,0,0,0,0,1,1,0,0,0,0,0,0,0,0,0,0,0,6,6,0,0,0,0,0,0,12,0,1,2,6,0,0,0,2,1,0,0,1,1,2,0,0,0,0,0,0,0,0,6,0,0,0,1,0,0,0,0,0,6,0,0,0,0
"InChI=1S/C11H14ClNO/c1-2-3-4-11(14)8-5-6-10(13)9(12)7-8/h5-7H,2-4,13H2,1H3",1,1,4,0,0,0,0,0,0,0,0,0,0,0,0,0,0,0,0,0,1,0,0,0,0,0,0,0,0,0,0,0,0,0,0,0,0,1,0,0,0,0,0,0,0,0,0,0,0,0,0,0,1,0,0,1,0,0,0,18,0,0,18,3,0,1,1,0,2,2,1,0,0,0,0,0,0,0,0,0,0,0,0,0,0,0,0,0,1,0,1,1,0,0,0,0,0,1,0,0,0,0,0,0,0,0,0,0,3,0,0,6,6,0,0,0,0,0,0,18,0,0,1,3,3,0,0,1,1,0,0,1,1,2,0,0,0,0,0,0,1,0,6,0,0,0,1,0,0,0,0,0,6,0,0,0,0
"InChI=1S/C11H14ClNO/c1-3-11(14)13-8(2)9-6-4-5-7-10(9)12/h4-8H,3H2,1-2H3,(H,13,14)",1,1,4,0,0,0,0,0,0,0,0,0,0,0,0,0,0,0,0,0,0,0,0,0,0,0,0,0,0,0,0,0,0,0,0,0,0,1,0,0,0,3,0,0,0,0,0,0,0,0,0,1,1,0,0,0,1,0,0,0,0,0,0,0,0,1,4,1,0,0,0,0,0,0,0,0,0,0,0,0,0,0,1,0,0,0,0,3,0,0,1,0,0,1,0,0,0,0,1,1,0,0,0,0,0,0,0,0,3,0,0,6,6,0,0,0,0,0,0,6,0,0,2,3,0,3,0,2,1,0,0,1,1,2,0,0,0,0,0,0,0,1,6,0,0,0,1,0,0,0,0,0,6,0,0,0,0
"InChI=1S/C11H14ClNO/c1-3-11(14)13-8(2)9-5-4-6-10(12)7-9/h4-8H,3H2,1-2H3,(H,13,14)",1,1,4,0,0,0,0,0,0,0,0,0,0,0,0,0,0,0,0,0,0,0,0,0,0,0,0,0,0,0,0,0,0,0,0,0,0,1,0,0,0,3,0,0,0,0,0,0,0,0,0,1,1,0,0,0,1,0,0,0,0,0,0,0,0,1,4,1,0,0,0,0,0,0,0,0,0,0,0,0,0,0,1,0,0,0,0,3,0,0,1,0,0,1,0,0,0,0,1,1,0,0,0,0,0,0,0,0,3,0,0,6,6,0,0,0,0,0,0,6,0,0,2,3,0,3,0,2,1,0,0,1,1,2,0,0,0,0,0,0,0,1,6,0,0,0,1,0,0,0,0,0,6,0,0,0,0
"InChI=1S/C11H14ClNO/c1-2-3-4-11(14)9-6-5-8(13)7-10(9)12/h5-7H,2-4,13H2,1H3",1,1,4,0,0,0,0,0,0,0,0,0,0,0,0,0,0,0,0,0,1,0,0,0,0,0,0,0,0,0,0,0,0,0,0,0,0,1,0,0,0,0,0,0,0,0,0,0,0,0,0,0,1,0,0,1,0,0,0,18,0,0,18,3,0,1,1,0,2,2,1,0,0,0,0,0,0,0,0,0,0,0,0,0,0,0,0,0,1,0,1,1,0,0,0,0,0,1,0,0,0,0,0,0,0,0,0,0,3,0,0,6,6,0,0,0,0,0,0,18,0,0,1,3,3,0,0,1,1,0,0,1,1,2,0,0,0,0,0,0,1,0,6,0,0,0,1,0,0,0,0,0,6,0,0,0,0
"InChI=1S/C11H14ClNO/c1-8(2)13-11(14)7-9-3-5-10(12)6-4-9/h3-6,8H,7H2,1-2H3,(H,13,14)",1,1,4,0,0,0,0,0,0,0,0,0,0,0,0,0,0,0,0,0,0,0,0,0,0,0,0,0,0,0,0,0,0,0,0,0,0,1,0,0,0,3,0,0,0,0,0,0,0,0,0,1,1,0,0,0,1,0,0,0,0,0,0,0,0,1,4,1,0,0,0,0,0,0,0,0,0,0,0,0,0,0,1,0,0,0,0,3,0,0,1,0,0,1,0,0,0,0,1,1,0,0,0,0,0,0,0,0,3,0,0,6,6,0,0,0,0,0,0,6,0,0,2,0,0,6,1,2,1,0,0,1,1,2,0,0,0,0,0,0,0,1,6,0,0,0,1,0,0,0,0,0,6,0,0,0,0
"InChI=1S/C11H14ClNO/c1-3-13(4-2)10-8-6-5-7-9(10)11(12)14/h5-8H,3-4H2,1-2H3",1,1,4,0,0,0,0,0,0,0,0,0,0,0,0,0,0,0,0,0,1,0,0,0,0,0,0,0,0,0,0,0,0,6,0,0,0,0,0,0,0,0,0,0,0,0,0,0,0,0,0,0,3,0,1,1,0,0,0,0,0,0,0,5,0,1,7,0,2,2,1,0,0,0,0,0,0,0,0,0,0,0,0,0,0,0,6,0,0,0,1,1,0,0,0,0,0,0,0,0,0,0,1,0,0,0,0,0,0,0,0,6,6,0,0,0,0,0,0,12,0,1,2,6,0,0,0,2,1,0,0,1,1,0,0,0,0,0,0,0,0,0,6,0,0,0,1,0,0,0,0,0,6,0,0,0,0
"InChI=1S/C11H14ClNO/c1-3-4-11(14)13-10-7-9(12)6-5-8(10)2/h5-7H,3-4H2,1-2H3,(H,13,14)",1,1,4,0,0,0,0,0,0,0,0,0,0,0,0,0,0,0,0,0,0,0,0,0,0,0,0,0,0,0,0,0,0,0,0,0,0,1,0,0,0,3,0,0,0,0,0,0,0,0,0,1,1,0,0,0,1,3,0,9,0,0,9,0,0,1,2,1,2,2,0,0,0,0,0,0,0,0,0,0,0,0,1,0,0,0,0,3,0,0,1,0,0,1,0,0,0,0,1,1,0,0,0,0,0,0,0,0,3,0,0,6,6,0,0,0,0,0,0,12,0,0,2,3,3,0,0,2,1,0,0,1,1,2,0,0,0,0,0,0,0,1,6,0,0,0,1,0,0,0,0,0,6,0,0,0,0
"InChI=1S/C11H14ClNO/c1-8(2)13-11(14)7-9-5-3-4-6-10(9)12/h3-6,8H,7H2,1-2H3,(H,13,14)",1,1,4,0,0,0,0,0,0,0,0,0,0,0,0,0,0,0,0,0,0,0,0,0,0,0,0,0,0,0,0,0,0,0,0,0,0,1,0,0,0,3,0,0,0,0,0,0,0,0,0,1,1,0,0,0,1,0,0,0,0,0,0,0,0,1,4,1,0,0,0,0,0,0,0,0,0,0,0,0,0,0,1,0,0,0,0,3,0,0,1,0,0,1,0,0,0,0,1,1,0,0,0,0,0,0,0,0,3,0,0,6,6,0,0,0,0,0,0,6,0,0,2,0,0,6,1,2,1,0,0,1,1,2,0,0,0,0,0,0,0,1,6,0,0,0,1,0,0,0,0,0,6,0,0,0,0
"InChI=1S/C11H14ClNO/c1-9-8-10(2-3-11(9)12)13-4-6-14-7-5-13/h2-3,8H,4-7H2,1H3",1,1,5,0,0,0,0,0,0,0,0,0,0,0,0,0,0,0,0,0,1,0,0,0,0,0,0,0,0,0,0,0,0,12,0,0,0,0,0,0,0,0,0,0,0,0,0,0,0,0,0,0,3,0,1,0,2,0,0,18,33,16,18,0,2,1,7,0,2,2,1,2,0,0,0,0,0,0,0,0,0,0,0,2,0,0,6,6,0,1,1,0,0,0,0,0,0,0,0,0,0,0,0,0,0,0,0,6,6,0,1,6,6,0,0,0,0,2,0,4,0,2,1,0,0,0,0,1,1,0,0,1,1,2,0,0,0,0,0,0,0,0,12,0,0,0,2,0,0,0,1,1,18,0,0,0,0
"InChI=1S/C11H14ClNO/c1-3-11(13-8(2)14)9-5-4-6-10(12)7-9/h4-7,11H,3H2,1-2H3,(H,13,14)",1,1,4,0,0,0,0,0,0,0,0,0,0,0,0,0,0,0,0,0,0,0,0,0,0,0,0,0,0,0,0,0,0,0,0,0,0,1,0,0,0,0,0,0,0,0,0,0,0,0,0,1,1,0,0,0,1,0,3,0,0,0,0,0,0,1,4,1,0,0,0,0,0,0,0,0,0,0,0,0,0,0,1,0,0,0,0,3,0,0,1,0,0,1,0,0,0,0,1,1,0,0,0,0,0,0,0,0,0,0,0,6,6,0,0,0,0,0,0,6,0,0,2,3,0,3,0,2,1,0,0,1,1,2,0,0,0,0,0,0,0,1,6,0,0,0,1,0,0,0,0,0,6,0,0,0,0
"InChI=1S/C11H14ClNO/c1-3-7(2)11(14)8-4-5-10(13)9(12)6-8/h4-7H,3,13H2,1-2H3",1,1,4,0,0,0,0,0,0,0,0,0,0,0,0,0,0,0,0,0,1,0,0,0,0,0,0,0,0,0,0,0,0,0,0,0,0,1,0,0,0,0,0,0,0,0,0,0,1,0,0,0,1,0,0,1,0,0,0,0,0,0,0,0,0,1,1,0,2,2,1,0,0,0,0,0,0,0,0,0,0,0,0,0,0,0,0,0,1,0,1,1,0,0,0,0,0,1,0,0,0,0,0,0,0,0,0,0,0,0,0,6,6,0,0,0,0,0,0,6,0,0,2,3,3,0,0,2,1,0,0,1,1,2,0,0,0,0,0,0,1,0,6,0,0,0,1,0,0,0,0,0,6,0,0,0,0
"InChI=1S/C11H14ClNO/c12-10-5-4-8(6-11(10)13)7-14-9-2-1-3-9/h4-6,9H,1-3,7,13H2",1,1,5,0,0,0,0,0,0,0,0,0,0,0,0,0,0,0,0,0,1,0,0,0,0,0,0,0,0,0,0,0,0,3,0,0,0,1,0,0,0,0,0,0,0,0,0,0,0,0,0,0,1,0,0,0,2,0,3,17,26,15,17,0,0,1,1,0,2,2,1,0,0,0,0,0,0,0,0,0,0,0,0,0,0,0,0,0,1,0,1,0,0,1,0,0,0,1,0,0,0,0,0,0,0,0,0,3,6,2,0,6,6,0,0,0,0,0,0,9,0,0,0,0,0,0,0,0,1,0,0,1,1,2,0,0,0,0,0,0,1,0,10,0,1,0,1,0,0,0,0,0,22,0,0,0,0
"InChI=1S/C11H14ClNO/c1-3-7(2)11(14)9-5-4-8(13)6-10(9)12/h4-7H,3,13H2,1-2H3",1,1,4,0,0,0,0,0,0,0,0,0,0,0,0,0,0,0,0,0,1,0,0,0,0,0,0,0,0,0,0,0,0,0,0,0,0,1,0,0,0,0,0,0,0,0,0,0,1,0,0,0,1,0,0,1,0,0,0,0,0,0,0,0,0,1,1,0,2,2,1,0,0,0,0,0,0,0,0,0,0,0,0,0,0,0,0,0,1,0,1,1,0,0,0,0,0,1,0,0,0,0,0,0,0,0,0,0,0,0,0,6,6,0,0,0,0,0,0,6,0,0,2,3,3,0,0,2,1,0,0,1,1,2,0,0,0,0,0,0,1,0,6,0,0,0,1,0,0,0,0,0,6,0,0,0,0
"InChI=1S/C11H14ClNO/c1-9-8-10(12)2-3-11(9)13-4-6-14-7-5-13/h2-3,8H,4-7H2,1H3",1,1,5,0,0,0,0,0,0,0,0,0,0,0,0,0,0,0,0,0,1,0,0,0,0,0,0,0,0,0,0,0,0,12,0,0,0,0,0,0,0,0,0,0,0,0,0,0,0,0,0,0,3,0,1,0,2,0,0,18,33,16,18,0,2,1,7,0,2,2,1,2,0,0,0,0,0,0,0,0,0,0,0,2,0,0,6,6,0,1,1,0,0,0,0,0,0,0,0,0,0,0,0,0,0,0,0,6,6,0,1,6,6,0,0,0,0,2,0,4,0,2,1,0,0,6,0,1,1,0,0,1,1,2,0,0,0,0,0,0,0,0,12,0,0,0,2,0,0,0,1,1,18,0,0,0,0
"InChI=1S/C11H14ClNO/c1-3-11(14-4-2)13-10-7-5-6-9(12)8-10/h5-8H,3-4H2,1-2H3",1,1,4,0,0,0,0,0,0,0,0,0,0,0,0,0,0,0,0,0,0,0,0,0,0,0,0,0,0,0,0,0,0,3,0,0,0,0,0,0,0,0,0,0,0,0,0,0,0,0,0,1,1,0,0,0,2,0,0,0,9,0,0,0,0,1,2,1,2,2,0,0,0,0,0,0,0,0,0,0,0,0,1,0,0,0,0,3,0,0,1,0,0,1,0,0,0,0,1,1,0,0,0,0,0,0,0,3,3,0,0,6,6,0,0,0,0,0,0,12,0,0,2,6,0,5,0,2,1,0,0,1,1,2,0,0,0,0,0,0,0,0,6,0,0,0,1,0,0,0,0,0,6,0,0,0,0
"InChI=1S/C11H14ClNO/c1-8(2)13-11(14)7-9-4-3-5-10(12)6-9/h3-6,8H,7H2,1-2H3,(H,13,14)",1,1,4,0,0,0,0,0,0,0,0,0,0,0,0,0,0,0,0,0,0,0,0,0,0,0,0,0,0,0,0,0,0,0,0,0,0,1,0,0,0,3,0,0,0,0,0,0,0,0,0,1,1,0,0,0,1,0,0,0,0,0,0,0,0,1,4,1,0,0,0,0,0,0,0,0,0,0,0,0,0,0,1,0,0,0,0,3,0,0,1,0,0,1,0,0,0,0,1,1,0,0,0,0,0,0,0,0,3,0,0,6,6,0,0,0,0,0,0,6,0,0,2,0,0,6,1,2,1,0,0,1,1,2,0,0,0,0,0,0,0,1,6,0,0,0,1,0,0,0,0,0,6,0,0,0,0
"InChI=1S/C11H14ClNO/c1-3-5-10(14)13-11-8(2)6-4-7-9(11)12/h4,6-7H,3,5H2,1-2H3,(H,13,14)",1,1,4,0,0,0,0,0,0,0,0,0,0,0,0,0,0,0,0,0,0,0,0,0,0,0,0,0,0,0,0,0,0,0,0,0,0,1,0,0,0,3,0,0,0,0,0,0,0,0,0,1,1,0,0,0,1,3,0,9,0,0,9,0,0,1,2,1,2,2,0,0,0,0,0,0,0,0,0,0,0,0,1,0,0,0,0,3,0,0,1,0,0,1,0,0,0,0,1,1,0,0,0,0,0,0,0,0,3,0,0,6,6,0,0,0,0,0,0,12,0,0,2,3,3,0,0,2,1,0,0,1,1,2,0,0,0,0,0,0,0,1,6,0,0,0,1,0,0,0,0,0,6,0,0,0,0
"InChI=1S/C11H14ClNO/c12-11-5-4-9(13)6-8(11)7-14-10-2-1-3-10/h4-6,10H,1-3,7,13H2",1,1,5,0,0,0,0,0,0,0,0,0,0,0,0,0,0,0,0,0,1,0,0,0,0,0,0,0,0,0,0,0,0,3,0,0,0,1,0,0,0,0,0,0,0,0,0,0,0,0,0,0,1,0,0,0,2,0,3,17,26,15,17,0,0,1,1,0,2,2,1,0,0,0,0,0,0,0,0,0,0,0,0,0,0,0,0,0,1,0,1,0,0,1,0,0,0,1,0,0,0,0,0,0,0,0,0,3,6,2,0,6,6,0,0,0,0,0,0,9,0,0,0,0,0,0,0,0,1,0,0,1,1,2,0,0,0,0,0,0,1,0,10,0,1,0,1,0,0,0,0,0,22,0,0,0,0
"InChI=1S/C11H14ClNO/c1-3-13(2)8-11(14)9-5-4-6-10(12)7-9/h4-7H,3,8H2,1-2H3",1,1,4,0,0,0,0,0,0,0,0,0,0,0,0,0,0,0,0,0,1,0,0,0,0,0,0,0,0,0,0,0,0,6,0,1,0,0,0,0,0,0,0,0,0,0,0,0,0,0,0,0,3,0,1,1,0,0,0,0,0,0,0,3,0,1,9,0,0,0,1,0,0,0,0,0,0,0,0,0,0,0,0,1,0,0,6,0,0,0,1,1,0,0,0,0,0,1,0,0,0,0,0,0,0,0,0,0,3,0,0,6,6,0,0,0,0,0,0,12,0,3,2,3,6,0,0,2,1,0,0,1,1,2,0,0,0,0,0,0,0,0,6,0,0,0,1,0,0,0,0,0,6,0,0,0,0
"InChI=1S/C11H14ClNO/c1-3-8(14)6-9-7(2)10(12)4-5-11(9)13/h4-5H,3,6,13H2,1-2H3",1,1,4,0,0,0,0,0,0,0,0,0,0,0,0,0,0,0,0,0,1,0,0,0,0,0,0,0,0,0,0,0,0,0,0,0,0,1,0,0,0,0,0,0,0,0,0,0,0,0,0,0,1,0,0,1,0,3,0,0,0,0,0,6,0,1,1,0,2,2,1,0,0,0,0,0,0,0,0,0,0,0,0,0,0,0,0,0,1,0,1,1,0,0,0,0,0,1,0,0,0,0,0,0,0,0,0,0,6,0,0,6,6,0,0,0,0,0,0,12,0,0,2,3,0,0,0,2,1,0,0,1,1,2,0,0,0,0,0,0,1,0,6,0,0,0,1,0,0,0,0,0,6,0,0,0,0
"InChI=1S/C11H14ClNO/c1-8(2)11(14)13-7-9-3-5-10(12)6-4-9/h3-6,8H,7H2,1-2H3,(H,13,14)",1,1,4,0,0,0,0,0,0,0,0,0,0,0,0,0,0,0,0,0,0,0,0,0,0,0,0,0,0,0,0,0,0,3,0,0,0,1,0,0,0,0,0,0,0,0,0,0,1,0,0,1,1,0,0,0,1,3,0,0,0,0,0,0,0,1,4,1,0,0,0,0,0,0,0,0,0,0,0,0,0,0,1,0,0,0,3,0,0,0,1,0,0,1,0,0,0,0,1,1,0,0,0,0,0,0,0,0,0,0,0,6,6,0,0,0,0,0,0,6,0,0,2,0,0,6,1,2,1,0,0,1,1,2,0,0,0,0,0,0,0,1,6,0,0,0,1,0,0,0,0,0,6,0,0,0,0
"InChI=1S/C11H14ClNO/c1-8(13(2)3)11(14)9-5-4-6-10(12)7-9/h4-8H,1-3H3",1,1,4,0,0,0,0,0,0,0,0,0,0,0,0,0,0,0,0,0,1,0,0,0,0,0,0,0,0,0,0,0,0,0,0,2,0,0,0,0,0,0,0,0,0,0,0,0,0,0,0,0,3,0,1,1,0,0,0,0,0,0,0,0,0,1,9,0,0,0,1,0,0,0,0,0,0,0,0,0,0,0,0,1,0,0,0,0,0,0,1,1,0,0,0,0,0,1,0,0,0,0,0,0,0,0,0,0,0,0,0,6,6,0,0,0,0,0,0,0,0,1,3,0,0,0,1,3,1,0,0,1,1,2,0,0,0,0,0,0,0,0,6,0,0,0,1,0,0,0,0,0,6,0,0,0,0
"InChI=1S/C11H14ClNO/c12-9-3-1-8(2-4-9)11(7-14)13-10-5-6-10/h1-4,10-11,13-14H,5-7H2",1,1,5,0,0,0,0,0,0,0,0,0,0,0,0,0,0,0,0,0,1,0,0,0,0,0,0,0,0,0,0,0,0,3,0,0,0,2,0,1,0,8,0,0,0,0,0,0,0,0,0,0,2,0,0,0,1,4,0,8,0,15,8,0,0,1,6,0,0,2,1,0,0,0,0,0,0,0,0,0,0,0,0,1,0,0,0,8,1,0,1,0,0,1,0,0,0,0,0,0,0,0,0,0,0,0,0,3,0,0,0,6,6,0,0,0,0,0,0,8,3,0,0,0,0,0,0,0,1,0,0,1,1,2,0,0,0,0,0,0,0,1,9,1,0,0,1,0,0,0,0,0,18,0,0,0,0
"InChI=1S/C11H14ClNO/c1-9(14)7-13(2)8-10-5-3-4-6-11(10)12/h3-6H,7-8H2,1-2H3",1,1,4,0,0,0,0,0,0,0,0,0,0,0,0,0,0,0,0,0,1,0,0,0,0,0,0,0,0,0,0,0,0,6,0,1,0,0,0,0,0,0,0,0,0,0,0,0,0,0,0,0,3,0,1,1,0,0,0,0,0,0,0,0,0,1,9,0,0,0,1,0,0,0,0,0,0,0,0,0,0,0,0,1,0,0,6,0,0,0,1,1,0,0,0,0,0,1,0,0,0,0,0,0,0,0,0,0,3,0,0,6,6,0,0,0,0,0,0,12,0,3,2,0,9,3,0,2,1,0,0,1,1,2,0,0,0,0,0,0,0,0,6,0,0,0,1,0,0,0,0,0,6,0,0,0,0
"InChI=1S/C11H14ClNO/c1-9(14)7-13(2)8-10-3-5-11(12)6-4-10/h3-6H,7-8H2,1-2H3",1,1,4,0,0,0,0,0,0,0,0,0,0,0,0,0,0,0,0,0,1,0,0,0,0,0,0,0,0,0,0,0,0,6,0,1,0,0,0,0,0,0,0,0,0,0,0,0,0,0,0,0,3,0,1,1,0,0,0,0,0,0,0,0,0,1,9,0,0,0,1,0,0,0,0,0,0,0,0,0,0,0,0,1,0,0,6,0,0,0,1,1,0,0,0,0,0,1,0,0,0,0,0,0,0,0,0,0,3,0,0,6,6,0,0,0,0,0,0,12,0,3,2,0,9,3,0,2,1,0,0,1,1,2,0,0,0,0,0,0,0,0,6,0,0,0,1,0,0,0,0,0,6,0,0,0,0
"InChI=1S/C11H14ClNO/c1-7(2)5-11(14)9-4-3-8(12)6-10(9)13/h3-4,6-7H,5,13H2,1-2H3",1,1,4,0,0,0,0,0,0,0,0,0,0,0,0,0,0,0,0,0,1,0,0,0,0,0,0,0,0,0,0,0,0,0,0,0,0,1,0,0,0,0,0,0,0,0,0,0,1,0,0,0,1,0,0,1,0,0,3,0,0,0,0,0,0,1,1,0,2,2,1,0,0,0,0,0,0,0,0,0,0,0,0,0,0,0,0,0,1,0,1,1,0,0,0,0,0,1,0,0,0,0,1,0,0,0,0,0,3,0,0,6,6,0,0,0,0,0,0,6,0,0,2,0,6,0,1,2,1,0,0,1,1,2,0,0,0,0,0,0,1,0,6,0,0,0,1,0,0,0,0,0,6,0,0,0,0
"InChI=1S/C11H14ClNO/c12-10-3-1-2-4-11(10)13-7-5-9(14)6-8-13/h1-4,9,14H,5-8H2",1,1,5,0,0,0,0,0,0,0,0,0,0,0,0,0,0,0,0,0,1,0,0,0,0,0,0,0,0,0,0,0,0,6,0,0,0,1,0,0,0,6,0,0,0,0,0,0,0,0,0,0,3,0,1,0,1,6,0,18,33,16,18,0,1,1,7,0,2,2,1,2,0,0,0,0,0,0,0,0,0,0,0,0,0,0,6,6,0,1,1,0,0,1,0,0,0,1,0,0,0,0,2,0,0,0,0,0,6,2,0,6,6,0,0,0,0,1,0,4,0,1,0,0,0,0,0,0,1,0,0,1,1,2,0,0,0,0,0,0,0,1,12,0,0,0,2,0,0,0,1,1,26,0,0,0,0
"InChI=1S/C11H14ClNO/c1-3-8(2)11(14)13-10-6-4-9(12)5-7-10/h4-8H,3H2,1-2H3,(H,13,14)",1,1,4,0,0,0,0,0,0,0,0,0,0,0,0,0,0,0,0,0,1,0,0,0,0,0,0,0,0,0,0,0,0,0,0,0,0,1,0,0,0,0,0,0,0,0,0,0,1,0,0,0,2,0,0,1,0,3,0,0,0,0,0,0,0,1,2,0,2,2,1,0,0,0,0,0,0,0,0,0,0,0,1,0,0,0,0,0,1,0,1,1,0,0,0,0,0,0,1,1,0,0,0,0,0,0,0,0,0,0,0,6,6,0,0,0,0,0,0,6,0,0,2,3,3,0,0,2,1,0,0,1,1,2,0,0,0,0,0,0,0,0,6,0,0,0,1,0,0,0,0,0,6,0,0,0,0
"InChI=1S/C11H14ClNO/c1-4-10(14)13-11-8(3)5-7(2)6-9(11)12/h5-6H,4H2,1-3H3,(H,13,14)",1,1,4,0,0,0,0,0,0,0,0,0,0,0,0,0,0,0,0,0,0,0,0,0,0,0,0,0,0,0,0,0,0,0,0,0,0,1,0,0,0,3,0,0,0,0,0,0,0,0,0,1,1,0,0,0,1,0,0,0,0,0,0,0,0,1,2,1,2,2,0,0,0,0,0,0,0,0,0,0,0,0,1,0,0,0,0,3,0,0,1,0,0,1,0,0,0,0,1,1,0,0,0,0,0,0,0,0,3,0,0,6,6,0,0,0,0,0,0,6,0,0,3,3,0,0,0,3,1,0,0,1,1,2,0,0,0,0,0,0,0,1,6,0,0,0,1,0,0,0,0,0,6,0,0,0,0
"InChI=1S/C11H14ClNO/c1-8(2)11(14)13-7-9-5-3-4-6-10(9)12/h3-6,8H,7H2,1-2H3,(H,13,14)",1,1,4,0,0,0,0,0,0,0,0,0,0,0,0,0,0,0,0,0,0,0,0,0,0,0,0,0,0,0,0,0,0,3,0,0,0,1,0,0,0,0,0,0,0,0,0,0,1,0,0,1,1,0,0,0,1,3,0,0,0,0,0,0,0,1,4,1,0,0,0,0,0,0,0,0,0,0,0,0,0,0,1,0,0,0,3,0,0,0,1,0,0,1,0,0,0,0,1,1,0,0,0,0,0,0,0,0,0,0,0,6,6,0,0,0,0,0,0,6,0,0,2,0,0,6,1,2,1,0,0,1,1,2,0,0,0,0,0,0,0,1,6,0,0,0,1,0,0,0,0,0,6,0,0,0,0
"InChI=1S/C11H14ClNO/c1-8(2)10-4-6-11(7-5-10)13(12)9(3)14/h4-8H,1-3H3",1,1,4,0,0,0,0,0,0,0,0,0,0,0,0,0,0,0,0,0,1,0,0,0,0,1,0,0,0,0,1,0,0,0,0,0,1,0,0,0,0,0,0,0,0,0,0,0,1,0,0,0,2,0,0,1,0,0,0,0,0,0,0,0,0,1,2,0,2,2,1,0,0,0,0,0,0,0,0,0,0,0,1,0,0,0,0,0,0,0,1,1,0,0,0,0,0,0,1,1,0,0,0,0,0,0,0,0,0,0,0,6,6,0,0,0,0,0,0,0,0,0,3,0,0,0,1,3,1,0,0,1,1,0,0,0,0,0,0,0,0,0,6,0,0,0,1,0,0,0,0,0,6,0,0,0,0
"InChI=1S/C11H14ClNO/c1-9(14)7-13(2)8-10-4-3-5-11(12)6-10/h3-6H,7-8H2,1-2H3",1,1,4,0,0,0,0,0,0,0,0,0,0,0,0,0,0,0,0,0,1,0,0,0,0,0,0,0,0,0,0,0,0,6,0,1,0,0,0,0,0,0,0,0,0,0,0,0,0,0,0,0,3,0,1,1,0,0,0,0,0,0,0,0,0,1,9,0,0,0,1,0,0,0,0,0,0,0,0,0,0,0,0,1,0,0,6,0,0,0,1,1,0,0,0,0,0,1,0,0,0,0,0,0,0,0,0,0,3,0,0,6,6,0,0,0,0,0,0,12,0,3,2,0,9,3,0,2,1,0,0,1,1,2,0,0,0,0,0,0,0,0,6,0,0,0,1,0,0,0,0,0,6,0,0,0,0
"InChI=1S/C11H14ClNO/c12-9-1-3-10(4-2-9)13-7-5-11(14)6-8-13/h1-4,11,14H,5-8H2",1,1,5,0,0,0,0,0,0,0,0,0,0,0,0,0,0,0,0,0,1,0,0,0,0,0,0,0,0,0,0,0,0,6,0,0,0,1,0,0,0,6,0,0,0,0,0,0,0,0,0,0,3,0,1,0,1,6,0,18,33,16,18,0,1,1,7,0,2,2,1,2,0,0,0,0,0,0,0,0,0,0,0,0,0,0,6,6,0,1,1,0,0,1,0,0,0,1,0,0,0,0,2,0,0,0,0,0,6,2,0,6,6,0,0,0,0,1,0,4,0,1,0,0,0,0,0,0,1,0,0,1,1,2,0,0,0,0,0,0,0,1,12,0,0,0,2,0,0,0,1,1,26,0,0,0,0
"InChI=1S/C11H14ClNO/c1-2-3-4-11(14)9-6-5-8(12)7-10(9)13/h5-7H,2-4,13H2,1H3",1,1,4,0,0,0,0,0,0,0,0,0,0,0,0,0,0,0,0,0,1,0,0,0,0,0,0,0,0,0,0,0,0,0,0,0,0,1,0,0,0,0,0,0,0,0,0,0,0,0,0,0,1,0,0,1,0,0,3,18,0,0,18,3,0,1,1,0,2,2,1,0,0,0,0,0,0,0,0,0,0,0,0,0,0,0,0,0,1,0,1,1,0,0,0,0,0,1,0,0,0,0,1,0,0,0,0,0,3,0,0,6,6,0,0,0,0,0,0,18,0,0,1,3,3,0,0,1,1,0,0,1,1,2,0,0,0,0,0,0,1,0,6,0,0,0,1,0,0,0,0,0,6,0,0,0,0
"InChI=1S/C11H14ClNO/c12-11-5-10(13)4-3-9(11)7-14-6-8-1-2-8/h3-5,8H,1-2,6-7,13H2",1,1,5,0,0,0,0,0,0,0,0,0,0,0,0,0,0,0,0,0,1,0,0,0,0,0,0,0,0,0,0,0,0,6,0,0,0,1,0,0,0,0,0,0,0,0,0,0,1,0,0,0,1,0,0,0,2,0,0,8,12,15,8,0,0,1,1,0,2,2,1,0,0,0,0,0,0,0,0,0,0,0,0,0,0,0,0,0,1,0,1,0,0,1,0,0,0,0,0,0,0,0,0,0,0,0,0,6,0,0,0,6,6,0,0,0,0,0,0,14,0,1,0,0,0,0,0,0,1,0,0,1,1,2,0,0,0,0,0,0,1,0,9,1,0,0,1,0,0,0,0,0,18,0,0,0,0
"InChI=1S/C11H14ClNO/c1-3-13(2)8-11(14)9-6-4-5-7-10(9)12/h4-7H,3,8H2,1-2H3",1,1,4,0,0,0,0,0,0,0,0,0,0,0,0,0,0,0,0,0,1,0,0,0,0,0,0,0,0,0,0,0,0,6,0,1,0,0,0,0,0,0,0,0,0,0,0,0,0,0,0,0,3,0,1,1,0,0,0,0,0,0,0,3,0,1,9,0,0,0,1,0,0,0,0,0,0,0,0,0,0,0,0,1,0,0,6,0,0,0,1,1,0,0,0,0,0,1,0,0,0,0,0,0,0,0,0,0,3,0,0,6,6,0,0,0,0,0,0,12,0,3,2,3,6,0,0,2,1,0,0,1,1,2,0,0,0,0,0,0,0,0,6,0,0,0,1,0,0,0,0,0,6,0,0,0,0
"InChI=1S/C11H14ClNO/c1-2-11(14)7-8-13-10-5-3-9(12)4-6-10/h3-6,13H,2,7-8H2,1H3",1,1,4,0,0,0,0,0,0,0,0,0,0,0,0,0,0,0,0,0,1,0,0,0,0,0,0,0,0,0,0,0,0,3,0,0,0,1,0,0,0,3,0,0,0,0,0,0,0,0,0,0,2,0,0,1,0,0,3,9,9,0,9,3,0,1,4,0,2,2,1,0,0,0,0,0,0,0,0,0,0,0,0,0,0,0,3,3,1,0,1,1,0,0,0,0,0,1,0,0,0,0,1,0,0,0,0,0,6,0,0,6,6,0,0,0,0,0,0,18,3,0,1,3,0,3,0,1,1,0,0,1,1,2,0,0,0,0,0,0,0,0,6,0,0,0,1,0,0,0,0,0,6,0,0,0,0
"InChI=1S/C11H14ClNO/c1-3-13(11(14)8-12)10-7-5-4-6-9(10)2/h4-7H,3,8H2,1-2H3",1,1,4,0,0,0,0,0,0,0,0,0,0,0,0,0,0,0,0,0,1,0,0,0,0,0,0,0,0,0,0,0,0,6,0,0,0,0,0,0,0,0,0,0,0,0,0,0,0,0,0,0,3,0,1,1,0,0,0,0,9,0,0,0,0,1,5,0,2,2,1,0,0,0,0,0,0,0,0,0,0,0,1,0,0,0,3,3,0,0,1,1,0,0,0,0,0,0,1,1,0,0,0,0,0,0,0,0,3,0,0,6,6,0,0,0,0,0,0,12,0,0,2,3,0,6,0,2,1,0,0,1,3,0,0,0,0,0,0,0,0,0,6,0,0,0,1,0,0,0,0,0,6,0,0,0,0
"InChI=1S/C11H14ClNO/c1-7(2)13-11(14)9-5-4-8(3)6-10(9)12/h4-7H,1-3H3,(H,13,14)",1,1,4,0,0,0,0,0,0,0,0,0,0,0,0,0,0,0,0,0,0,0,0,0,0,0,0,0,0,0,0,0,0,0,0,0,0,1,0,0,0,0,0,0,0,0,0,0,0,0,0,1,1,0,0,0,1,0,0,0,0,0,0,0,0,1,4,1,0,0,0,0,0,0,0,0,0,0,0,0,0,0,1,0,0,0,0,0,0,0,1,0,0,1,0,0,0,0,1,1,0,0,0,0,0,0,0,0,0,0,0,6,6,0,0,0,0,0,0,0,0,0,3,0,0,0,1,3,1,0,0,1,1,2,0,0,0,0,0,0,0,1,6,0,0,0,1,0,0,0,0,0,6,0,0,0,0
"InChI=1S/C11H14ClNO/c1-7(2)13-11(14)10-8(3)5-4-6-9(10)12/h4-7H,1-3H3,(H,13,14)",1,1,4,0,0,0,0,0,0,0,0,0,0,0,0,0,0,0,0,0,0,0,0,0,0,0,0,0,0,0,0,0,0,0,0,0,0,1,0,0,0,0,0,0,0,0,0,0,0,0,0,1,1,0,0,0,1,0,0,0,0,0,0,0,0,1,4,1,0,0,0,0,0,0,0,0,0,0,0,0,0,0,1,0,0,0,0,0,0,0,1,0,0,1,0,0,0,0,1,1,0,0,0,0,0,0,0,0,0,0,0,6,6,0,0,0,0,0,0,0,0,0,3,0,0,0,1,3,1,0,0,1,1,2,0,0,0,0,0,0,0,1,6,0,0,0,1,0,0,0,0,0,6,0,0,0,0
"InChI=1S/C11H14ClNO/c1-8(2)11(14)13-7-9-4-3-5-10(12)6-9/h3-6,8H,7H2,1-2H3,(H,13,14)",1,1,4,0,0,0,0,0,0,0,0,0,0,0,0,0,0,0,0,0,0,0,0,0,0,0,0,0,0,0,0,0,0,3,0,0,0,1,0,0,0,0,0,0,0,0,0,0,1,0,0,1,1,0,0,0,1,3,0,0,0,0,0,0,0,1,4,1,0,0,0,0,0,0,0,0,0,0,0,0,0,0,1,0,0,0,3,0,0,0,1,0,0,1,0,0,0,0,1,1,0,0,0,0,0,0,0,0,0,0,0,6,6,0,0,0,0,0,0,6,0,0,2,0,0,6,1,2,1,0,0,1,1,2,0,0,0,0,0,0,0,1,6,0,0,0,1,0,0,0,0,0,6,0,0,0,0
"InChI=1S/C11H14ClNO/c1-7(2)13-11(14)9-6-8(3)4-5-10(9)12/h4-7H,1-3H3,(H,13,14)",1,1,4,0,0,0,0,0,0,0,0,0,0,0,0,0,0,0,0,0,0,0,0,0,0,0,0,0,0,0,0,0,0,0,0,0,0,1,0,0,0,0,0,0,0,0,0,0,0,0,0,1,1,0,0,0,1,0,0,0,0,0,0,0,0,1,4,1,0,0,0,0,0,0,0,0,0,0,0,0,0,0,1,0,0,0,0,0,0,0,1,0,0,1,0,0,0,0,1,1,0,0,0,0,0,0,0,0,0,0,0,6,6,0,0,0,0,0,0,0,0,0,3,0,0,0,1,3,1,0,0,1,1,2,0,0,0,0,0,0,0,1,6,0,0,0,1,0,0,0,0,0,6,0,0,0,0
"InChI=1S/C11H14ClNO/c12-10-2-1-3-11(13)9(10)7-14-6-8-4-5-8/h1-3,8H,4-7,13H2",1,1,5,0,0,0,0,0,0,0,0,0,0,0,0,0,0,0,0,0,1,0,0,0,0,0,0,0,0,0,0,0,0,6,0,0,0,1,0,0,0,0,0,0,0,0,0,0,1,0,0,0,1,0,0,0,2,3,0,8,12,15,8,0,0,1,1,0,2,2,1,0,0,0,0,0,0,0,0,0,0,0,0,0,0,0,0,0,1,0,1,0,0,1,0,0,0,0,0,0,0,0,1,0,0,0,0,6,0,0,0,6,6,0,0,0,0,0,0,14,0,1,0,0,0,0,0,0,1,0,0,1,1,2,0,0,0,0,0,0,1,0,9,1,0,0,1,0,0,0,0,0,18,0,0,0,0
"InChI=1S/C11H14ClNO/c12-9-3-1-2-8(6-9)11(7-14)13-10-4-5-10/h1-3,6,10-11,13-14H,4-5,7H2",1,1,5,0,0,0,0,0,0,0,0,0,0,0,0,0,0,0,0,0,1,0,0,0,0,0,0,0,0,0,0,0,0,3,0,0,0,2,0,1,0,8,0,0,0,0,0,0,0,0,0,0,2,0,0,0,1,4,0,8,0,15,8,0,0,1,6,0,0,2,1,0,0,0,0,0,0,0,0,0,0,0,0,1,0,0,0,8,1,0,1,0,0,1,0,0,0,0,0,0,0,0,0,0,0,0,0,3,0,0,0,6,6,0,0,0,0,0,0,8,3,0,0,0,0,0,0,0,1,0,0,1,1,2,0,0,0,0,0,0,0,1,9,1,0,0,1,0,0,0,0,0,18,0,0,0,0
"InChI=1S/C11H14ClNO/c1-2-3-4-11(14)9-7-8(12)5-6-10(9)13/h5-7H,2-4,13H2,1H3",1,1,4,0,0,0,0,0,0,0,0,0,0,0,0,0,0,0,0,0,1,0,0,0,0,0,0,0,0,0,0,0,0,0,0,0,0,1,0,0,0,0,0,0,0,0,0,0,0,0,0,0,1,0,0,1,0,0,3,18,0,0,18,3,0,1,1,0,2,2,1,0,0,0,0,0,0,0,0,0,0,0,0,0,0,0,0,0,1,0,1,1,0,0,0,0,0,1,0,0,0,0,1,0,0,0,0,0,3,0,0,6,6,0,0,0,0,0,0,18,0,0,1,3,3,0,0,1,1,0,0,1,1,2,0,0,0,0,0,0,1,0,6,0,0,0,1,0,0,0,0,0,6,0,0,0,0
"InChI=1S/C11H14ClNO/c1-8(2)11(13-7-14)9-3-5-10(12)6-4-9/h3-8,11H,1-2H3,(H,13,14)",1,1,4,0,0,0,0,0,0,0,0,0,0,0,0,0,0,0,0,0,0,0,0,0,0,0,0,0,0,0,0,0,0,0,0,0,0,1,0,0,0,0,0,0,0,0,0,0,1,0,0,1,1,0,0,0,1,0,0,0,0,0,0,0,0,1,4,1,0,0,0,0,0,0,0,0,0,0,0,0,0,0,1,0,0,0,0,0,0,0,1,0,0,1,0,0,0,0,1,0,0,0,0,0,0,0,0,0,0,0,0,6,6,0,0,0,0,0,0,0,0,0,2,0,0,0,1,2,1,0,0,1,1,2,0,0,0,0,0,0,0,1,6,0,0,0,1,0,0,0,0,0,6,0,0,0,0
"InChI=1S/C11H14ClNO/c12-10-4-2-1-3-9(10)11(7-14)13-8-5-6-8/h1-4,8,11,13-14H,5-7H2",1,1,5,0,0,0,0,0,0,0,0,0,0,0,0,0,0,0,0,0,1,0,0,0,0,0,0,0,0,0,0,0,0,3,0,0,0,2,0,1,0,8,0,0,0,0,0,0,0,0,0,0,2,0,0,0,1,4,0,8,0,15,8,0,0,1,6,0,0,2,1,0,0,0,0,0,0,0,0,0,0,0,0,1,0,0,0,8,1,0,1,0,0,1,0,0,0,0,0,0,0,0,0,0,0,0,0,3,0,0,0,6,6,0,0,0,0,0,0,8,3,0,0,0,0,0,0,0,1,0,0,1,1,2,0,0,0,0,0,0,0,1,9,1,0,0,1,0,0,0,0,0,18,0,0,0,0
"InChI=1S/C11H14ClNO/c1-3-8(2)11(14)13-10-7-5-4-6-9(10)12/h4-8H,3H2,1-2H3,(H,13,14)",1,1,4,0,0,0,0,0,0,0,0,0,0,0,0,0,0,0,0,0,0,0,0,0,0,0,0,0,0,0,0,0,0,0,0,0,0,1,0,0,0,0,0,0,0,0,0,0,1,0,0,1,1,0,0,0,1,3,0,0,0,0,0,0,0,1,2,1,2,2,0,0,0,0,0,0,0,0,0,0,0,0,1,0,0,0,0,0,0,0,1,0,0,1,0,0,0,0,1,1,0,0,0,0,0,0,0,0,0,0,0,6,6,0,0,0,0,0,0,6,0,0,2,3,3,0,0,2,1,0,0,1,1,2,0,0,0,0,0,0,0,1,6,0,0,0,1,0,0,0,0,0,6,0,0,0,0
"InChI=1S/C11H14ClNO/c1-8(2)7-11(14)13-10-6-4-3-5-9(10)12/h3-6,8H,7H2,1-2H3,(H,13,14)",1,1,4,0,0,0,0,0,0,0,0,0,0,0,0,0,0,0,0,0,0,0,0,0,0,0,0,0,0,0,0,0,0,0,0,0,0,1,0,0,0,3,0,0,0,0,0,0,1,0,0,1,1,0,0,0,1,0,0,0,0,0,0,0,0,1,2,1,2,2,0,0,0,0,0,0,0,0,0,0,0,0,1,0,0,0,0,3,0,0,1,0,0,1,0,0,0,0,1,1,0,0,0,0,0,0,0,0,3,0,0,6,6,0,0,0,0,0,0,6,0,0,2,0,6,0,1,2,1,0,0,1,1,2,0,0,0,0,0,0,0,1,6,0,0,0,1,0,0,0,0,0,6,0,0,0,0
"InChI=1S/C11H14ClNO/c1-11(2,3)10(14)13-9-6-4-8(12)5-7-9/h4-7H,1-3H3,(H,13,14)",1,1,4,0,0,0,0,0,0,0,0,0,0,0,0,0,0,0,0,0,1,0,0,0,0,0,0,0,0,0,0,0,0,0,0,0,0,1,0,0,0,0,0,0,0,0,0,0,1,0,0,0,2,0,0,1,0,0,0,0,0,0,0,0,0,1,2,0,2,2,1,0,0,0,0,0,0,0,0,0,0,0,1,0,0,0,0,0,1,0,1,1,0,0,0,0,0,0,1,1,0,0,0,0,0,0,0,0,0,0,0,6,6,0,0,0,0,0,0,0,0,0,3,0,0,0,3,3,1,0,0,1,1,2,0,0,0,0,0,0,0,0,6,0,0,0,1,0,0,0,0,0,6,0,0,0,0
"InChI=1S/C11H14ClNO/c1-3-13-11(14)8(2)9-4-6-10(12)7-5-9/h4-8H,3H2,1-2H3,(H,13,14)",1,1,4,0,0,0,0,0,0,0,0,0,0,0,0,0,0,0,0,0,0,0,0,0,0,0,0,0,0,0,0,0,0,3,0,0,0,1,0,0,0,0,0,0,0,0,0,0,1,0,0,1,1,0,0,0,1,3,0,0,0,0,0,0,0,1,4,1,0,0,0,0,0,0,0,0,0,0,0,0,0,0,1,0,0,0,3,0,0,0,1,0,0,1,0,0,0,0,1,1,0,0,0,0,0,0,0,0,0,0,0,6,6,0,0,0,0,0,0,6,0,0,2,3,0,3,0,2,1,0,0,1,1,2,0,0,0,0,0,0,0,1,6,0,0,0,1,0,0,0,0,0,6,0,0,0,0
"InChI=1S/C11H14ClNO/c1-3-13(11(14)9(2)12)10-7-5-4-6-8-10/h4-9H,3H2,1-2H3",1,1,4,0,0,0,0,0,0,0,0,0,0,0,0,0,0,0,0,0,1,0,0,0,0,0,0,0,0,0,0,0,0,3,0,0,0,0,0,0,0,0,0,0,0,0,0,0,0,0,0,0,3,0,1,1,0,0,0,0,0,0,0,0,0,1,5,0,2,2,1,0,0,0,0,0,0,0,0,0,0,0,1,0,0,0,3,0,0,0,1,1,0,0,0,0,0,0,1,1,0,0,0,0,0,0,0,0,0,0,0,6,6,0,0,0,0,0,0,6,0,0,2,3,0,3,0,2,1,0,0,1,3,0,0,0,0,0,0,0,0,0,6,0,0,0,1,0,0,0,0,0,6,0,0,0,0
"InChI=1S/C11H14ClNO/c1-2-7-13-8-11(14)9-3-5-10(12)6-4-9/h2-6,11,13-14H,1,7-8H2",1,1,3,0,0,0,0,0,0,0,0,0,0,0,0,0,0,0,0,0,1,0,0,0,0,0,0,0,0,0,0,0,0,6,0,0,0,2,0,1,0,3,0,1,2,0,0,0,0,0,0,0,2,0,0,0,1,2,3,0,0,6,0,0,0,1,6,0,0,0,1,0,0,0,0,0,0,0,0,0,0,0,0,1,0,0,6,0,1,0,1,0,0,1,0,0,0,1,0,0,0,0,0,0,0,0,0,0,3,0,0,6,6,0,0,0,0,0,1,15,6,1,0,0,0,0,0,0,1,0,0,1,1,2,0,0,0,0,0,0,0,1,6,0,0,0,1,0,0,0,0,0,6,0,0,0,0
"InChI=1S/C11H14ClNO/c1-3-7(2)11(14)9-6-8(12)4-5-10(9)13/h4-7H,3,13H2,1-2H3",1,1,4,0,0,0,0,0,0,0,0,0,0,0,0,0,0,0,0,0,1,0,0,0,0,0,0,0,0,0,0,0,0,0,0,0,0,1,0,0,0,0,0,0,0,0,0,0,1,0,0,0,1,0,0,1,0,0,0,0,0,0,0,0,0,1,1,0,2,2,1,0,0,0,0,0,0,0,0,0,0,0,0,0,0,0,0,0,1,0,1,1,0,0,0,0,0,1,0,0,0,0,1,0,0,0,0,0,0,0,0,6,6,0,0,0,0,0,0,6,0,0,2,3,3,0,0,2,1,0,0,1,1,2,0,0,0,0,0,0,1,0,6,0,0,0,1,0,0,0,0,0,6,0,0,0,0
"InChI=1S/C11H14ClNO/c1-3-13(11(14)8-12)10-6-4-9(2)5-7-10/h4-7H,3,8H2,1-2H3",1,1,4,0,0,0,0,0,0,0,0,0,0,0,0,0,0,0,0,0,1,0,0,0,0,0,0,0,0,0,0,0,0,6,0,0,0,0,0,0,0,0,0,0,0,0,0,0,0,0,0,0,3,0,1,1,0,0,0,0,9,0,0,0,0,1,5,0,2,2,1,0,0,0,0,0,0,0,0,0,0,0,1,0,0,0,3,3,0,0,1,1,0,0,0,0,0,0,1,1,0,0,0,0,0,0,0,0,3,0,0,6,6,0,0,0,0,0,0,12,0,0,2,3,0,3,0,2,1,0,0,1,3,0,0,0,0,0,0,0,0,0,6,0,0,0,1,0,0,0,0,0,6,0,0,0,0
"InChI=1S/C11H14ClNO/c1-8(13-9(2)14)7-10-3-5-11(12)6-4-10/h3-6,8H,7H2,1-2H3,(H,13,14)",1,1,4,0,0,0,0,0,0,0,0,0,0,0,0,0,0,0,0,0,0,0,0,0,0,0,0,0,0,0,0,0,0,0,0,0,0,1,0,0,0,0,0,0,0,0,0,0,0,0,0,1,1,0,0,0,1,0,3,0,0,0,0,0,0,1,4,1,0,0,0,0,0,0,0,0,0,0,0,0,0,0,1,0,0,0,0,3,0,0,1,0,0,1,0,0,0,0,1,1,0,0,0,0,0,0,0,0,0,0,0,6,6,0,0,0,0,0,0,6,0,0,2,0,3,3,0,2,1,0,0,1,1,2,0,0,0,0,0,0,0,1,6,0,0,0,1,0,0,0,0,0,6,0,0,0,0
"InChI=1S/C11H14ClNO/c1-8(13-11-6-14-7-11)9-2-4-10(12)5-3-9/h2-5,8,11,13H,6-7H2,1H3",1,1,5,0,0,0,0,0,0,0,0,0,0,0,0,0,0,0,0,0,1,1,0,0,0,0,0,0,0,0,0,0,0,6,0,0,0,1,0,0,0,6,0,0,0,0,0,0,0,0,0,0,2,0,0,0,2,0,4,0,0,0,0,0,1,1,6,0,0,2,1,0,0,0,0,0,0,0,0,0,0,0,0,2,0,0,0,6,1,0,1,0,0,0,0,0,0,0,0,0,0,0,0,0,0,0,0,6,0,0,1,6,6,0,0,0,0,1,0,2,0,1,1,0,0,6,0,1,1,0,0,1,1,2,0,0,0,0,0,0,0,0,10,0,1,0,1,0,0,0,0,0,14,0,0,0,0
"InChI=1S/C11H14ClNO/c1-3-11(14)13(2)8-9-6-4-5-7-10(9)12/h4-7H,3,8H2,1-2H3",1,1,4,0,0,0,0,0,0,0,0,0,0,0,0,0,0,0,0,0,1,0,0,0,0,0,0,0,0,0,0,0,0,3,0,1,0,0,0,0,0,0,0,0,0,0,0,0,0,0,0,0,3,0,1,1,0,0,0,0,9,0,0,3,0,1,7,0,0,0,1,0,0,0,0,0,0,0,0,0,0,0,1,0,0,0,3,3,0,0,1,1,0,0,0,0,0,0,1,1,0,0,0,0,0,0,0,0,3,0,0,6,6,0,0,0,0,0,0,12,0,1,2,3,3,3,0,2,1,0,0,1,1,2,0,0,0,0,0,0,0,0,6,0,0,0,1,0,0,0,0,0,6,0,0,0,0
"InChI=1S/C11H14ClNO/c1-3-13(2)8-11(14)9-4-6-10(12)7-5-9/h4-7H,3,8H2,1-2H3",1,1,4,0,0,0,0,0,0,0,0,0,0,0,0,0,0,0,0,0,1,0,0,0,0,0,0,0,0,0,0,0,0,6,0,1,0,0,0,0,0,0,0,0,0,0,0,0,0,0,0,0,3,0,1,1,0,0,0,0,0,0,0,3,0,1,9,0,0,0,1,0,0,0,0,0,0,0,0,0,0,0,0,1,0,0,6,0,0,0,1,1,0,0,0,0,0,1,0,0,0,0,0,0,0,0,0,0,3,0,0,6,6,0,0,0,0,0,0,12,0,3,2,3,6,0,0,2,1,0,0,1,1,2,0,0,0,0,0,0,0,0,6,0,0,0,1,0,0,0,0,0,6,0,0,0,0
"InChI=1S/C11H14ClNO/c1-8(2)6-11(14)13-10-5-3-4-9(12)7-10/h3-5,7-8H,6H2,1-2H3,(H,13,14)",1,1,4,0,0,0,0,0,0,0,0,0,0,0,0,0,0,0,0,0,0,0,0,0,0,0,0,0,0,0,0,0,0,0,0,0,0,1,0,0,0,3,0,0,0,0,0,0,1,0,0,1,1,0,0,0,1,0,0,0,0,0,0,0,0,1,2,1,2,2,0,0,0,0,0,0,0,0,0,0,0,0,1,0,0,0,0,3,0,0,1,0,0,1,0,0,0,0,1,1,0,0,0,0,0,0,0,0,3,0,0,6,6,0,0,0,0,0,0,6,0,0,2,0,6,0,1,2,1,0,0,1,1,2,0,0,0,0,0,0,0,1,6,0,0,0,1,0,0,0,0,0,6,0,0,0,0
"InChI=1S/C11H14ClNO/c12-10-4-3-9(11(13)5-10)7-14-6-8-1-2-8/h3-5,8H,1-2,6-7,13H2",1,1,5,0,0,0,0,0,0,0,0,0,0,0,0,0,0,0,0,0,1,0,0,0,0,0,0,0,0,0,0,0,0,6,0,0,0,1,0,0,0,0,0,0,0,0,0,0,1,0,0,0,1,0,0,0,2,3,0,8,12,15,8,0,0,1,1,0,2,2,1,0,0,0,0,0,0,0,0,0,0,0,0,0,0,0,0,0,1,0,1,0,0,1,0,0,0,0,0,0,0,0,1,0,0,0,0,6,0,0,0,6,6,0,0,0,0,0,0,14,0,1,0,0,0,0,0,0,1,0,0,1,1,2,0,0,0,0,0,0,1,0,9,1,0,0,1,0,0,0,0,0,18,0,0,0,0
"InChI=1S/C11H14ClNO/c1-3-8(2)11(14)13-10-6-4-5-9(12)7-10/h4-8H,3H2,1-2H3,(H,13,14)",1,1,4,0,0,0,0,0,0,0,0,0,0,0,0,0,0,0,0,0,0,0,0,0,0,0,0,0,0,0,0,0,0,0,0,0,0,1,0,0,0,0,0,0,0,0,0,0,1,0,0,1,1,0,0,0,1,3,0,0,0,0,0,0,0,1,2,1,2,2,0,0,0,0,0,0,0,0,0,0,0,0,1,0,0,0,0,0,0,0,1,0,0,1,0,0,0,0,1,1,0,0,0,0,0,0,0,0,0,0,0,6,6,0,0,0,0,0,0,6,0,0,2,3,3,0,0,2,1,0,0,1,1,2,0,0,0,0,0,0,0,1,6,0,0,0,1,0,0,0,0,0,6,0,0,0,0
"InChI=1S/C11H14ClNO/c1-3-11(14)13(2)8-9-4-6-10(12)7-5-9/h4-7H,3,8H2,1-2H3",1,1,4,0,0,0,0,0,0,0,0,0,0,0,0,0,0,0,0,0,1,0,0,0,0,0,0,0,0,0,0,0,0,3,0,1,0,0,0,0,0,0,0,0,0,0,0,0,0,0,0,0,3,0,1,1,0,0,0,0,9,0,0,3,0,1,7,0,0,0,1,0,0,0,0,0,0,0,0,0,0,0,1,0,0,0,3,3,0,0,1,1,0,0,0,0,0,0,1,1,0,0,0,0,0,0,0,0,3,0,0,6,6,0,0,0,0,0,0,12,0,1,2,3,3,3,0,2,1,0,0,1,1,2,0,0,0,0,0,0,0,0,6,0,0,0,1,0,0,0,0,0,6,0,0,0,0
"InChI=1S/C11H14ClNO/c1-3-13(9(2)12)11-6-4-10(8-14)5-7-11/h4-9H,3H2,1-2H3",1,1,4,0,0,0,0,0,0,0,0,0,0,0,0,0,0,0,0,0,1,0,0,0,0,0,0,0,0,0,0,0,0,3,0,0,0,0,0,0,0,0,0,0,0,0,0,0,0,0,0,0,3,0,1,1,0,0,0,0,0,0,0,3,0,1,7,0,2,2,1,0,0,0,0,0,0,0,0,0,0,0,0,0,0,0,3,0,0,0,1,1,0,0,0,0,0,0,0,0,0,0,0,0,0,0,0,0,0,0,0,6,6,0,0,0,0,0,0,6,0,0,2,3,0,0,0,2,1,0,0,1,3,0,0,0,0,0,0,0,0,0,6,0,0,0,1,0,0,0,0,0,6,0,0,0,0
"InChI=1S/C11H14ClNO/c1-8(13-9(2)14)7-10-5-3-4-6-11(10)12/h3-6,8H,7H2,1-2H3,(H,13,14)",1,1,4,0,0,0,0,0,0,0,0,0,0,0,0,0,0,0,0,0,0,0,0,0,0,0,0,0,0,0,0,0,0,0,0,0,0,1,0,0,0,0,0,0,0,0,0,0,0,0,0,1,1,0,0,0,1,0,3,0,0,0,0,0,0,1,4,1,0,0,0,0,0,0,0,0,0,0,0,0,0,0,1,0,0,0,0,3,0,0,1,0,0,1,0,0,0,0,1,1,0,0,0,0,0,0,0,0,0,0,0,6,6,0,0,0,0,0,0,6,0,0,2,0,3,3,0,2,1,0,0,1,1,2,0,0,0,0,0,0,0,1,6,0,0,0,1,0,0,0,0,0,6,0,0,0,0
"InChI=1S/C11H14ClNO/c12-8-3-4-9(10(13)6-8)11(14)5-7-1-2-7/h3-4,6-7,11,14H,1-2,5,13H2",1,1,5,0,0,0,0,0,0,0,0,0,0,0,0,0,0,0,0,0,1,0,0,0,0,0,0,0,0,0,0,0,0,0,0,0,0,2,0,0,1,3,0,0,0,0,0,0,1,0,0,0,1,0,0,0,1,0,8,8,12,0,8,0,0,1,1,0,2,2,1,0,0,0,0,0,0,0,0,0,0,0,0,0,0,0,0,0,1,0,1,0,0,1,0,0,0,1,0,0,0,0,1,0,0,0,0,0,3,0,0,6,6,0,0,0,0,0,0,8,0,0,0,0,0,0,0,0,1,0,0,1,1,2,0,0,0,0,0,0,1,1,9,1,0,0,1,0,0,0,0,0,18,0,0,0,0
"InChI=1S/C11H14ClNO/c1-7(2)13-11(14)9-5-4-8(3)10(12)6-9/h4-7H,1-3H3,(H,13,14)",1,1,4,0,0,0,0,0,0,0,0,0,0,0,0,0,0,0,0,0,0,0,0,0,0,0,0,0,0,0,0,0,0,0,0,0,0,1,0,0,0,0,0,0,0,0,0,0,0,0,0,1,1,0,0,0,1,0,0,0,0,0,0,0,0,1,4,1,0,0,0,0,0,0,0,0,0,0,0,0,0,0,1,0,0,0,0,0,0,0,1,0,0,1,0,0,0,0,1,1,0,0,0,0,0,0,0,0,0,0,0,6,6,0,0,0,0,0,0,0,0,0,3,0,0,0,1,3,1,0,0,1,1,2,0,0,0,0,0,0,0,1,6,0,0,0,1,0,0,0,0,0,6,0,0,0,0
"InChI=1S/C11H14ClNO/c1-8(13-11-6-14-7-11)9-3-2-4-10(12)5-9/h2-5,8,11,13H,6-7H2,1H3",1,1,5,0,0,0,0,0,0,0,0,0,0,0,0,0,0,0,0,0,1,1,0,0,0,0,0,0,0,0,0,0,0,6,0,0,0,1,0,0,0,6,0,0,0,0,0,0,0,0,0,0,2,0,0,0,2,0,4,0,0,0,0,0,1,1,6,0,0,2,1,0,0,0,0,0,0,0,0,0,0,0,0,2,0,0,0,6,1,0,1,0,0,0,0,0,0,0,0,0,0,0,0,0,0,0,0,6,0,0,1,6,6,0,0,0,0,1,0,2,0,1,1,0,0,6,0,1,1,0,0,1,1,2,0,0,0,0,0,0,0,0,10,0,1,0,1,0,0,0,0,0,14,0,0,0,0
"InChI=1S/C11H14ClNO/c1-8(2)7-13-11(14)9-3-5-10(12)6-4-9/h3-6,8H,7H2,1-2H3,(H,13,14)",1,1,4,0,0,0,0,0,0,0,0,0,0,0,0,0,0,0,0,0,1,0,0,0,0,0,0,0,0,0,0,0,0,3,0,0,0,1,0,0,0,0,0,0,0,0,0,0,1,0,0,0,2,0,0,1,0,0,0,0,0,0,0,0,0,1,4,0,0,0,1,0,0,0,0,0,0,0,0,0,0,0,1,0,0,0,3,0,1,0,1,1,0,0,0,0,0,0,1,1,0,0,0,0,0,0,0,0,0,0,0,6,6,0,0,0,0,0,0,6,3,0,2,0,6,0,1,2,1,0,0,1,1,2,0,0,0,0,0,0,0,0,6,0,0,0,1,0,0,0,0,0,6,0,0,0,0
"InChI=1S/C11H14ClNO/c1-8(13(2)3)11(14)9-4-6-10(12)7-5-9/h4-8H,1-3H3",1,1,4,0,0,0,0,0,0,0,0,0,0,0,0,0,0,0,0,0,1,0,0,0,0,0,0,0,0,0,0,0,0,0,0,2,0,0,0,0,0,0,0,0,0,0,0,0,0,0,0,0,3,0,1,1,0,0,0,0,0,0,0,0,0,1,9,0,0,0,1,0,0,0,0,0,0,0,0,0,0,0,0,1,0,0,0,0,0,0,1,1,0,0,0,0,0,1,0,0,0,0,0,0,0,0,0,0,0,0,0,6,6,0,0,0,0,0,0,0,0,1,3,0,0,0,1,3,1,0,0,1,1,2,0,0,0,0,0,0,0,0,6,0,0,0,1,0,0,0,0,0,6,0,0,0,0
"InChI=1S/C11H14ClNO/c1-2-13-11(8-14)7-9-3-5-10(12)6-4-9/h3-6,8,13-14H,2,7H2,1H3",1,1,3,0,0,0,0,0,0,0,0,0,0,0,0,0,0,0,0,0,1,0,0,0,0,0,0,0,0,0,0,0,0,3,0,0,0,2,0,1,0,3,0,1,2,0,0,0,0,0,1,0,2,0,0,0,1,3,3,0,9,0,0,0,0,1,4,0,0,0,1,0,0,0,0,0,0,0,0,0,0,0,0,1,0,0,3,3,1,0,1,0,0,1,0,0,0,0,0,0,0,0,0,0,0,0,0,0,0,0,0,6,6,0,0,0,0,0,0,12,3,0,1,3,0,3,0,1,1,0,0,1,1,2,0,0,0,0,0,0,0,1,6,0,0,0,1,0,0,0,0,0,6,0,0,0,0
"InChI=1S/C11H14ClNO/c1-8-2-3-11(10(12)6-8)13-9-4-5-14-7-9/h2-3,6,9,13H,4-5,7H2,1H3",1,1,5,0,0,0,0,0,0,0,0,0,0,0,0,0,0,0,0,0,1,0,1,0,0,0,0,0,0,0,0,0,0,6,0,0,0,1,0,0,0,6,0,0,0,0,0,0,0,0,0,0,2,0,0,0,2,3,3,9,14,4,9,0,1,1,4,0,2,4,1,0,0,0,0,0,0,0,0,0,0,0,0,1,0,0,0,6,1,0,1,0,0,0,0,0,0,0,0,0,0,0,1,0,0,0,0,6,3,0,1,6,6,0,0,0,0,1,0,3,0,1,1,0,0,0,0,1,1,0,0,1,1,2,0,0,0,0,0,0,0,0,11,0,0,1,1,0,0,0,0,0,18,0,0,0,0
"InChI=1S/C11H14ClNO/c12-9-3-1-8(2-4-9)11(14)7-13-10-5-6-10/h1-4,10-11,13-14H,5-7H2",1,1,5,0,0,0,0,0,0,0,0,0,0,0,0,0,0,0,0,0,1,0,0,0,0,0,0,0,0,0,0,0,0,3,0,0,0,2,0,1,0,8,0,0,0,0,0,0,0,0,0,0,2,0,0,0,1,4,0,8,15,12,8,0,0,1,6,0,0,2,1,0,0,0,0,0,0,0,0,0,0,0,0,1,0,0,3,5,1,0,1,0,0,1,0,0,0,1,0,0,0,0,0,0,0,0,0,0,3,0,0,6,6,0,0,0,0,0,0,8,3,0,0,0,0,0,0,0,1,0,0,1,1,2,0,0,0,0,0,0,0,1,9,1,0,0,1,0,0,0,0,0,18,0,0,0,0
"InChI=1S/C11H14ClNO/c1-2-3-4-11(14)13-10-7-5-9(12)6-8-10/h5-8H,2-4H2,1H3,(H,13,14)",1,1,4,0,0,0,0,0,0,0,0,0,0,0,0,0,0,0,0,0,1,0,0,0,0,0,0,0,0,0,0,0,0,0,0,0,0,1,0,0,0,3,0,0,0,0,0,0,0,0,0,0,2,0,0,1,0,3,3,18,0,0,18,3,0,1,2,0,2,2,1,0,0,0,0,0,0,0,0,0,0,0,1,0,0,0,0,3,1,0,1,1,0,0,0,0,0,0,1,1,0,0,0,0,0,0,0,0,3,0,0,6,6,0,0,0,0,0,0,18,0,0,1,3,3,0,0,1,1,0,0,1,1,2,0,0,0,0,0,0,0,0,6,0,0,0,1,0,0,0,0,0,6,0,0,0,0
"InChI=1S/C11H14ClNO/c12-11-3-1-9(2-4-11)5-13-6-10(7-13)8-14/h1-4,10,14H,5-8H2",1,1,5,0,0,0,0,0,0,0,0,0,0,0,0,0,0,0,0,0,1,1,0,0,0,0,0,0,0,0,0,0,0,12,0,0,0,1,0,0,0,0,0,0,0,0,0,0,1,0,0,0,3,0,1,0,1,6,0,0,0,42,0,0,1,1,9,0,0,0,1,2,0,0,0,0,0,0,0,0,0,0,0,0,0,0,9,0,0,1,1,0,0,1,0,0,0,0,0,0,0,0,2,0,0,0,0,3,0,0,0,6,6,0,0,0,0,1,0,14,3,3,0,0,0,0,0,0,1,0,0,1,1,2,0,0,0,0,0,0,0,1,10,0,1,0,1,0,0,0,0,0,18,0,0,0,0
"InChI=1S/C11H14ClNO/c12-10-3-1-2-4-11(10)13-6-5-9(7-13)8-14/h1-4,9,14H,5-8H2",1,1,5,0,0,0,0,0,0,0,0,0,0,0,0,0,0,0,0,0,1,0,1,0,0,0,0,0,0,0,0,0,0,9,0,0,0,1,0,0,0,0,0,0,0,0,0,0,1,0,0,0,3,0,1,0,1,6,3,9,23,13,9,0,1,1,7,0,2,2,1,2,0,0,0,0,0,0,0,0,0,0,0,0,0,0,6,3,0,1,1,0,0,1,0,0,0,0,0,0,0,0,1,0,0,0,0,3,0,0,0,6,6,0,0,0,0,1,0,9,3,1,0,0,0,0,0,0,1,0,0,1,1,2,0,0,0,0,0,0,0,1,11,0,0,1,1,0,0,0,0,1,22,0,0,0,0
"InChI=1S/C11H14ClNO/c1-3-11(14)13(2)8-9-5-4-6-10(12)7-9/h4-7H,3,8H2,1-2H3",1,1,4,0,0,0,0,0,0,0,0,0,0,0,0,0,0,0,0,0,1,0,0,0,0,0,0,0,0,0,0,0,0,3,0,1,0,0,0,0,0,0,0,0,0,0,0,0,0,0,0,0,3,0,1,1,0,0,0,0,9,0,0,3,0,1,7,0,0,0,1,0,0,0,0,0,0,0,0,0,0,0,1,0,0,0,3,3,0,0,1,1,0,0,0,0,0,0,1,1,0,0,0,0,0,0,0,0,3,0,0,6,6,0,0,0,0,0,0,12,0,1,2,3,3,3,0,2,1,0,0,1,1,2,0,0,0,0,0,0,0,0,6,0,0,0,1,0,0,0,0,0,6,0,0,0,0
"InChI=1S/C11H14ClNO/c1-11(2,3)13(8-14)10-6-4-5-9(12)7-10/h4-8H,1-3H3",1,1,4,0,0,0,0,0,0,0,0,0,0,0,0,0,0,0,0,0,1,0,0,0,0,0,0,0,0,0,0,0,0,0,0,0,0,0,0,0,0,0,0,0,0,0,0,0,1,0,0,0,3,0,1,1,0,0,0,0,0,0,0,0,0,1,5,0,2,2,1,0,0,0,0,0,0,0,0,0,0,0,1,0,0,0,0,0,0,0,1,1,0,0,0,0,0,0,1,0,0,0,0,0,0,0,0,0,0,0,0,6,6,0,0,0,0,0,0,0,0,0,3,0,0,0,3,3,1,0,0,1,1,2,0,0,0,0,0,0,0,0,6,0,0,0,1,0,0,0,0,0,6,0,0,0,0
"InChI=1S/C11H14ClNO/c1-8(13-9-6-14-7-9)10-4-2-3-5-11(10)12/h2-5,8-9,13H,6-7H2,1H3",1,1,5,0,0,0,0,0,0,0,0,0,0,0,0,0,0,0,0,0,1,1,0,0,0,0,0,0,0,0,0,0,0,6,0,0,0,1,0,0,0,6,0,0,0,0,0,0,0,0,0,0,2,0,0,0,2,0,4,0,0,0,0,0,1,1,6,0,0,2,1,0,0,0,0,0,0,0,0,0,0,0,0,2,0,0,0,6,1,0,1,0,0,0,0,0,0,0,0,0,0,0,0,0,0,0,0,6,0,0,1,6,6,0,0,0,0,1,0,2,0,1,1,0,0,6,0,1,1,0,0,1,1,2,0,0,0,0,0,0,0,0,10,0,1,0,1,0,0,0,0,0,14,0,0,0,0
"InChI=1S/C11H14ClNO/c1-11(2,3)13-10(14-13)8-4-6-9(12)7-5-8/h4-7,10H,1-3H3",1,1,5,0,0,0,0,0,0,0,0,0,0,0,0,0,0,0,0,0,1,0,0,0,0,1,0,0,0,0,1,0,1,0,0,0,0,0,0,0,0,0,0,0,0,0,0,0,1,0,0,0,2,0,0,0,1,0,0,0,0,0,0,0,2,1,6,0,0,0,1,2,0,0,0,0,0,0,0,0,0,1,1,0,0,1,0,0,0,1,1,0,0,0,0,0,0,0,1,1,0,0,0,1,0,0,0,0,0,0,1,6,6,0,0,0,0,2,0,0,0,0,3,0,0,0,3,3,1,0,0,1,1,2,0,0,0,0,0,0,0,0,9,1,0,0,1,0,0,1,0,1,8,0,0,0,0
"InChI=1S/C11H14ClNO/c1-2-7-13-8-11(14)9-5-3-4-6-10(9)12/h2-6,11,13-14H,1,7-8H2",1,1,3,0,0,0,0,0,0,0,0,0,0,0,0,0,0,0,0,0,1,0,0,0,0,0,0,0,0,0,0,0,0,6,0,0,0,2,0,1,0,3,0,1,2,0,0,0,0,0,0,0,2,0,0,0,1,2,3,0,0,6,0,0,0,1,6,0,0,0,1,0,0,0,0,0,0,0,0,0,0,0,0,1,0,0,6,0,1,0,1,0,0,1,0,0,0,1,0,0,0,0,0,0,0,0,0,0,3,0,0,6,6,0,0,0,0,0,1,15,6,1,0,0,0,0,0,0,1,0,0,1,1,2,0,0,0,0,0,0,0,1,6,0,0,0,1,0,0,0,0,0,6,0,0,0,0
"InChI=1S/C11H14ClNO/c1-8-6-4-5-7-10(8)13(3)11(14)9(2)12/h4-7,9H,1-3H3",1,1,4,0,0,0,0,0,0,0,0,0,0,0,0,0,0,0,0,0,1,0,0,0,0,0,0,0,0,0,0,0,0,0,0,1,0,0,0,0,0,0,0,0,0,0,0,0,0,0,0,0,3,0,1,1,0,0,0,0,0,0,0,0,0,1,5,0,2,2,1,0,0,0,0,0,0,0,0,0,0,0,1,0,0,0,0,0,0,0,1,1,0,0,0,0,0,0,1,1,0,0,0,0,0,0,0,0,0,0,0,6,6,0,0,0,0,0,0,0,0,0,3,0,0,0,0,3,1,0,0,1,3,0,0,0,0,0,0,0,0,0,6,0,0,0,1,0,0,0,0,0,6,0,0,0,0
"InChI=1S/C11H14ClNO/c1-13(7-2-8-14)9-10-3-5-11(12)6-4-10/h3-6,8H,2,7,9H2,1H3",1,1,4,0,0,0,0,0,0,0,0,0,0,0,0,0,0,0,0,0,1,0,0,0,0,0,0,0,0,0,0,0,0,6,0,1,0,0,0,0,0,0,0,0,0,0,0,0,0,0,0,0,3,0,1,1,0,0,0,9,9,0,9,3,0,1,9,0,0,0,1,0,0,0,0,0,0,0,0,0,0,0,0,0,0,0,6,3,0,0,1,1,0,0,0,0,0,0,0,0,0,0,1,0,0,0,0,0,3,0,0,6,6,0,0,0,0,0,0,18,0,3,1,0,6,0,0,1,1,0,0,1,1,2,0,0,0,0,0,0,0,0,6,0,0,0,1,0,0,0,0,0,6,0,0,0,0
"InChI=1S/C11H14ClNO/c1-13(7-4-8-14)9-10-5-2-3-6-11(10)12/h2-3,5-6,8H,4,7,9H2,1H3",1,1,4,0,0,0,0,0,0,0,0,0,0,0,0,0,0,0,0,0,1,0,0,0,0,0,0,0,0,0,0,0,0,6,0,1,0,0,0,0,0,0,0,0,0,0,0,0,0,0,0,0,3,0,1,1,0,0,0,9,9,0,9,3,0,1,9,0,0,0,1,0,0,0,0,0,0,0,0,0,0,0,0,0,0,0,6,3,0,0,1,1,0,0,0,0,0,0,0,0,0,0,1,0,0,0,0,0,3,0,0,6,6,0,0,0,0,0,0,18,0,3,1,0,6,0,0,1,1,0,0,1,1,2,0,0,0,0,0,0,0,0,6,0,0,0,1,0,0,0,0,0,6,0,0,0,0
"InChI=1S/C11H14ClNO/c12-11-4-2-1-3-10(11)7-13-5-9(6-13)8-14/h1-4,9,14H,5-8H2",1,1,5,0,0,0,0,0,0,0,0,0,0,0,0,0,0,0,0,0,1,1,0,0,0,0,0,0,0,0,0,0,0,12,0,0,0,1,0,0,0,0,0,0,0,0,0,0,1,0,0,0,3,0,1,0,1,6,0,0,0,42,0,0,1,1,9,0,0,0,1,2,0,0,0,0,0,0,0,0,0,0,0,0,0,0,9,0,0,1,1,0,0,1,0,0,0,0,0,0,0,0,2,0,0,0,0,3,0,0,0,6,6,0,0,0,0,1,0,14,3,3,0,0,0,0,0,0,1,0,0,1,1,2,0,0,0,0,0,0,0,1,10,0,1,0,1,0,0,0,0,0,18,0,0,0,0
"InChI=1S/C11H14ClNO/c1-8(13-9(2)14)6-10-4-3-5-11(12)7-10/h3-5,7-8H,6H2,1-2H3,(H,13,14)",1,1,4,0,0,0,0,0,0,0,0,0,0,0,0,0,0,0,0,0,0,0,0,0,0,0,0,0,0,0,0,0,0,0,0,0,0,1,0,0,0,0,0,0,0,0,0,0,0,0,0,1,1,0,0,0,1,0,3,0,0,0,0,0,0,1,4,1,0,0,0,0,0,0,0,0,0,0,0,0,0,0,1,0,0,0,0,3,0,0,1,0,0,1,0,0,0,0,1,1,0,0,0,0,0,0,0,0,0,0,0,6,6,0,0,0,0,0,0,6,0,0,2,0,3,3,0,2,1,0,0,1,1,2,0,0,0,0,0,0,0,1,6,0,0,0,1,0,0,0,0,0,6,0,0,0,0
"InChI=1S/C11H14ClNO/c1-11(2,3)13-10(14-13)8-5-4-6-9(12)7-8/h4-7,10H,1-3H3",1,1,5,0,0,0,0,0,0,0,0,0,0,0,0,0,0,0,0,0,1,0,0,0,0,1,0,0,0,0,1,0,1,0,0,0,0,0,0,0,0,0,0,0,0,0,0,0,1,0,0,0,2,0,0,0,1,0,0,0,0,0,0,0,2,1,6,0,0,0,1,2,0,0,0,0,0,0,0,0,0,1,1,0,0,1,0,0,0,1,1,0,0,0,0,0,0,0,1,1,0,0,0,1,0,0,0,0,0,0,1,6,6,0,0,0,0,2,0,0,0,0,3,0,0,0,3,3,1,0,0,1,1,2,0,0,0,0,0,0,0,0,9,1,0,0,1,0,0,1,0,1,8,0,0,0,0
"InChI=1S/C11H14ClNO/c1-2-13-7-8-14-11(13)9-3-5-10(12)6-4-9/h3-6,11H,2,7-8H2,1H3",1,1,5,0,0,0,0,0,0,0,0,0,0,0,0,0,0,0,0,0,1,0,1,0,0,0,0,0,0,0,0,0,0,9,0,0,0,0,0,0,0,0,0,0,0,0,0,0,0,0,0,0,3,0,1,0,2,0,0,9,9,13,9,3,2,1,9,0,0,0,1,2,0,0,0,0,0,0,0,0,0,0,1,1,0,0,6,3,0,1,1,0,0,0,0,0,0,0,1,1,0,0,0,0,0,0,0,3,3,0,1,6,6,0,0,0,0,2,0,8,0,1,1,3,0,3,0,1,1,0,0,1,1,2,0,0,0,0,0,0,0,0,11,0,0,1,1,0,0,0,0,1,14,0,0,0,0
"InChI=1S/C11H14ClNO/c12-10-1-3-11(4-2-10)13-6-5-9(7-13)8-14/h1-4,9,14H,5-8H2",1,1,5,0,0,0,0,0,0,0,0,0,0,0,0,0,0,0,0,0,1,0,1,0,0,0,0,0,0,0,0,0,0,9,0,0,0,1,0,0,0,0,0,0,0,0,0,0,1,0,0,0,3,0,1,0,1,6,3,9,23,13,9,0,1,1,7,0,2,2,1,2,0,0,0,0,0,0,0,0,0,0,0,0,0,0,6,3,0,1,1,0,0,1,0,0,0,0,0,0,0,0,1,0,0,0,0,3,0,0,0,6,6,0,0,0,0,1,0,9,3,1,0,0,0,0,0,0,1,0,0,1,1,2,0,0,0,0,0,0,0,1,11,0,0,1,1,0,0,0,0,1,22,0,0,0,0
"InChI=1S/C11H14ClNO/c1-13(2)8-11(14)7-9-3-5-10(12)6-4-9/h3-6H,7-8H2,1-2H3",1,1,4,0,0,0,0,0,0,0,0,0,0,0,0,0,0,0,0,0,1,0,0,0,0,0,0,0,0,0,0,0,0,3,0,2,0,0,0,0,0,0,0,0,0,0,0,0,0,0,0,0,3,0,1,1,0,0,0,0,0,0,0,0,0,1,9,0,0,0,1,0,0,0,0,0,0,0,0,0,0,0,0,1,0,0,3,0,0,0,1,1,0,0,0,0,0,1,0,0,0,0,0,0,0,0,0,0,6,0,0,6,6,0,0,0,0,0,0,12,0,3,2,0,6,6,1,2,1,0,0,1,1,2,0,0,0,0,0,0,0,0,6,0,0,0,1,0,0,0,0,0,6,0,0,0,0
"InChI=1S/C11H14ClNO/c1-3-9-4-6-10(7-5-9)13-11(14)8(2)12/h4-8H,3H2,1-2H3,(H,13,14)",1,1,4,0,0,0,0,0,0,0,0,0,0,0,0,0,0,0,0,0,1,0,0,0,0,0,0,0,0,0,0,0,0,0,0,0,0,1,0,0,0,0,0,0,0,0,0,0,0,0,0,0,2,0,0,1,0,0,0,0,0,0,0,0,0,1,2,0,2,2,1,0,0,0,0,0,0,0,0,0,0,0,1,0,0,0,0,0,1,0,1,1,0,0,0,0,0,0,1,1,0,0,0,0,0,0,0,0,0,0,0,6,6,0,0,0,0,0,0,6,0,0,2,3,0,0,0,2,1,0,0,1,3,0,0,0,0,0,0,0,0,0,6,0,0,0,1,0,0,0,0,0,6,0,0,0,0
"InChI=1S/C11H14ClNO/c1-13(2)8-10(14)7-9-5-3-4-6-11(9)12/h3-6H,7-8H2,1-2H3",1,1,4,0,0,0,0,0,0,0,0,0,0,0,0,0,0,0,0,0,1,0,0,0,0,0,0,0,0,0,0,0,0,3,0,2,0,0,0,0,0,0,0,0,0,0,0,0,0,0,0,0,3,0,1,1,0,0,0,0,0,0,0,0,0,1,9,0,0,0,1,0,0,0,0,0,0,0,0,0,0,0,0,1,0,0,3,0,0,0,1,1,0,0,0,0,0,1,0,0,0,0,0,0,0,0,0,0,6,0,0,6,6,0,0,0,0,0,0,12,0,3,2,0,6,6,1,2,1,0,0,1,1,2,0,0,0,0,0,0,0,0,6,0,0,0,1,0,0,0,0,0,6,0,0,0,0
"InChI=1S/C11H14ClNO/c1-2-3-8-11(14)13-10-7-5-4-6-9(10)12/h4-7H,2-3,8H2,1H3,(H,13,14)",1,1,4,0,0,0,0,0,0,0,0,0,0,0,0,0,0,0,0,0,0,0,0,0,0,0,0,0,0,0,0,0,0,0,0,0,0,1,0,0,0,3,0,0,0,0,0,0,0,0,0,1,1,0,0,0,1,3,3,18,0,0,18,3,0,1,2,1,2,2,0,0,0,0,0,0,0,0,0,0,0,0,1,0,0,0,0,3,0,0,1,0,0,1,0,0,0,0,1,1,0,0,0,0,0,0,0,0,3,0,0,6,6,0,0,0,0,0,0,18,0,0,1,3,3,0,0,1,1,0,0,1,1,2,0,0,0,0,0,0,0,1,6,0,0,0,1,0,0,0,0,0,6,0,0,0,0
"InChI=1S/C11H14ClNO/c1-2-3-11(14)13-8-9-4-6-10(12)7-5-9/h4-7H,2-3,8H2,1H3,(H,13,14)",1,1,4,0,0,0,0,0,0,0,0,0,0,0,0,0,0,0,0,0,0,0,0,0,0,0,0,0,0,0,0,0,0,3,0,0,0,1,0,0,0,3,0,0,0,0,0,0,0,0,0,1,1,0,0,0,1,6,0,9,9,9,9,0,0,1,4,1,0,0,0,0,0,0,0,0,0,0,0,0,0,0,1,0,0,0,3,3,0,0,1,0,0,1,0,0,0,0,1,1,0,0,0,0,0,0,0,0,3,0,0,6,6,0,0,0,0,0,0,18,0,0,1,3,3,0,0,1,1,0,0,1,1,2,0,0,0,0,0,0,0,1,6,0,0,0,1,0,0,0,0,0,6,0,0,0,0
"InChI=1S/C11H14ClNO/c12-10-2-1-3-11(6-10)13-5-4-9(7-13)8-14/h1-3,6,9,14H,4-5,7-8H2",1,1,5,0,0,0,0,0,0,0,0,0,0,0,0,0,0,0,0,0,1,0,1,0,0,0,0,0,0,0,0,0,0,9,0,0,0,1,0,0,0,0,0,0,0,0,0,0,1,0,0,0,3,0,1,0,1,6,3,9,23,13,9,0,1,1,7,0,2,2,1,2,0,0,0,0,0,0,0,0,0,0,0,0,0,0,6,3,0,1,1,0,0,1,0,0,0,0,0,0,0,0,1,0,0,0,0,3,0,0,0,6,6,0,0,0,0,1,0,9,3,1,0,0,0,0,0,0,1,0,0,1,1,2,0,0,0,0,0,0,0,1,11,0,0,1,1,0,0,0,0,1,22,0,0,0,0
"InChI=1S/C11H14ClNO/c1-2-11(14)10(7-13)8-3-5-9(12)6-4-8/h3-6,10H,2,7,13H2,1H3",1,1,4,0,0,0,0,0,0,0,0,0,0,0,0,0,0,0,0,0,1,0,0,0,0,0,0,0,0,0,0,0,0,3,0,0,0,1,0,0,0,0,0,0,0,0,0,0,1,0,0,0,1,0,0,1,0,0,3,0,9,0,0,0,0,1,3,0,0,0,1,0,0,0,0,0,0,0,0,0,0,0,0,0,0,0,3,0,1,0,1,1,0,0,0,0,0,1,0,0,0,0,1,0,0,0,0,0,3,0,0,6,6,0,0,0,0,0,0,12,3,0,1,3,0,3,0,1,1,0,0,1,1,2,0,0,0,0,0,0,1,0,6,0,0,0,1,0,0,0,0,0,6,0,0,0,0
"InChI=1S/C11H14ClNO/c1-4-8-5-6-9(10(12)7-8)11(14)13(2)3/h5-7H,4H2,1-3H3",1,1,4,0,0,0,0,0,0,0,0,0,0,0,0,0,0,0,0,0,1,0,0,0,0,0,0,0,0,0,0,0,0,0,0,2,0,0,0,0,0,0,0,0,0,0,0,0,0,0,0,0,3,0,1,1,0,0,0,0,0,0,0,0,0,1,7,0,0,0,1,0,0,0,0,0,0,0,0,0,0,0,1,0,0,0,0,0,0,0,1,1,0,0,0,0,0,0,1,1,0,0,0,0,0,0,0,0,0,0,0,6,6,0,0,0,0,0,0,6,0,1,3,3,0,0,1,3,1,0,0,1,1,2,0,0,0,0,0,0,0,0,6,0,0,0,1,0,0,0,0,0,6,0,0,0,0
"InChI=1S/C11H14ClNO/c1-8-6-10(4-5-11(8)12)7-13(3)9(2)14/h4-6H,7H2,1-3H3",1,1,4,0,0,0,0,0,0,0,0,0,0,0,0,0,0,0,0,0,1,0,0,0,0,0,0,0,0,0,0,0,0,3,0,1,0,0,0,0,0,0,0,0,0,0,0,0,0,0,0,0,3,0,1,1,0,0,0,0,0,0,0,3,0,1,7,0,0,0,1,0,0,0,0,0,0,0,0,0,0,0,1,0,0,0,3,0,0,0,1,1,0,0,0,0,0,0,1,1,0,0,0,0,0,0,0,0,0,0,0,6,6,0,0,0,0,0,0,6,0,1,3,0,3,3,0,3,1,0,0,1,1,2,0,0,0,0,0,0,0,0,6,0,0,0,1,0,0,0,0,0,6,0,0,0,0
"InChI=1S/C11H14ClNO/c1-8-2-3-9(6-11(8)12)13-10-4-5-14-7-10/h2-3,6,10,13H,4-5,7H2,1H3",1,1,5,0,0,0,0,0,0,0,0,0,0,0,0,0,0,0,0,0,1,0,1,0,0,0,0,0,0,0,0,0,0,6,0,0,0,1,0,0,0,6,0,0,0,0,0,0,0,0,0,0,2,0,0,0,2,3,3,9,14,4,9,0,1,1,4,0,2,4,1,0,0,0,0,0,0,0,0,0,0,0,0,1,0,0,0,6,1,0,1,0,0,0,0,0,0,0,0,0,0,0,1,0,0,0,0,6,3,0,1,6,6,0,0,0,0,1,0,3,0,1,1,0,0,0,0,1,1,0,0,1,1,2,0,0,0,0,0,0,0,0,11,0,0,1,1,0,0,0,0,0,18,0,0,0,0
"InChI=1S/C11H14ClNO/c1-8-4-6-10(7-5-8)13(3)11(14)9(2)12/h4-7,9H,1-3H3",1,1,4,0,0,0,0,0,0,0,0,0,0,0,0,0,0,0,0,0,1,0,0,0,0,0,0,0,0,0,0,0,0,0,0,1,0,0,0,0,0,0,0,0,0,0,0,0,0,0,0,0,3,0,1,1,0,0,0,0,0,0,0,0,0,1,5,0,2,2,1,0,0,0,0,0,0,0,0,0,0,0,1,0,0,0,0,0,0,0,1,1,0,0,0,0,0,0,1,1,0,0,0,0,0,0,0,0,0,0,0,6,6,0,0,0,0,0,0,0,0,0,3,0,0,0,0,3,1,0,0,1,3,0,0,0,0,0,0,0,0,0,6,0,0,0,1,0,0,0,0,0,6,0,0,0,0
"InChI=1S/C11H14ClNO/c12-11-3-1-2-9(4-11)5-13-6-10(7-13)8-14/h1-4,10,14H,5-8H2",1,1,5,0,0,0,0,0,0,0,0,0,0,0,0,0,0,0,0,0,1,1,0,0,0,0,0,0,0,0,0,0,0,12,0,0,0,1,0,0,0,0,0,0,0,0,0,0,1,0,0,0,3,0,1,0,1,6,0,0,0,42,0,0,1,1,9,0,0,0,1,2,0,0,0,0,0,0,0,0,0,0,0,0,0,0,9,0,0,1,1,0,0,1,0,0,0,0,0,0,0,0,2,0,0,0,0,3,0,0,0,6,6,0,0,0,0,1,0,14,3,3,0,0,0,0,0,0,1,0,0,1,1,2,0,0,0,0,0,0,0,1,10,0,1,0,1,0,0,0,0,0,18,0,0,0,0
"InChI=1S/C11H14ClNO/c1-9-6-7-14-8-13(9)11-4-2-10(12)3-5-11/h2-5,9H,6-8H2,1H3",1,1,5,0,0,0,0,0,0,0,0,0,0,0,0,0,0,0,0,0,1,0,0,0,0,0,0,0,0,0,0,0,0,8,1,0,0,0,0,0,0,0,0,0,0,0,0,0,0,0,0,0,3,0,1,0,2,0,0,9,17,8,9,6,2,1,7,0,2,2,1,2,0,0,0,0,0,0,0,0,0,0,1,0,0,0,3,3,0,1,1,0,0,0,0,0,0,0,1,0,0,0,1,0,0,0,0,6,3,0,1,6,6,0,0,0,0,2,0,3,0,1,1,0,3,0,0,1,1,0,0,1,1,2,0,0,0,0,0,0,0,0,12,0,0,0,2,0,0,0,1,1,18,0,0,0,0
"InChI=1S/C11H14ClNO/c1-2-14-11(7-8-11)13-10-5-3-9(12)4-6-10/h3-6,13H,2,7-8H2,1H3",1,1,5,0,0,0,0,0,0,0,0,0,0,0,0,0,0,0,0,0,1,0,0,0,0,0,0,0,0,0,0,0,0,3,0,0,0,1,0,0,0,5,0,0,0,0,0,0,0,0,0,0,2,0,0,0,2,7,0,8,15,12,8,0,0,1,4,0,2,4,1,0,0,0,0,0,0,0,0,0,0,0,1,0,0,0,0,5,1,0,1,0,0,1,0,0,0,1,1,2,0,0,0,0,0,0,0,3,5,2,0,6,6,0,0,0,0,0,0,8,0,0,1,3,0,5,0,1,1,0,0,1,1,2,0,0,0,0,0,0,0,0,9,1,0,0,1,0,0,0,0,0,18,0,0,0,0
"InChI=1S/C11H14ClNO/c1-3-8(2)13-11(14)9-4-6-10(12)7-5-9/h4-8H,3H2,1-2H3,(H,13,14)",1,1,4,0,0,0,0,0,0,0,0,0,0,0,0,0,0,0,0,0,1,0,0,0,0,0,0,0,0,0,0,0,0,0,0,0,0,1,0,0,0,3,0,0,0,0,0,0,0,0,0,0,2,0,0,1,0,0,0,0,0,0,0,0,0,1,4,0,0,0,1,0,0,0,0,0,0,0,0,0,0,0,1,0,0,0,0,3,1,0,1,1,0,0,0,0,0,0,1,1,0,0,0,0,0,0,0,0,0,0,0,6,6,0,0,0,0,0,0,6,0,0,2,3,3,0,0,2,1,0,0,1,1,2,0,0,0,0,0,0,0,0,6,0,0,0,1,0,0,0,0,0,6,0,0,0,0
"InChI=1S/C11H14ClNO/c1-8(2)13-10-6-4-3-5-9(10)11(14)7-12/h3-6,8,13H,7H2,1-2H3",1,1,4,0,0,0,0,0,0,0,0,0,0,0,0,0,0,0,0,0,1,0,0,0,0,0,0,0,0,0,0,0,0,3,0,0,0,1,0,0,0,0,0,0,0,0,0,0,0,0,0,0,2,0,0,1,0,0,3,0,0,0,0,0,0,1,4,0,2,2,1,0,0,0,0,0,0,0,0,0,0,0,0,0,0,0,0,0,1,0,1,1,0,0,0,0,0,1,0,0,0,0,1,0,0,0,0,0,3,0,0,6,6,0,0,0,0,0,0,6,0,0,2,0,0,0,1,2,1,0,0,1,3,0,0,0,0,0,0,0,0,0,6,0,0,0,1,0,0,0,0,0,6,0,0,0,0
"InChI=1S/C11H14ClNO/c12-9-3-1-2-8(6-9)11(14)7-13-10-4-5-10/h1-3,6,10-11,13-14H,4-5,7H2",1,1,5,0,0,0,0,0,0,0,0,0,0,0,0,0,0,0,0,0,1,0,0,0,0,0,0,0,0,0,0,0,0,3,0,0,0,2,0,1,0,8,0,0,0,0,0,0,0,0,0,0,2,0,0,0,1,4,0,8,15,12,8,0,0,1,6,0,0,2,1,0,0,0,0,0,0,0,0,0,0,0,0,1,0,0,3,5,1,0,1,0,0,1,0,0,0,1,0,0,0,0,0,0,0,0,0,0,3,0,0,6,6,0,0,0,0,0,0,8,3,0,0,0,0,0,0,0,1,0,0,1,1,2,0,0,0,0,0,0,0,1,9,1,0,0,1,0,0,0,0,0,18,0,0,0,0
"InChI=1S/C11H14ClNO/c1-13(6-3-7-14)9-10-4-2-5-11(12)8-10/h2,4-5,7-8H,3,6,9H2,1H3",1,1,4,0,0,0,0,0,0,0,0,0,0,0,0,0,0,0,0,0,1,0,0,0,0,0,0,0,0,0,0,0,0,6,0,1,0,0,0,0,0,0,0,0,0,0,0,0,0,0,0,0,3,0,1,1,0,0,0,9,9,0,9,3,0,1,9,0,0,0,1,0,0,0,0,0,0,0,0,0,0,0,0,0,0,0,6,3,0,0,1,1,0,0,0,0,0,0,0,0,0,0,1,0,0,0,0,0,3,0,0,6,6,0,0,0,0,0,0,18,0,3,1,0,6,0,0,1,1,0,0,1,1,2,0,0,0,0,0,0,0,0,6,0,0,0,1,0,0,0,0,0,6,0,0,0,0
"InChI=1S/C11H14ClNO/c1-11(2,3)10(14)13-9-7-5-4-6-8(9)12/h4-7H,1-3H3,(H,13,14)",1,1,4,0,0,0,0,0,0,0,0,0,0,0,0,0,0,0,0,0,0,0,0,0,0,0,0,0,0,0,0,0,0,0,0,0,0,1,0,0,0,0,0,0,0,0,0,0,1,0,0,1,1,0,0,0,1,0,0,0,0,0,0,0,0,1,2,1,2,2,0,0,0,0,0,0,0,0,0,0,0,0,1,0,0,0,0,0,0,0,1,0,0,1,0,0,0,0,1,1,0,0,0,0,0,0,0,0,0,0,0,6,6,0,0,0,0,0,0,0,0,0,3,0,0,0,3,3,1,0,0,1,1,2,0,0,0,0,0,0,0,1,6,0,0,0,1,0,0,0,0,0,6,0,0,0,0
"InChI=1S/C11H14ClNO/c1-13(2)8-11(14)7-9-4-3-5-10(12)6-9/h3-6H,7-8H2,1-2H3",1,1,4,0,0,0,0,0,0,0,0,0,0,0,0,0,0,0,0,0,1,0,0,0,0,0,0,0,0,0,0,0,0,3,0,2,0,0,0,0,0,0,0,0,0,0,0,0,0,0,0,0,3,0,1,1,0,0,0,0,0,0,0,0,0,1,9,0,0,0,1,0,0,0,0,0,0,0,0,0,0,0,0,1,0,0,3,0,0,0,1,1,0,0,0,0,0,1,0,0,0,0,0,0,0,0,0,0,6,0,0,6,6,0,0,0,0,0,0,12,0,3,2,0,6,6,1,2,1,0,0,1,1,2,0,0,0,0,0,0,0,0,6,0,0,0,1,0,0,0,0,0,6,0,0,0,0
"InChI=1S/C11H14ClNO/c1-4-13(3)11(14)9-5-6-10(12)8(2)7-9/h5-7H,4H2,1-3H3",1,1,4,0,0,0,0,0,0,0,0,0,0,0,0,0,0,0,0,0,1,0,0,0,0,0,0,0,0,0,0,0,0,3,0,1,0,0,0,0,0,0,0,0,0,0,0,0,0,0,0,0,3,0,1,1,0,0,0,0,0,0,0,0,0,1,7,0,0,0,1,0,0,0,0,0,0,0,0,0,0,0,1,0,0,0,3,0,0,0,1,1,0,0,0,0,0,0,1,1,0,0,0,0,0,0,0,0,0,0,0,6,6,0,0,0,0,0,0,6,0,1,3,3,3,0,0,3,1,0,0,1,1,2,0,0,0,0,0,0,0,0,6,0,0,0,1,0,0,0,0,0,6,0,0,0,0
"InChI=1S/C11H14ClNO/c1-2-5-11(14)13-8-9-6-3-4-7-10(9)12/h3-4,6-7H,2,5,8H2,1H3,(H,13,14)",1,1,4,0,0,0,0,0,0,0,0,0,0,0,0,0,0,0,0,0,0,0,0,0,0,0,0,0,0,0,0,0,0,3,0,0,0,1,0,0,0,3,0,0,0,0,0,0,0,0,0,1,1,0,0,0,1,6,0,9,9,9,9,0,0,1,4,1,0,0,0,0,0,0,0,0,0,0,0,0,0,0,1,0,0,0,3,3,0,0,1,0,0,1,0,0,0,0,1,1,0,0,0,0,0,0,0,0,3,0,0,6,6,0,0,0,0,0,0,18,0,0,1,3,3,0,0,1,1,0,0,1,1,2,0,0,0,0,0,0,0,1,6,0,0,0,1,0,0,0,0,0,6,0,0,0,0
"InChI=1S/C11H14ClNO/c1-8(12)7-10-3-5-11(6-4-10)13-9(2)14/h3-6,8H,7H2,1-2H3,(H,13,14)",1,1,4,0,0,0,0,0,0,0,0,0,0,0,0,0,0,0,0,0,0,0,0,0,0,0,0,0,0,0,0,0,0,0,0,0,0,1,0,0,0,0,0,0,0,0,0,0,0,0,0,1,1,0,0,0,1,0,0,0,0,0,0,0,0,1,2,1,2,2,0,0,0,0,0,0,0,0,0,0,0,0,1,0,0,0,0,0,0,0,1,0,0,1,0,0,0,0,1,1,0,0,0,0,0,0,0,0,0,0,0,6,6,0,0,0,0,0,0,6,0,0,2,0,3,0,0,2,1,0,0,1,3,0,0,0,0,0,0,0,0,1,6,0,0,0,1,0,0,0,0,0,6,0,0,0,0
"InChI=1S/C11H14ClNO/c1-2-3-7-11(14)13-10-6-4-5-9(12)8-10/h4-6,8H,2-3,7H2,1H3,(H,13,14)",1,1,4,0,0,0,0,0,0,0,0,0,0,0,0,0,0,0,0,0,0,0,0,0,0,0,0,0,0,0,0,0,0,0,0,0,0,1,0,0,0,3,0,0,0,0,0,0,0,0,0,1,1,0,0,0,1,3,3,18,0,0,18,3,0,1,2,1,2,2,0,0,0,0,0,0,0,0,0,0,0,0,1,0,0,0,0,3,0,0,1,0,0,1,0,0,0,0,1,1,0,0,0,0,0,0,0,0,3,0,0,6,6,0,0,0,0,0,0,18,0,0,1,3,3,0,0,1,1,0,0,1,1,2,0,0,0,0,0,0,0,1,6,0,0,0,1,0,0,0,0,0,6,0,0,0,0
"InChI=1S/C11H14ClNO/c1-11(2,3)10(14)7-4-5-9(13)8(12)6-7/h4-6H,13H2,1-3H3",1,1,4,0,0,0,0,0,0,0,0,0,0,0,0,0,0,0,0,0,1,0,0,0,0,0,0,0,0,0,0,0,0,0,0,0,0,1,0,0,0,0,0,0,0,0,0,0,1,0,0,0,1,0,0,1,0,0,0,0,0,0,0,0,0,1,1,0,2,2,1,0,0,0,0,0,0,0,0,0,0,0,0,0,0,0,0,0,1,0,1,1,0,0,0,0,0,1,0,0,0,0,0,0,0,0,0,0,0,0,0,6,6,0,0,0,0,0,0,0,0,0,3,0,0,0,3,3,1,0,0,1,1,2,0,0,0,0,0,0,1,0,6,0,0,0,1,0,0,0,0,0,6,0,0,0,0
"InChI=1S/C11H14ClNO/c1-11(2,3)13-10(14-13)8-6-4-5-7-9(8)12/h4-7,10H,1-3H3",1,1,5,0,0,0,0,0,0,0,0,0,0,0,0,0,0,0,0,0,1,0,0,0,0,1,0,0,0,0,1,0,1,0,0,0,0,0,0,0,0,0,0,0,0,0,0,0,1,0,0,0,2,0,0,0,1,0,0,0,0,0,0,0,2,1,6,0,0,0,1,2,0,0,0,0,0,0,0,0,0,1,1,0,0,1,0,0,0,1,1,0,0,0,0,0,0,0,1,1,0,0,0,1,0,0,0,0,0,0,1,6,6,0,0,0,0,2,0,0,0,0,3,0,0,0,3,3,1,0,0,1,1,2,0,0,0,0,0,0,0,0,9,1,0,0,1,0,0,1,0,1,8,0,0,0,0
"InChI=1S/C11H14ClNO/c12-10-4-2-1-3-9(10)11(14)7-13-8-5-6-8/h1-4,8,11,13-14H,5-7H2",1,1,5,0,0,0,0,0,0,0,0,0,0,0,0,0,0,0,0,0,1,0,0,0,0,0,0,0,0,0,0,0,0,3,0,0,0,2,0,1,0,8,0,0,0,0,0,0,0,0,0,0,2,0,0,0,1,4,0,8,15,12,8,0,0,1,6,0,0,2,1,0,0,0,0,0,0,0,0,0,0,0,0,1,0,0,3,5,1,0,1,0,0,1,0,0,0,1,0,0,0,0,0,0,0,0,0,0,3,0,0,6,6,0,0,0,0,0,0,8,3,0,0,0,0,0,0,0,1,0,0,1,1,2,0,0,0,0,0,0,0,1,9,1,0,0,1,0,0,0,0,0,18,0,0,0,0
"InChI=1S/C11H14ClNO/c1-11(2,3)10(14)13-9-6-4-5-8(12)7-9/h4-7H,1-3H3,(H,13,14)",1,1,4,0,0,0,0,0,0,0,0,0,0,0,0,0,0,0,0,0,0,0,0,0,0,0,0,0,0,0,0,0,0,0,0,0,0,1,0,0,0,0,0,0,0,0,0,0,1,0,0,1,1,0,0,0,1,0,0,0,0,0,0,0,0,1,2,1,2,2,0,0,0,0,0,0,0,0,0,0,0,0,1,0,0,0,0,0,0,0,1,0,0,1,0,0,0,0,1,1,0,0,0,0,0,0,0,0,0,0,0,6,6,0,0,0,0,0,0,0,0,0,3,0,0,0,3,3,1,0,0,1,1,2,0,0,0,0,0,0,0,1,6,0,0,0,1,0,0,0,0,0,6,0,0,0,0
"InChI=1S/C11H14ClNO/c1-8(2)7-13-11(14)9-5-3-4-6-10(9)12/h3-6,8H,7H2,1-2H3,(H,13,14)",1,1,4,0,0,0,0,0,0,0,0,0,0,0,0,0,0,0,0,0,0,0,0,0,0,0,0,0,0,0,0,0,0,3,0,0,0,1,0,0,0,0,0,0,0,0,0,0,1,0,0,1,1,0,0,0,1,3,0,0,0,0,0,0,0,1,4,1,0,0,0,0,0,0,0,0,0,0,0,0,0,0,1,0,0,0,3,0,0,0,1,0,0,1,0,0,0,0,1,1,0,0,0,0,0,0,0,0,0,0,0,6,6,0,0,0,0,0,0,6,0,0,2,0,6,0,1,2,1,0,0,1,1,2,0,0,0,0,0,0,0,1,6,0,0,0,1,0,0,0,0,0,6,0,0,0,0
"InChI=1S/C11H14ClNO/c1-3-11(14)13-7-9-4-5-10(12)8(2)6-9/h4-6H,3,7H2,1-2H3,(H,13,14)",1,1,4,0,0,0,0,0,0,0,0,0,0,0,0,0,0,0,0,0,0,0,0,0,0,0,0,0,0,0,0,0,0,3,0,0,0,1,0,0,0,3,0,0,0,0,0,0,0,0,0,1,1,0,0,0,1,3,0,0,9,0,0,0,0,1,4,1,0,0,0,0,0,0,0,0,0,0,0,0,0,0,1,0,0,0,3,3,0,0,1,0,0,1,0,0,0,0,1,1,0,0,0,0,0,0,0,0,3,0,0,6,6,0,0,0,0,0,0,12,0,0,2,3,0,6,0,2,1,0,0,1,1,2,0,0,0,0,0,0,0,1,6,0,0,0,1,0,0,0,0,0,6,0,0,0,0
"InChI=1S/C11H14ClNO/c1-8(14)11(13-2)7-9-3-5-10(12)6-4-9/h3-6,11,13H,7H2,1-2H3",1,1,4,0,0,0,0,0,0,0,0,0,0,0,0,0,0,0,0,0,1,0,0,0,0,0,0,0,0,0,0,0,0,0,0,1,0,1,0,0,0,3,0,0,0,0,0,0,0,0,0,0,2,0,0,1,0,0,0,0,0,0,0,6,0,1,6,0,0,0,1,0,0,0,0,0,0,0,0,0,0,0,0,1,0,0,0,3,1,0,1,1,0,0,0,0,0,1,0,0,0,0,0,0,0,0,0,0,0,0,0,6,6,0,0,0,0,0,0,6,0,0,2,0,0,0,0,2,1,0,0,1,1,2,0,0,0,0,0,0,0,0,6,0,0,0,1,0,0,0,0,0,6,0,0,0,0
"InChI=1S/C11H14ClNO/c1-11(2,3)10(14)8-5-4-7(13)6-9(8)12/h4-6H,13H2,1-3H3",1,1,4,0,0,0,0,0,0,0,0,0,0,0,0,0,0,0,0,0,1,0,0,0,0,0,0,0,0,0,0,0,0,0,0,0,0,1,0,0,0,0,0,0,0,0,0,0,1,0,0,0,1,0,0,1,0,0,0,0,0,0,0,0,0,1,1,0,2,2,1,0,0,0,0,0,0,0,0,0,0,0,0,0,0,0,0,0,1,0,1,1,0,0,0,0,0,1,0,0,0,0,0,0,0,0,0,0,0,0,0,6,6,0,0,0,0,0,0,0,0,0,3,0,0,0,3,3,1,0,0,1,1,2,0,0,0,0,0,0,1,0,6,0,0,0,1,0,0,0,0,0,6,0,0,0,0
"InChI=1S/C11H14ClNO/c1-3-9-7-5-6-8-10(9)13(4-2)11(12)14/h5-8H,3-4H2,1-2H3",1,1,4,0,0,0,0,0,0,0,0,0,0,0,0,0,0,0,0,0,1,0,0,0,0,0,1,0,0,0,0,0,0,3,0,0,0,0,0,0,0,0,0,0,0,0,0,0,0,0,0,0,3,0,1,1,0,0,0,0,0,9,0,0,0,1,5,0,2,2,1,0,0,0,0,0,0,0,0,0,0,0,1,0,0,0,3,0,0,0,1,1,0,0,0,0,0,0,1,0,0,0,0,0,0,0,0,0,0,0,0,6,6,0,0,0,0,0,0,12,0,0,2,6,0,0,0,2,1,0,0,1,1,0,0,0,0,0,0,0,0,0,6,0,0,0,1,0,0,0,0,0,6,0,0,0,0
"InChI=1S/C11H14ClNO/c1-2-11(14)13-8-7-9-3-5-10(12)6-4-9/h3-6H,2,7-8H2,1H3,(H,13,14)",1,1,4,0,0,0,0,0,0,0,0,0,0,0,0,0,0,0,0,0,0,0,0,0,0,0,0,0,0,0,0,0,0,3,0,0,0,1,0,0,0,3,0,0,0,0,0,0,0,0,0,1,1,0,0,0,1,3,3,9,9,9,9,0,0,1,4,1,0,0,0,0,0,0,0,0,0,0,0,0,0,0,1,0,0,0,3,6,0,0,1,0,0,1,0,0,0,0,1,1,0,0,0,0,0,0,0,0,3,0,0,6,6,0,0,0,0,0,0,18,0,0,1,3,0,3,0,1,1,0,0,1,1,2,0,0,0,0,0,0,0,1,6,0,0,0,1,0,0,0,0,0,6,0,0,0,0
"InChI=1S/C11H14ClNO/c1-2-13-11(14)8-5-9-3-6-10(12)7-4-9/h3-4,6-7H,2,5,8H2,1H3,(H,13,14)",1,1,4,0,0,0,0,0,0,0,0,0,0,0,0,0,0,0,0,0,0,0,0,0,0,0,0,0,0,0,0,0,0,3,0,0,0,1,0,0,0,3,0,0,0,0,0,0,0,0,0,1,1,0,0,0,1,6,0,9,9,9,9,0,0,1,4,1,0,0,0,0,0,0,0,0,0,0,0,0,0,0,1,0,0,0,3,3,0,0,1,0,0,1,0,0,0,0,1,1,0,0,0,0,0,0,0,0,3,0,0,6,6,0,0,0,0,0,0,18,0,0,1,3,0,3,0,1,1,0,0,1,1,2,0,0,0,0,0,0,0,1,6,0,0,0,1,0,0,0,0,0,6,0,0,0,0
"InChI=1S/C11H14ClNO/c1-2-7-13-11(14)8-9-3-5-10(12)6-4-9/h3-6H,2,7-8H2,1H3,(H,13,14)",1,1,4,0,0,0,0,0,0,0,0,0,0,0,0,0,0,0,0,0,0,0,0,0,0,0,0,0,0,0,0,0,0,3,0,0,0,1,0,0,0,3,0,0,0,0,0,0,0,0,0,1,1,0,0,0,1,3,3,9,9,9,9,0,0,1,4,1,0,0,0,0,0,0,0,0,0,0,0,0,0,0,1,0,0,0,3,6,0,0,1,0,0,1,0,0,0,0,1,1,0,0,0,0,0,0,0,0,3,0,0,6,6,0,0,0,0,0,0,18,0,0,1,3,3,0,0,1,1,0,0,1,1,2,0,0,0,0,0,0,0,1,6,0,0,0,1,0,0,0,0,0,6,0,0,0,0
"InChI=1S/C11H14ClNO/c1-8-3-5-10(6-4-8)13-11(14)7-9(2)12/h3-6,9H,7H2,1-2H3,(H,13,14)",1,1,4,0,0,0,0,0,0,0,0,0,0,0,0,0,0,0,0,0,1,0,0,0,0,0,0,0,0,0,0,0,0,0,0,0,0,1,0,0,0,3,0,0,0,0,0,0,0,0,0,0,2,0,0,1,0,0,0,0,0,0,0,0,0,1,2,0,2,2,1,0,0,0,0,0,0,0,0,0,0,0,1,0,0,0,0,3,1,0,1,1,0,0,0,0,0,0,1,1,0,0,0,0,0,0,0,0,3,0,0,6,6,0,0,0,0,0,0,6,0,0,2,0,3,0,0,2,1,0,0,1,3,0,0,0,0,0,0,0,0,0,6,0,0,0,1,0,0,0,0,0,6,0,0,0,0
"InChI=1S/C11H14ClNO/c1-3-13(11(14)8-12)10-6-4-5-9(2)7-10/h4-7H,3,8H2,1-2H3",1,1,4,0,0,0,0,0,0,0,0,0,0,0,0,0,0,0,0,0,1,0,0,0,0,0,0,0,0,0,0,0,0,6,0,0,0,0,0,0,0,0,0,0,0,0,0,0,0,0,0,0,3,0,1,1,0,0,0,0,9,0,0,0,0,1,5,0,2,2,1,0,0,0,0,0,0,0,0,0,0,0,1,0,0,0,3,3,0,0,1,1,0,0,0,0,0,0,1,1,0,0,0,0,0,0,0,0,3,0,0,6,6,0,0,0,0,0,0,12,0,0,2,3,0,3,0,2,1,0,0,1,3,0,0,0,0,0,0,0,0,0,6,0,0,0,1,0,0,0,0,0,6,0,0,0,0
"InChI=1S/C11H14ClNO/c1-8-10(12)3-2-4-11(8)13-9-5-6-14-7-9/h2-4,9,13H,5-7H2,1H3",1,1,5,0,0,0,0,0,0,0,0,0,0,0,0,0,0,0,0,0,1,0,1,0,0,0,0,0,0,0,0,0,0,6,0,0,0,1,0,0,0,6,0,0,0,0,0,0,0,0,0,0,2,0,0,0,2,3,3,9,14,4,9,0,1,1,4,0,2,4,1,0,0,0,0,0,0,0,0,0,0,0,0,1,0,0,0,6,1,0,1,0,0,0,0,0,0,0,0,0,0,0,1,0,0,0,0,6,3,0,1,6,6,0,0,0,0,1,0,3,0,1,1,0,0,0,0,1,1,0,0,1,1,2,0,0,0,0,0,0,0,0,11,0,0,1,1,0,0,0,0,0,18,0,0,0,0
"InChI=1S/C11H14ClNO/c12-10-4-3-9(5-11(10)13)7-14-6-8-1-2-8/h3-5,8H,1-2,6-7,13H2",1,1,5,0,0,0,0,0,0,0,0,0,0,0,0,0,0,0,0,0,1,0,0,0,0,0,0,0,0,0,0,0,0,6,0,0,0,1,0,0,0,0,0,0,0,0,0,0,1,0,0,0,1,0,0,0,2,0,3,8,12,15,8,0,0,1,1,0,2,2,1,0,0,0,0,0,0,0,0,0,0,0,0,0,0,0,0,0,1,0,1,0,0,1,0,0,0,0,0,0,0,0,0,0,0,0,0,6,0,0,0,6,6,0,0,0,0,0,0,14,0,1,0,0,0,0,0,0,1,0,0,1,1,2,0,0,0,0,0,0,1,0,9,1,0,0,1,0,0,0,0,0,18,0,0,0,0
"InChI=1S/C11H14ClNO/c1-3-8(2)13-11(14)9-6-4-5-7-10(9)12/h4-8H,3H2,1-2H3,(H,13,14)",1,1,4,0,0,0,0,0,0,0,0,0,0,0,0,0,0,0,0,0,0,0,0,0,0,0,0,0,0,0,0,0,0,0,0,0,0,1,0,0,0,0,0,0,0,0,0,0,0,0,0,1,1,0,0,0,1,0,3,0,0,0,0,0,0,1,4,1,0,0,0,0,0,0,0,0,0,0,0,0,0,0,1,0,0,0,0,3,0,0,1,0,0,1,0,0,0,0,1,1,0,0,0,0,0,0,0,0,0,0,0,6,6,0,0,0,0,0,0,6,0,0,2,3,3,0,0,2,1,0,0,1,1,2,0,0,0,0,0,0,0,1,6,0,0,0,1,0,0,0,0,0,6,0,0,0,0
"InChI=1S/C11H14ClNO/c1-2-4-11(14)13-8-9-5-3-6-10(12)7-9/h3,5-7H,2,4,8H2,1H3,(H,13,14)",1,1,4,0,0,0,0,0,0,0,0,0,0,0,0,0,0,0,0,0,0,0,0,0,0,0,0,0,0,0,0,0,0,3,0,0,0,1,0,0,0,3,0,0,0,0,0,0,0,0,0,1,1,0,0,0,1,6,0,9,9,9,9,0,0,1,4,1,0,0,0,0,0,0,0,0,0,0,0,0,0,0,1,0,0,0,3,3,0,0,1,0,0,1,0,0,0,0,1,1,0,0,0,0,0,0,0,0,3,0,0,6,6,0,0,0,0,0,0,18,0,0,1,3,3,0,0,1,1,0,0,1,1,2,0,0,0,0,0,0,0,1,6,0,0,0,1,0,0,0,0,0,6,0,0,0,0
"InChI=1S/C11H14ClNO/c1-9(2)13(11(14)8-12)10-6-4-3-5-7-10/h3-7,9H,8H2,1-2H3",1,1,4,0,0,0,0,0,0,0,0,0,0,0,0,0,0,0,0,0,1,0,0,0,0,0,0,0,0,0,0,0,0,3,0,0,0,0,0,0,0,0,0,0,0,0,0,0,0,0,0,0,3,0,1,1,0,0,0,0,0,0,0,0,0,1,5,0,2,2,1,0,0,0,0,0,0,0,0,0,0,0,1,0,0,0,0,3,0,0,1,1,0,0,0,0,0,0,1,1,0,0,0,0,0,0,0,0,3,0,0,6,6,0,0,0,0,0,0,6,0,0,2,0,0,6,1,2,1,0,0,1,3,0,0,0,0,0,0,0,0,0,6,0,0,0,1,0,0,0,0,0,6,0,0,0,0
"InChI=1S/C11H14ClNO/c12-9-3-1-8(2-4-9)7-13-10-5-11(14)6-10/h1-4,10-11,13-14H,5-7H2",1,1,5,0,0,0,0,0,0,0,0,0,0,0,0,0,0,0,0,0,1,0,0,0,0,0,0,0,0,0,0,0,0,3,0,0,0,2,0,0,2,12,0,0,0,0,0,0,0,0,0,0,2,0,0,0,1,0,8,0,18,0,0,0,0,1,6,0,0,2,1,0,0,0,0,0,0,0,0,0,0,0,0,0,0,0,3,6,1,0,1,0,0,1,0,0,0,1,0,0,0,0,2,0,0,0,0,0,6,2,0,6,6,0,0,0,0,0,0,8,3,0,0,0,0,0,0,0,1,0,0,1,1,2,0,0,0,0,0,0,0,1,10,0,1,0,1,0,0,0,0,0,22,0,0,0,0
"InChI=1S/C11H14ClNO/c12-11-4-3-10(13)5-9(11)7-14-6-8-1-2-8/h3-5,8H,1-2,6-7,13H2",1,1,5,0,0,0,0,0,0,0,0,0,0,0,0,0,0,0,0,0,1,0,0,0,0,0,0,0,0,0,0,0,0,6,0,0,0,1,0,0,0,0,0,0,0,0,0,0,1,0,0,0,1,0,0,0,2,0,3,8,12,15,8,0,0,1,1,0,2,2,1,0,0,0,0,0,0,0,0,0,0,0,0,0,0,0,0,0,1,0,1,0,0,1,0,0,0,0,0,0,0,0,0,0,0,0,0,6,0,0,0,6,6,0,0,0,0,0,0,14,0,1,0,0,0,0,0,0,1,0,0,1,1,2,0,0,0,0,0,0,1,0,9,1,0,0,1,0,0,0,0,0,18,0,0,0,0
"InChI=1S/C11H14ClNO/c1-2-7-13-11(14)8-9-5-3-4-6-10(9)12/h3-6H,2,7-8H2,1H3,(H,13,14)",1,1,4,0,0,0,0,0,0,0,0,0,0,0,0,0,0,0,0,0,0,0,0,0,0,0,0,0,0,0,0,0,0,3,0,0,0,1,0,0,0,3,0,0,0,0,0,0,0,0,0,1,1,0,0,0,1,3,3,9,9,9,9,0,0,1,4,1,0,0,0,0,0,0,0,0,0,0,0,0,0,0,1,0,0,0,3,6,0,0,1,0,0,1,0,0,0,0,1,1,0,0,0,0,0,0,0,0,3,0,0,6,6,0,0,0,0,0,0,18,0,0,1,3,3,0,0,1,1,0,0,1,1,2,0,0,0,0,0,0,0,1,6,0,0,0,1,0,0,0,0,0,6,0,0,0,0
"InChI=1S/C11H14ClNO/c1-8(14)5-11(13)7-9-3-2-4-10(12)6-9/h2-4,6,11H,5,7,13H2,1H3",1,1,4,0,0,0,0,0,0,0,0,0,0,0,0,0,0,0,0,0,1,0,0,0,0,0,0,0,0,0,0,0,0,0,0,0,0,1,0,0,0,6,0,0,0,0,0,0,0,0,0,0,1,0,0,1,0,0,0,0,0,0,0,0,0,1,3,0,0,0,1,0,0,0,0,0,0,0,0,0,0,0,0,0,0,0,0,6,1,0,1,1,0,0,0,0,0,1,0,0,0,0,1,0,0,0,0,0,3,0,0,6,6,0,0,0,0,0,0,12,0,0,1,0,3,3,0,1,1,0,0,1,1,2,0,0,0,0,0,0,1,0,6,0,0,0,1,0,0,0,0,0,6,0,0,0,0
"InChI=1S/C11H14ClNO/c12-11-4-2-1-3-8(11)7-13-9-5-10(14)6-9/h1-4,9-10,13-14H,5-7H2",1,1,5,0,0,0,0,0,0,0,0,0,0,0,0,0,0,0,0,0,1,0,0,0,0,0,0,0,0,0,0,0,0,3,0,0,0,2,0,0,2,12,0,0,0,0,0,0,0,0,0,0,2,0,0,0,1,0,8,0,18,0,0,0,0,1,6,0,0,2,1,0,0,0,0,0,0,0,0,0,0,0,0,0,0,0,3,6,1,0,1,0,0,1,0,0,0,1,0,0,0,0,2,0,0,0,0,0,6,2,0,6,6,0,0,0,0,0,0,8,3,0,0,0,0,0,0,0,1,0,0,1,1,2,0,0,0,0,0,0,0,1,10,0,1,0,1,0,0,0,0,0,22,0,0,0,0
"InChI=1S/C11H14ClNO/c1-2-13-11(14)8-7-9-5-3-4-6-10(9)12/h3-6H,2,7-8H2,1H3,(H,13,14)",1,1,4,0,0,0,0,0,0,0,0,0,0,0,0,0,0,0,0,0,0,0,0,0,0,0,0,0,0,0,0,0,0,3,0,0,0,1,0,0,0,3,0,0,0,0,0,0,0,0,0,1,1,0,0,0,1,6,0,9,9,9,9,0,0,1,4,1,0,0,0,0,0,0,0,0,0,0,0,0,0,0,1,0,0,0,3,3,0,0,1,0,0,1,0,0,0,0,1,1,0,0,0,0,0,0,0,0,3,0,0,6,6,0,0,0,0,0,0,18,0,0,1,3,0,3,0,1,1,0,0,1,1,2,0,0,0,0,0,0,0,1,6,0,0,0,1,0,0,0,0,0,6,0,0,0,0
"InChI=1S/C11H14ClNO/c1-13(7-11-8-14-11)6-9-2-4-10(12)5-3-9/h2-5,11H,6-8H2,1H3",1,1,5,0,0,0,0,0,0,0,0,0,0,0,0,0,0,0,0,0,1,0,0,0,0,0,0,0,0,0,0,0,0,9,0,1,0,0,0,0,0,0,0,0,0,0,0,0,0,0,0,0,3,0,1,0,2,0,0,0,6,9,0,0,1,1,9,0,0,0,1,0,0,0,0,0,0,0,0,0,0,0,0,1,0,0,6,0,0,0,1,0,0,0,0,0,0,1,0,0,0,0,1,0,0,0,0,3,5,0,1,6,6,0,0,0,0,1,0,13,0,3,1,0,6,3,0,1,1,0,0,1,1,2,0,0,0,0,0,0,0,0,9,1,0,0,1,0,0,1,0,0,10,0,0,0,0
"InChI=1S/C11H14ClNO/c1-2-11(14)13-8-7-9-5-3-4-6-10(9)12/h3-6H,2,7-8H2,1H3,(H,13,14)",1,1,4,0,0,0,0,0,0,0,0,0,0,0,0,0,0,0,0,0,0,0,0,0,0,0,0,0,0,0,0,0,0,3,0,0,0,1,0,0,0,3,0,0,0,0,0,0,0,0,0,1,1,0,0,0,1,3,3,9,9,9,9,0,0,1,4,1,0,0,0,0,0,0,0,0,0,0,0,0,0,0,1,0,0,0,3,6,0,0,1,0,0,1,0,0,0,0,1,1,0,0,0,0,0,0,0,0,3,0,0,6,6,0,0,0,0,0,0,18,0,0,1,3,0,3,0,1,1,0,0,1,1,2,0,0,0,0,0,0,0,1,6,0,0,0,1,0,0,0,0,0,6,0,0,0,0
"InChI=1S/C11H14ClNO/c1-2-13(11(14)8-9-12)10-6-4-3-5-7-10/h3-7H,2,8-9H2,1H3",1,1,4,0,0,0,0,0,0,0,0,0,0,0,0,0,0,0,0,0,1,0,0,0,0,0,0,0,0,0,0,0,0,6,0,0,0,0,0,0,0,0,0,0,0,0,0,0,0,0,0,0,3,0,1,1,0,0,0,9,9,9,9,0,0,1,5,0,2,2,1,0,0,0,0,0,0,0,0,0,0,0,1,0,0,0,3,3,0,0,1,1,0,0,0,0,0,0,1,1,0,0,0,0,0,0,0,0,3,0,0,6,6,0,0,0,0,0,0,18,0,0,1,3,0,3,0,1,1,0,0,1,3,0,0,0,0,0,0,0,0,0,6,0,0,0,1,0,0,0,0,0,6,0,0,0,0
"InChI=1S/C11H14ClNO/c1-11(7-14-8-11)6-13-10-5-3-2-4-9(10)12/h2-5,13H,6-8H2,1H3",1,1,5,0,0,0,0,0,0,0,0,0,0,0,0,0,0,0,0,0,1,1,0,0,0,0,0,0,0,0,0,0,0,9,0,0,0,1,0,0,0,0,0,0,0,0,0,0,1,0,0,0,2,0,0,0,2,6,0,0,0,12,0,0,1,1,4,0,2,2,1,0,0,0,0,0,0,0,0,0,0,0,0,0,0,0,3,0,1,0,1,0,0,0,0,0,0,0,0,0,0,0,2,0,0,0,0,6,0,0,1,6,6,0,0,0,0,1,0,8,3,1,1,0,9,4,0,1,1,0,0,1,1,2,0,0,0,0,0,0,0,0,10,0,1,0,1,0,0,0,0,0,14,0,0,0,0
"InChI=1S/C11H14ClNO/c1-13(7-10-8-14-10)6-9-4-2-3-5-11(9)12/h2-5,10H,6-8H2,1H3",1,1,5,0,0,0,0,0,0,0,0,0,0,0,0,0,0,0,0,0,1,0,0,0,0,0,0,0,0,0,0,0,0,9,0,1,0,0,0,0,0,0,0,0,0,0,0,0,0,0,0,0,3,0,1,0,2,0,0,0,6,9,0,0,1,1,9,0,0,0,1,0,0,0,0,0,0,0,0,0,0,0,0,1,0,0,6,0,0,0,1,0,0,0,0,0,0,1,0,0,0,0,1,0,0,0,0,3,5,0,1,6,6,0,0,0,0,1,0,13,0,3,1,0,6,3,0,1,1,0,0,1,1,2,0,0,0,0,0,0,0,0,9,1,0,0,1,0,0,1,0,0,10,0,0,0,0
"InChI=1S/C11H14ClNO/c1-11(7-14-8-11)6-13-10-4-2-9(12)3-5-10/h2-5,13H,6-8H2,1H3",1,1,5,0,0,0,0,0,0,0,0,0,0,0,0,0,0,0,0,0,1,1,0,0,0,0,0,0,0,0,0,0,0,9,0,0,0,1,0,0,0,0,0,0,0,0,0,0,1,0,0,0,2,0,0,0,2,6,0,0,0,12,0,0,1,1,4,0,2,2,1,0,0,0,0,0,0,0,0,0,0,0,0,0,0,0,3,0,1,0,1,0,0,0,0,0,0,0,0,0,0,0,2,0,0,0,0,6,0,0,1,6,6,0,0,0,0,1,0,8,3,1,1,0,9,4,0,1,1,0,0,1,1,2,0,0,0,0,0,0,0,0,10,0,1,0,1,0,0,0,0,0,14,0,0,0,0
"InChI=1S/C11H14ClNO/c1-8(2)7-13-11(14)9-4-3-5-10(12)6-9/h3-6,8H,7H2,1-2H3,(H,13,14)",1,1,4,0,0,0,0,0,0,0,0,0,0,0,0,0,0,0,0,0,0,0,0,0,0,0,0,0,0,0,0,0,0,3,0,0,0,1,0,0,0,0,0,0,0,0,0,0,1,0,0,1,1,0,0,0,1,3,0,0,0,0,0,0,0,1,4,1,0,0,0,0,0,0,0,0,0,0,0,0,0,0,1,0,0,0,3,0,0,0,1,0,0,1,0,0,0,0,1,1,0,0,0,0,0,0,0,0,0,0,0,6,6,0,0,0,0,0,0,6,0,0,2,0,6,0,1,2,1,0,0,1,1,2,0,0,0,0,0,0,0,1,6,0,0,0,1,0,0,0,0,0,6,0,0,0,0
"InChI=1S/C11H14ClNO/c12-9-3-1-2-8(4-9)7-13-10-5-11(14)6-10/h1-4,10-11,13-14H,5-7H2",1,1,5,0,0,0,0,0,0,0,0,0,0,0,0,0,0,0,0,0,1,0,0,0,0,0,0,0,0,0,0,0,0,3,0,0,0,2,0,0,2,12,0,0,0,0,0,0,0,0,0,0,2,0,0,0,1,0,8,0,18,0,0,0,0,1,6,0,0,2,1,0,0,0,0,0,0,0,0,0,0,0,0,0,0,0,3,6,1,0,1,0,0,1,0,0,0,1,0,0,0,0,2,0,0,0,0,0,6,2,0,6,6,0,0,0,0,0,0,8,3,0,0,0,0,0,0,0,1,0,0,1,1,2,0,0,0,0,0,0,0,1,10,0,1,0,1,0,0,0,0,0,22,0,0,0,0
"InChI=1S/C11H14ClNO/c1-3-10(12)11(14)13-9-6-4-8(2)5-7-9/h4-7,10H,3H2,1-2H3,(H,13,14)",1,1,4,0,0,0,0,0,0,0,0,0,0,0,0,0,0,0,0,0,1,0,0,0,0,0,0,0,0,0,0,0,0,0,0,0,0,1,0,0,0,0,0,0,0,0,0,0,0,0,0,0,2,0,0,1,0,3,0,0,0,0,0,0,0,1,2,0,2,2,1,0,0,0,0,0,0,0,0,0,0,0,1,0,0,0,0,0,1,0,1,1,0,0,0,0,0,0,1,1,0,0,0,0,0,0,0,0,0,0,0,6,6,0,0,0,0,0,0,6,0,0,2,3,0,0,0,2,1,0,0,1,3,0,0,0,0,0,0,0,0,0,6,0,0,0,1,0,0,0,0,0,6,0,0,0,0
"InChI=1S/C11H14ClNO/c1-13-6-7-14-8-11(13)9-2-4-10(12)5-3-9/h2-5,11H,6-8H2,1H3",1,1,5,0,0,0,0,0,0,0,0,0,0,0,0,0,0,0,0,0,1,0,0,0,0,0,0,0,0,0,0,0,0,9,0,1,0,0,0,0,0,0,0,0,0,0,0,0,0,0,0,0,3,0,1,0,2,0,0,9,17,8,9,6,2,1,9,0,0,0,1,2,0,0,0,0,0,0,0,0,0,0,0,2,0,0,3,6,0,1,1,0,0,0,0,0,0,0,0,0,0,0,0,0,0,0,0,6,3,0,1,6,6,0,0,0,0,2,0,3,0,2,1,0,3,0,0,1,1,0,0,1,1,2,0,0,0,0,0,0,0,0,12,0,0,0,2,0,0,0,1,1,18,0,0,0,0
"InChI=1S/C11H14ClNO/c1-8(2)13(11(12)14)10-7-5-4-6-9(10)3/h4-8H,1-3H3",1,1,4,0,0,0,0,0,0,0,0,0,0,0,0,0,0,0,0,0,1,0,0,0,0,0,1,0,0,0,0,0,0,0,0,0,0,0,0,0,0,0,0,0,0,0,0,0,0,0,0,0,3,0,1,1,0,0,0,0,0,0,0,0,0,1,5,0,2,2,1,0,0,0,0,0,0,0,0,0,0,0,1,0,0,0,0,0,0,0,1,1,0,0,0,0,0,0,1,0,0,0,0,0,0,0,0,0,0,0,0,6,6,0,0,0,0,0,0,0,0,0,3,0,0,0,1,3,1,0,0,1,1,0,0,0,0,0,0,0,0,0,6,0,0,0,1,0,0,0,0,0,6,0,0,0,0
"InChI=1S/C11H14ClNO/c1-8(2)13(11(12)14)10-6-4-9(3)5-7-10/h4-8H,1-3H3",1,1,4,0,0,0,0,0,0,0,0,0,0,0,0,0,0,0,0,0,1,0,0,0,0,0,1,0,0,0,0,0,0,0,0,0,0,0,0,0,0,0,0,0,0,0,0,0,0,0,0,0,3,0,1,1,0,0,0,0,0,0,0,0,0,1,5,0,2,2,1,0,0,0,0,0,0,0,0,0,0,0,1,0,0,0,0,0,0,0,1,1,0,0,0,0,0,0,1,0,0,0,0,0,0,0,0,0,0,0,0,6,6,0,0,0,0,0,0,0,0,0,3,0,0,0,1,3,1,0,0,1,1,0,0,0,0,0,0,0,0,0,6,0,0,0,1,0,0,0,0,0,6,0,0,0,0
"InChI=1S/C11H14ClNO/c1-9(14)13-8-2-3-10-4-6-11(12)7-5-10/h4-7H,2-3,8H2,1H3,(H,13,14)",1,1,4,0,0,0,0,0,0,0,0,0,0,0,0,0,0,0,0,0,0,0,0,0,0,0,0,0,0,0,0,0,0,3,0,0,0,1,0,0,0,0,0,0,0,0,0,0,0,0,0,1,1,0,0,0,1,3,3,18,0,0,18,3,0,1,4,1,0,0,0,0,0,0,0,0,0,0,0,0,0,0,1,0,0,0,3,3,0,0,1,0,0,1,0,0,0,0,1,1,0,0,0,0,0,0,0,0,0,0,0,6,6,0,0,0,0,0,0,18,0,0,1,0,0,3,0,1,1,0,0,1,1,2,0,0,0,0,0,0,0,1,6,0,0,0,1,0,0,0,0,0,6,0,0,0,0
"InChI=1S/C11H14ClNO/c1-7(2)8-4-5-10(12)9(6-8)11(14)13-3/h4-7H,1-3H3,(H,13,14)",1,1,4,0,0,0,0,0,0,0,0,0,0,0,0,0,0,0,0,0,0,0,0,0,0,0,0,0,0,0,0,0,0,0,0,1,0,1,0,0,0,0,0,0,0,0,0,0,1,0,0,1,1,0,0,0,1,0,0,0,0,0,0,0,0,1,4,1,0,0,0,0,0,0,0,0,0,0,0,0,0,0,1,0,0,0,0,0,0,0,1,0,0,1,0,0,0,0,1,1,0,0,0,0,0,0,0,0,0,0,0,6,6,0,0,0,0,0,0,0,0,0,3,0,0,0,1,3,1,0,0,1,1,2,0,0,0,0,0,0,0,1,6,0,0,0,1,0,0,0,0,0,6,0,0,0,0
"InChI=1S/C11H14ClNO/c1-11(7-14-8-11)6-13-10-4-2-3-9(12)5-10/h2-5,13H,6-8H2,1H3",1,1,5,0,0,0,0,0,0,0,0,0,0,0,0,0,0,0,0,0,1,1,0,0,0,0,0,0,0,0,0,0,0,9,0,0,0,1,0,0,0,0,0,0,0,0,0,0,1,0,0,0,2,0,0,0,2,6,0,0,0,12,0,0,1,1,4,0,2,2,1,0,0,0,0,0,0,0,0,0,0,0,0,0,0,0,3,0,1,0,1,0,0,0,0,0,0,0,0,0,0,0,2,0,0,0,0,6,0,0,1,6,6,0,0,0,0,1,0,8,3,1,1,0,9,4,0,1,1,0,0,1,1,2,0,0,0,0,0,0,0,0,10,0,1,0,1,0,0,0,0,0,14,0,0,0,0
"InChI=1S/C11H14ClNO/c1-8-2-3-9(12)6-11(8)13-10-4-5-14-7-10/h2-3,6,10,13H,4-5,7H2,1H3",1,1,5,0,0,0,0,0,0,0,0,0,0,0,0,0,0,0,0,0,1,0,1,0,0,0,0,0,0,0,0,0,0,6,0,0,0,1,0,0,0,6,0,0,0,0,0,0,0,0,0,0,2,0,0,0,2,3,3,9,14,4,9,0,1,1,4,0,2,4,1,0,0,0,0,0,0,0,0,0,0,0,0,1,0,0,0,6,1,0,1,0,0,0,0,0,0,0,0,0,0,0,1,0,0,0,0,6,3,0,1,6,6,0,0,0,0,1,0,3,0,1,1,0,0,0,0,1,1,0,0,1,1,2,0,0,0,0,0,0,0,0,11,0,0,1,1,0,0,0,0,0,18,0,0,0,0
"InChI=1S/C11H14ClNO/c1-13(7-11-8-14-11)6-9-3-2-4-10(12)5-9/h2-5,11H,6-8H2,1H3",1,1,5,0,0,0,0,0,0,0,0,0,0,0,0,0,0,0,0,0,1,0,0,0,0,0,0,0,0,0,0,0,0,9,0,1,0,0,0,0,0,0,0,0,0,0,0,0,0,0,0,0,3,0,1,0,2,0,0,0,6,9,0,0,1,1,9,0,0,0,1,0,0,0,0,0,0,0,0,0,0,0,0,1,0,0,6,0,0,0,1,0,0,0,0,0,0,1,0,0,0,0,1,0,0,0,0,3,5,0,1,6,6,0,0,0,0,1,0,13,0,3,1,0,6,3,0,1,1,0,0,1,1,2,0,0,0,0,0,0,0,0,9,1,0,0,1,0,0,1,0,0,10,0,0,0,0
"InChI=1S/C11H14ClNO/c1-3-13(2)11(14)10(12)9-7-5-4-6-8-9/h4-8,10H,3H2,1-2H3",1,1,4,0,0,0,0,0,0,0,0,0,0,0,0,0,0,0,0,0,1,0,0,0,0,0,0,0,0,0,0,0,0,3,0,1,0,0,0,0,0,0,0,0,0,0,0,0,0,0,0,0,3,0,1,1,0,0,0,0,0,0,0,0,0,1,7,0,0,0,1,0,0,0,0,0,0,0,0,0,0,0,1,0,0,0,3,0,0,0,1,1,0,0,0,0,0,0,1,1,0,0,0,0,0,0,0,0,0,0,0,6,6,0,0,0,0,0,0,6,0,1,2,3,3,0,0,2,1,0,0,1,3,0,0,0,0,0,0,0,0,0,6,0,0,0,1,0,0,0,0,0,6,0,0,0,0
"InChI=1S/C11H14ClNO/c1-9(8-14)13(2)7-10-4-3-5-11(12)6-10/h3-6,14H,1,7-8H2,2H3",1,1,3,0,0,0,0,0,0,0,0,0,0,0,0,0,0,0,0,0,1,0,0,0,0,0,0,0,0,0,0,0,0,6,0,1,0,1,0,0,0,0,0,1,2,0,0,0,0,0,1,0,3,0,1,0,1,2,3,0,15,0,0,5,0,1,7,0,0,0,1,0,0,0,0,0,0,0,0,0,0,0,0,1,0,0,3,5,0,0,1,0,0,1,0,0,0,0,0,0,0,0,0,0,0,0,0,3,0,0,0,6,6,0,0,0,0,0,1,15,3,1,1,0,3,0,0,1,1,0,0,1,1,2,0,0,0,0,0,0,0,1,6,0,0,0,1,0,0,0,0,0,6,0,0,0,0
"InChI=1S/C11H14ClNO/c1-8-5-4-6-10(7-8)13(3)11(14)9(2)12/h4-7,9H,1-3H3",1,1,4,0,0,0,0,0,0,0,0,0,0,0,0,0,0,0,0,0,1,0,0,0,0,0,0,0,0,0,0,0,0,0,0,1,0,0,0,0,0,0,0,0,0,0,0,0,0,0,0,0,3,0,1,1,0,0,0,0,0,0,0,0,0,1,5,0,2,2,1,0,0,0,0,0,0,0,0,0,0,0,1,0,0,0,0,0,0,0,1,1,0,0,0,0,0,0,1,1,0,0,0,0,0,0,0,0,0,0,0,6,6,0,0,0,0,0,0,0,0,0,3,0,0,0,0,3,1,0,0,1,3,0,0,0,0,0,0,0,0,0,6,0,0,0,1,0,0,0,0,0,6,0,0,0,0
"InChI=1S/C11H14ClNO/c1-2-6-13-11(14)8-9-4-3-5-10(12)7-9/h3-5,7H,2,6,8H2,1H3,(H,13,14)",1,1,4,0,0,0,0,0,0,0,0,0,0,0,0,0,0,0,0,0,0,0,0,0,0,0,0,0,0,0,0,0,0,3,0,0,0,1,0,0,0,3,0,0,0,0,0,0,0,0,0,1,1,0,0,0,1,3,3,9,9,9,9,0,0,1,4,1,0,0,0,0,0,0,0,0,0,0,0,0,0,0,1,0,0,0,3,6,0,0,1,0,0,1,0,0,0,0,1,1,0,0,0,0,0,0,0,0,3,0,0,6,6,0,0,0,0,0,0,18,0,0,1,3,3,0,0,1,1,0,0,1,1,2,0,0,0,0,0,0,0,1,6,0,0,0,1,0,0,0,0,0,6,0,0,0,0
"InChI=1S/C11H14ClNO/c1-2-11(14)13-7-6-9-4-3-5-10(12)8-9/h3-5,8H,2,6-7H2,1H3,(H,13,14)",1,1,4,0,0,0,0,0,0,0,0,0,0,0,0,0,0,0,0,0,0,0,0,0,0,0,0,0,0,0,0,0,0,3,0,0,0,1,0,0,0,3,0,0,0,0,0,0,0,0,0,1,1,0,0,0,1,3,3,9,9,9,9,0,0,1,4,1,0,0,0,0,0,0,0,0,0,0,0,0,0,0,1,0,0,0,3,6,0,0,1,0,0,1,0,0,0,0,1,1,0,0,0,0,0,0,0,0,3,0,0,6,6,0,0,0,0,0,0,18,0,0,1,3,0,3,0,1,1,0,0,1,1,2,0,0,0,0,0,0,0,1,6,0,0,0,1,0,0,0,0,0,6,0,0,0,0
"InChI=1S/C11H14ClNO/c12-11-4-1-8(7-14)5-9(11)6-13-10-2-3-10/h1,4-5,10,13-14H,2-3,6-7H2",1,1,5,0,0,0,0,0,0,0,0,0,0,0,0,0,0,0,0,0,1,0,0,0,0,0,0,0,0,0,0,0,0,6,0,0,0,2,0,0,0,5,0,0,0,0,0,0,0,0,0,0,2,0,0,0,1,4,0,8,15,21,8,0,0,1,6,0,0,2,1,0,0,0,0,0,0,0,0,0,0,0,0,0,0,0,3,5,1,0,1,0,0,1,0,0,0,0,0,0,0,0,0,0,0,0,0,3,0,0,0,6,6,0,0,0,0,0,0,14,6,0,0,0,0,0,0,0,1,0,0,1,1,2,0,0,0,0,0,0,0,1,9,1,0,0,1,0,0,0,0,0,18,0,0,0,0
"InChI=1S/C11H14ClNO/c1-3-8(2)13-11(14)9-5-4-6-10(12)7-9/h4-8H,3H2,1-2H3,(H,13,14)",1,1,4,0,0,0,0,0,0,0,0,0,0,0,0,0,0,0,0,0,0,0,0,0,0,0,0,0,0,0,0,0,0,0,0,0,0,1,0,0,0,0,0,0,0,0,0,0,0,0,0,1,1,0,0,0,1,0,3,0,0,0,0,0,0,1,4,1,0,0,0,0,0,0,0,0,0,0,0,0,0,0,1,0,0,0,0,3,0,0,1,0,0,1,0,0,0,0,1,1,0,0,0,0,0,0,0,0,0,0,0,6,6,0,0,0,0,0,0,6,0,0,2,3,3,0,0,2,1,0,0,1,1,2,0,0,0,0,0,0,0,1,6,0,0,0,1,0,0,0,0,0,6,0,0,0,0
"InChI=1S/C11H14ClNO/c1-3-14-11(13-2)8-9-6-4-5-7-10(9)12/h4-7H,3,8H2,1-2H3",1,1,4,0,0,0,0,0,0,0,0,0,0,0,0,0,0,0,0,0,0,0,0,0,0,0,0,0,0,0,0,0,0,3,0,1,0,0,0,0,0,0,0,0,0,0,0,0,0,0,0,1,1,0,0,0,2,0,0,0,9,0,0,3,0,1,4,1,0,0,0,0,0,0,0,0,0,0,0,0,0,0,1,0,0,0,0,3,0,0,1,0,0,1,0,0,0,0,1,1,0,0,0,0,0,0,0,3,3,0,0,6,6,0,0,0,0,0,0,12,0,0,2,3,0,6,0,2,1,0,0,1,1,2,0,0,0,0,0,0,0,0,6,0,0,0,1,0,0,0,0,0,6,0,0,0,0
"InChI=1S/C11H14ClNO/c1-11(2,3)10(14)8-5-4-7(12)6-9(8)13/h4-6H,13H2,1-3H3",1,1,4,0,0,0,0,0,0,0,0,0,0,0,0,0,0,0,0,0,1,0,0,0,0,0,0,0,0,0,0,0,0,0,0,0,0,1,0,0,0,0,0,0,0,0,0,0,1,0,0,0,1,0,0,1,0,0,0,0,0,0,0,0,0,1,1,0,2,2,1,0,0,0,0,0,0,0,0,0,0,0,0,0,0,0,0,0,1,0,1,1,0,0,0,0,0,1,0,0,0,0,1,0,0,0,0,0,0,0,0,6,6,0,0,0,0,0,0,0,0,0,3,0,0,0,3,3,1,0,0,1,1,2,0,0,0,0,0,0,1,0,6,0,0,0,1,0,0,0,0,0,6,0,0,0,0
"InChI=1S/C11H14ClNO/c1-7(2)8-4-5-9(10(12)6-8)11(14)13-3/h4-7H,1-3H3,(H,13,14)",1,1,4,0,0,0,0,0,0,0,0,0,0,0,0,0,0,0,0,0,0,0,0,0,0,0,0,0,0,0,0,0,0,0,0,1,0,1,0,0,0,0,0,0,0,0,0,0,1,0,0,1,1,0,0,0,1,0,0,0,0,0,0,0,0,1,4,1,0,0,0,0,0,0,0,0,0,0,0,0,0,0,1,0,0,0,0,0,0,0,1,0,0,1,0,0,0,0,1,1,0,0,0,0,0,0,0,0,0,0,0,6,6,0,0,0,0,0,0,0,0,0,3,0,0,0,1,3,1,0,0,1,1,2,0,0,0,0,0,0,0,1,6,0,0,0,1,0,0,0,0,0,6,0,0,0,0
"InChI=1S/C11H14ClNO/c1-9(14)13-8-4-6-10-5-2-3-7-11(10)12/h2-3,5,7H,4,6,8H2,1H3,(H,13,14)",1,1,4,0,0,0,0,0,0,0,0,0,0,0,0,0,0,0,0,0,0,0,0,0,0,0,0,0,0,0,0,0,0,3,0,0,0,1,0,0,0,0,0,0,0,0,0,0,0,0,0,1,1,0,0,0,1,3,3,18,0,0,18,3,0,1,4,1,0,0,0,0,0,0,0,0,0,0,0,0,0,0,1,0,0,0,3,3,0,0,1,0,0,1,0,0,0,0,1,1,0,0,0,0,0,0,0,0,0,0,0,6,6,0,0,0,0,0,0,18,0,0,1,0,0,3,0,1,1,0,0,1,1,2,0,0,0,0,0,0,0,1,6,0,0,0,1,0,0,0,0,0,6,0,0,0,0
"InChI=1S/C11H14ClNO/c1-11(2,3)10(14)7-4-5-8(12)9(13)6-7/h4-6H,13H2,1-3H3",1,1,4,0,0,0,0,0,0,0,0,0,0,0,0,0,0,0,0,0,1,0,0,0,0,0,0,0,0,0,0,0,0,0,0,0,0,1,0,0,0,0,0,0,0,0,0,0,1,0,0,0,1,0,0,1,0,0,0,0,0,0,0,0,0,1,1,0,2,2,1,0,0,0,0,0,0,0,0,0,0,0,0,0,0,0,0,0,1,0,1,1,0,0,0,0,0,1,0,0,0,0,0,0,0,0,0,0,0,0,0,6,6,0,0,0,0,0,0,0,0,0,3,0,0,0,3,3,1,0,0,1,1,2,0,0,0,0,0,0,1,0,6,0,0,0,1,0,0,0,0,0,6,0,0,0,0
"InChI=1S/C11H14ClNO/c1-8-3-2-4-10(12)11(8)13-9-5-6-14-7-9/h2-4,9,13H,5-7H2,1H3",1,1,5,0,0,0,0,0,0,0,0,0,0,0,0,0,0,0,0,0,1,0,1,0,0,0,0,0,0,0,0,0,0,6,0,0,0,1,0,0,0,6,0,0,0,0,0,0,0,0,0,0,2,0,0,0,2,3,3,9,14,4,9,0,1,1,4,0,2,4,1,0,0,0,0,0,0,0,0,0,0,0,0,1,0,0,0,6,1,0,1,0,0,0,0,0,0,0,0,0,0,0,1,0,0,0,0,6,3,0,1,6,6,0,0,0,0,1,0,3,0,1,1,0,0,0,0,1,1,0,0,1,1,2,0,0,0,0,0,0,0,0,11,0,0,1,1,0,0,0,0,0,18,0,0,0,0
"InChI=1S/C11H14ClNO/c1-11(2,3)10(14)8-6-7(12)4-5-9(8)13/h4-6H,13H2,1-3H3",1,1,4,0,0,0,0,0,0,0,0,0,0,0,0,0,0,0,0,0,1,0,0,0,0,0,0,0,0,0,0,0,0,0,0,0,0,1,0,0,0,0,0,0,0,0,0,0,1,0,0,0,1,0,0,1,0,0,0,0,0,0,0,0,0,1,1,0,2,2,1,0,0,0,0,0,0,0,0,0,0,0,0,0,0,0,0,0,1,0,1,1,0,0,0,0,0,1,0,0,0,0,1,0,0,0,0,0,0,0,0,6,6,0,0,0,0,0,0,0,0,0,3,0,0,0,3,3,1,0,0,1,1,2,0,0,0,0,0,0,1,0,6,0,0,0,1,0,0,0,0,0,6,0,0,0,0
"InChI=1S/C11H14ClNO/c1-13(2)11-6-5-9(7-10(11)12)14-8-3-4-8/h5-8H,3-4H2,1-2H3",1,1,5,0,0,0,0,0,0,0,0,0,0,0,0,0,0,0,0,0,1,0,0,0,0,0,0,0,0,0,0,0,0,0,0,2,0,0,0,0,0,0,0,0,0,0,0,0,0,0,0,0,3,0,1,0,2,0,0,8,0,0,8,0,0,1,7,0,2,2,1,0,0,0,0,0,0,0,0,0,0,0,0,0,0,0,0,0,0,0,1,0,2,1,0,0,0,2,0,0,0,0,0,0,0,0,0,0,5,4,0,6,6,0,0,0,0,0,0,2,0,1,2,0,0,0,1,2,1,0,0,1,1,2,0,0,0,0,0,0,0,0,9,1,0,0,1,0,0,0,0,0,18,0,0,0,0
"InChI=1S/C11H14ClNO/c12-10-5-1-2-6-11(10)13-7-3-4-9(14)8-13/h1-2,5-6,9,14H,3-4,7-8H2",1,1,5,0,0,0,0,0,0,0,0,0,0,0,0,0,0,0,0,0,1,0,0,0,0,0,0,0,0,0,0,0,0,6,0,0,0,1,0,0,0,6,0,0,0,0,0,0,0,0,0,0,3,0,1,0,1,3,6,18,17,18,18,0,1,1,7,0,2,2,1,2,0,0,0,0,0,0,0,0,0,0,0,1,0,0,6,3,0,1,1,0,0,1,0,0,0,1,0,0,0,0,0,0,0,0,0,0,6,2,0,6,6,0,0,0,0,1,0,4,0,1,0,0,0,0,0,0,1,0,0,1,1,2,0,0,0,0,0,0,0,1,12,0,0,0,2,0,0,0,1,1,26,0,0,0,0
"InChI=1S/C11H14ClNO/c1-13(2)10-5-3-4-9(12)11(10)14-8-6-7-8/h3-5,8H,6-7H2,1-2H3",1,1,5,0,0,0,0,0,0,0,0,0,0,0,0,0,0,0,0,0,1,0,0,0,0,0,0,0,0,0,0,0,0,0,0,2,0,0,0,0,0,0,0,0,0,0,0,0,0,0,0,0,3,0,1,0,2,0,0,8,0,0,8,0,0,1,7,0,2,2,1,0,0,0,0,0,0,0,0,0,0,0,0,1,0,0,0,0,0,0,1,0,2,1,0,0,0,2,0,0,0,0,0,0,0,0,0,0,5,4,0,6,6,0,0,0,0,0,0,2,0,1,2,0,0,0,1,2,1,0,0,1,1,2,0,0,0,0,0,0,0,0,9,1,0,0,1,0,0,0,0,0,18,0,0,0,0
"InChI=1S/C11H14ClNO/c1-2-3-8-13-11(14)9-6-4-5-7-10(9)12/h4-7H,2-3,8H2,1H3,(H,13,14)",1,1,4,0,0,0,0,0,0,0,0,0,0,0,0,0,0,0,0,0,0,0,0,0,0,0,0,0,0,0,0,0,0,3,0,0,0,1,0,0,0,0,0,0,0,0,0,0,0,0,0,1,1,0,0,0,1,3,3,18,0,0,18,3,0,1,4,1,0,0,0,0,0,0,0,0,0,0,0,0,0,0,1,0,0,0,3,3,0,0,1,0,0,1,0,0,0,0,1,1,0,0,0,0,0,0,0,0,0,0,0,6,6,0,0,0,0,0,0,18,0,0,1,3,3,0,0,1,1,0,0,1,1,2,0,0,0,0,0,0,0,1,6,0,0,0,1,0,0,0,0,0,6,0,0,0,0
"InChI=1S/C11H14ClNO/c1-2-8-14-9-7-13-11-6-4-3-5-10(11)12/h2-6,13H,1,7-9H2",1,1,3,0,0,0,0,0,0,0,0,0,0,0,0,0,0,0,0,0,1,0,0,0,0,0,0,0,0,0,0,0,0,9,0,0,0,1,0,0,0,3,0,1,2,0,0,0,0,0,0,0,2,0,0,0,2,0,3,9,9,6,9,0,0,1,4,0,2,2,1,0,0,0,0,0,0,0,0,0,0,0,0,1,0,0,3,3,1,0,1,0,0,1,0,0,0,0,0,0,0,0,0,0,0,0,0,6,3,0,0,6,6,0,0,0,0,0,1,21,3,1,0,0,0,0,0,0,1,0,0,1,1,2,0,0,0,0,0,0,0,0,6,0,0,0,1,0,0,0,0,0,6,0,0,0,0
"InChI=1S/C11H14ClNO/c1-13(2)8-3-6-11(10(12)7-8)14-9-4-5-9/h3,6-7,9H,4-5H2,1-2H3",1,1,5,0,0,0,0,0,0,0,0,0,0,0,0,0,0,0,0,0,1,0,0,0,0,0,0,0,0,0,0,0,0,0,0,2,0,0,0,0,0,0,0,0,0,0,0,0,0,0,0,0,3,0,1,0,2,0,0,8,0,0,8,0,0,1,7,0,2,2,1,0,0,0,0,0,0,0,0,0,0,0,0,0,0,0,0,0,0,0,1,0,2,1,0,0,0,2,0,0,0,0,0,0,0,0,0,0,5,4,0,6,6,0,0,0,0,0,0,2,0,1,2,0,0,0,1,2,1,0,0,1,1,2,0,0,0,0,0,0,0,0,9,1,0,0,1,0,0,0,0,0,18,0,0,0,0
"InChI=1S/C11H14ClNO/c1-8-6-9(12)2-3-11(8)13-10-4-5-14-7-10/h2-3,6,10,13H,4-5,7H2,1H3",1,1,5,0,0,0,0,0,0,0,0,0,0,0,0,0,0,0,0,0,1,0,1,0,0,0,0,0,0,0,0,0,0,6,0,0,0,1,0,0,0,6,0,0,0,0,0,0,0,0,0,0,2,0,0,0,2,3,3,9,14,4,9,0,1,1,4,0,2,4,1,0,0,0,0,0,0,0,0,0,0,0,0,1,0,0,0,6,1,0,1,0,0,0,0,0,0,0,0,0,0,0,1,0,0,0,0,6,3,0,1,6,6,0,0,0,0,1,0,3,0,1,1,0,0,0,0,1,1,0,0,1,1,2,0,0,0,0,0,0,0,0,11,0,0,1,1,0,0,0,0,0,18,0,0,0,0
"InChI=1S/C11H14ClNO/c1-3-9-4-6-10(7-5-9)13(2)11(14)8-12/h4-7H,3,8H2,1-2H3",1,1,4,0,0,0,0,0,0,0,0,0,0,0,0,0,0,0,0,0,1,0,0,0,0,0,0,0,0,0,0,0,0,3,0,1,0,0,0,0,0,0,0,0,0,0,0,0,0,0,0,0,3,0,1,1,0,0,0,0,0,0,0,3,0,1,5,0,2,2,1,0,0,0,0,0,0,0,0,0,0,0,1,0,0,0,0,3,0,0,1,1,0,0,0,0,0,0,1,1,0,0,0,0,0,0,0,0,3,0,0,6,6,0,0,0,0,0,0,12,0,0,2,3,0,0,0,2,1,0,0,1,3,0,0,0,0,0,0,0,0,0,6,0,0,0,1,0,0,0,0,0,6,0,0,0,0
"InChI=1S/C11H14ClNO/c1-3-8-13(2)11(14)9-4-6-10(12)7-5-9/h4-7H,3,8H2,1-2H3",1,1,4,0,0,0,0,0,0,0,0,0,0,0,0,0,0,0,0,0,1,0,0,0,0,0,0,0,0,0,0,0,0,3,0,1,0,0,0,0,0,0,0,0,0,0,0,0,0,0,0,0,3,0,1,1,0,0,0,9,0,0,9,3,0,1,7,0,0,0,1,0,0,0,0,0,0,0,0,0,0,0,1,0,0,0,3,3,0,0,1,1,0,0,0,0,0,0,1,1,0,0,0,0,0,0,0,0,0,0,0,6,6,0,0,0,0,0,0,12,0,1,2,3,6,0,0,2,1,0,0,1,1,2,0,0,0,0,0,0,0,0,6,0,0,0,1,0,0,0,0,0,6,0,0,0,0
"InChI=1S/C11H14ClNO/c1-8-4-5-10(12)9(6-8)11(14)7-13(2)3/h4-6H,7H2,1-3H3",1,1,4,0,0,0,0,0,0,0,0,0,0,0,0,0,0,0,0,0,1,0,0,0,0,0,0,0,0,0,0,0,0,3,0,2,0,0,0,0,0,0,0,0,0,0,0,0,0,0,0,0,3,0,1,1,0,0,0,0,0,0,0,0,0,1,9,0,0,0,1,0,0,0,0,0,0,0,0,0,0,0,0,1,0,0,3,0,0,0,1,1,0,0,0,0,0,1,0,0,0,0,0,0,0,0,0,0,3,0,0,6,6,0,0,0,0,0,0,6,0,3,3,0,6,0,1,3,1,0,0,1,1,2,0,0,0,0,0,0,0,0,6,0,0,0,1,0,0,0,0,0,6,0,0,0,0
"InChI=1S/C11H14ClNO/c1-8-6-13-11(7-14-8)9-4-2-3-5-10(9)12/h2-5,8,11,13H,6-7H2,1H3",1,1,5,0,0,0,0,0,0,0,0,0,0,0,0,0,0,0,0,0,1,0,0,0,0,0,0,0,0,0,0,0,0,6,0,0,0,1,0,0,0,3,0,0,0,0,0,0,0,0,0,0,2,0,0,0,2,0,3,0,17,0,0,3,2,1,6,0,0,0,1,2,0,0,0,0,0,0,0,0,0,0,0,2,0,0,3,3,1,1,1,0,0,0,0,0,0,1,0,0,0,0,0,0,0,0,0,3,3,0,1,6,6,0,0,0,0,2,0,2,3,0,1,0,3,0,0,1,1,0,0,1,1,2,0,0,0,0,0,0,0,0,12,0,0,0,2,0,0,0,1,1,18,0,0,0,0
"InChI=1S/C11H14ClNO/c1-13-6-7-14-8-11(13)9-4-2-3-5-10(9)12/h2-5,11H,6-8H2,1H3",1,1,5,0,0,0,0,0,0,0,0,0,0,0,0,0,0,0,0,0,1,0,0,0,0,0,0,0,0,0,0,0,0,9,0,1,0,0,0,0,0,0,0,0,0,0,0,0,0,0,0,0,3,0,1,0,2,0,0,9,17,8,9,6,2,1,9,0,0,0,1,2,0,0,0,0,0,0,0,0,0,0,0,2,0,0,3,6,0,1,1,0,0,0,0,0,0,0,0,0,0,0,0,0,0,0,0,6,3,0,1,6,6,0,0,0,0,2,0,3,0,2,1,0,3,0,0,1,1,0,0,1,1,2,0,0,0,0,0,0,0,0,12,0,0,0,2,0,0,0,1,1,18,0,0,0,0
"InChI=1S/C11H14ClNO/c1-8(14)13-11(2,3)9-6-4-5-7-10(9)12/h4-7H,1-3H3,(H,13,14)",1,1,4,0,0,0,0,0,0,0,0,0,0,0,0,0,0,0,0,0,0,0,0,0,0,0,0,0,0,0,0,0,0,0,0,0,0,1,0,0,0,0,0,0,0,0,0,0,1,0,0,1,1,0,0,0,1,0,0,0,0,0,0,0,0,1,4,1,0,0,0,0,0,0,0,0,0,0,0,0,0,0,1,0,0,0,0,0,0,0,1,0,0,1,0,0,0,0,1,1,0,0,0,0,0,0,0,0,0,0,0,6,6,0,0,0,0,0,0,0,0,0,3,0,0,0,1,3,1,0,0,1,1,2,0,0,0,0,0,0,0,1,6,0,0,0,1,0,0,0,0,0,6,0,0,0,0
"InChI=1S/C11H14ClNO/c1-11(2,3)13-10(14)8-4-6-9(12)7-5-8/h4-7H,1-3H3,(H,13,14)",1,1,4,0,0,0,0,0,0,0,0,0,0,0,0,0,0,0,0,0,1,0,0,0,0,0,0,0,0,0,0,0,0,0,0,0,0,1,0,0,0,0,0,0,0,0,0,0,1,0,0,0,2,0,0,1,0,0,0,0,0,0,0,0,0,1,4,0,0,0,1,0,0,0,0,0,0,0,0,0,0,0,1,0,0,0,0,0,1,0,1,1,0,0,0,0,0,0,1,1,0,0,0,0,0,0,0,0,0,0,0,6,6,0,0,0,0,0,0,0,0,0,3,0,0,0,3,3,1,0,0,1,1,2,0,0,0,0,0,0,0,0,6,0,0,0,1,0,0,0,0,0,6,0,0,0,0
"InChI=1S/C11H14ClNO/c1-11(2,3)10(14)7-5-4-6-8(12)9(7)13/h4-6H,13H2,1-3H3",1,1,4,0,0,0,0,0,0,0,0,0,0,0,0,0,0,0,0,0,1,0,0,0,0,0,0,0,0,0,0,0,0,0,0,0,0,1,0,0,0,0,0,0,0,0,0,0,1,0,0,0,1,0,0,1,0,0,0,0,0,0,0,0,0,1,1,0,2,2,1,0,0,0,0,0,0,0,0,0,0,0,0,0,0,0,0,0,1,0,1,1,0,0,0,0,0,1,0,0,0,0,1,0,0,0,0,0,0,0,0,6,6,0,0,0,0,0,0,0,0,0,3,0,0,0,3,3,1,0,0,1,1,2,0,0,0,0,0,0,1,0,6,0,0,0,1,0,0,0,0,0,6,0,0,0,0
"InChI=1S/C11H14ClNO/c1-8-11(6-7-14-8)13-10-4-2-9(12)3-5-10/h2-5,8,11,13H,6-7H2,1H3",1,1,5,0,0,0,0,0,0,0,0,0,0,0,0,0,0,0,0,0,1,0,1,0,0,0,0,0,0,0,0,0,0,3,0,0,0,1,0,0,0,3,0,0,0,0,0,0,0,0,0,0,2,0,0,0,2,3,3,9,0,4,9,6,1,1,4,0,2,4,1,0,0,0,0,0,0,0,0,0,0,0,0,1,0,0,0,3,1,0,1,0,0,0,0,0,0,1,0,0,0,0,1,0,0,0,0,3,3,0,1,6,6,0,0,0,0,1,0,2,0,0,1,0,0,5,0,1,1,0,0,1,1,2,0,0,0,0,0,0,0,0,11,0,0,1,1,0,0,0,0,0,18,0,0,0,0
"InChI=1S/C11H14ClNO/c1-2-9-3-5-10(6-4-9)13-11(14)7-8-12/h3-6H,2,7-8H2,1H3,(H,13,14)",1,1,4,0,0,0,0,0,0,0,0,0,0,0,0,0,0,0,0,0,1,0,0,0,0,0,0,0,0,0,0,0,0,3,0,0,0,1,0,0,0,3,0,0,0,0,0,0,0,0,0,0,2,0,0,1,0,3,0,9,0,0,9,0,0,1,2,0,2,2,1,0,0,0,0,0,0,0,0,0,0,0,1,0,0,0,0,3,1,0,1,1,0,0,0,0,0,0,1,1,0,0,0,0,0,0,0,0,3,0,0,6,6,0,0,0,0,0,0,18,0,0,1,3,0,0,0,1,1,0,0,1,3,0,0,0,0,0,0,0,0,0,6,0,0,0,1,0,0,0,0,0,6,0,0,0,0
"InChI=1S/C11H14ClNO/c1-9(14)13-7-3-5-10-4-2-6-11(12)8-10/h2,4,6,8H,3,5,7H2,1H3,(H,13,14)",1,1,4,0,0,0,0,0,0,0,0,0,0,0,0,0,0,0,0,0,0,0,0,0,0,0,0,0,0,0,0,0,0,3,0,0,0,1,0,0,0,0,0,0,0,0,0,0,0,0,0,1,1,0,0,0,1,3,3,18,0,0,18,3,0,1,4,1,0,0,0,0,0,0,0,0,0,0,0,0,0,0,1,0,0,0,3,3,0,0,1,0,0,1,0,0,0,0,1,1,0,0,0,0,0,0,0,0,0,0,0,6,6,0,0,0,0,0,0,18,0,0,1,0,0,3,0,1,1,0,0,1,1,2,0,0,0,0,0,0,0,1,6,0,0,0,1,0,0,0,0,0,6,0,0,0,0
"InChI=1S/C11H14ClNO/c1-8-6-14-7-11(13-8)9-2-4-10(12)5-3-9/h2-5,8,11,13H,6-7H2,1H3",1,1,5,0,0,0,0,0,0,0,0,0,0,0,0,0,0,0,0,0,1,0,0,0,0,0,0,0,0,0,0,0,0,6,0,0,0,1,0,0,0,6,0,0,0,0,0,0,0,0,0,0,2,0,0,0,2,0,5,0,0,8,0,0,2,1,6,0,0,0,1,2,0,0,0,0,0,0,0,0,0,0,0,2,0,0,0,6,1,1,1,0,0,0,0,0,0,0,0,0,0,0,0,0,0,0,0,6,0,0,1,6,6,0,0,0,0,2,0,2,0,1,1,0,3,6,0,1,1,0,0,1,1,2,0,0,0,0,0,0,0,0,12,0,0,0,2,0,0,0,1,1,18,0,0,0,0
"InChI=1S/C11H14ClNO/c1-2-8-14-9-7-13-11-5-3-10(12)4-6-11/h2-6,13H,1,7-9H2",1,1,3,0,0,0,0,0,0,0,0,0,0,0,0,0,0,0,0,0,1,0,0,0,0,0,0,0,0,0,0,0,0,9,0,0,0,1,0,0,0,3,0,1,2,0,0,0,0,0,0,0,2,0,0,0,2,0,3,9,9,6,9,0,0,1,4,0,2,2,1,0,0,0,0,0,0,0,0,0,0,0,0,1,0,0,3,3,1,0,1,0,0,1,0,0,0,0,0,0,0,0,0,0,0,0,0,6,3,0,0,6,6,0,0,0,0,0,1,21,3,1,0,0,0,0,0,0,1,0,0,1,1,2,0,0,0,0,0,0,0,0,6,0,0,0,1,0,0,0,0,0,6,0,0,0,0
"InChI=1S/C11H14ClNO/c1-8(14)13-11(2,3)9-4-6-10(12)7-5-9/h4-7H,1-3H3,(H,13,14)",1,1,4,0,0,0,0,0,0,0,0,0,0,0,0,0,0,0,0,0,0,0,0,0,0,0,0,0,0,0,0,0,0,0,0,0,0,1,0,0,0,0,0,0,0,0,0,0,1,0,0,1,1,0,0,0,1,0,0,0,0,0,0,0,0,1,4,1,0,0,0,0,0,0,0,0,0,0,0,0,0,0,1,0,0,0,0,0,0,0,1,0,0,1,0,0,0,0,1,1,0,0,0,0,0,0,0,0,0,0,0,6,6,0,0,0,0,0,0,0,0,0,3,0,0,0,1,3,1,0,0,1,1,2,0,0,0,0,0,0,0,1,6,0,0,0,1,0,0,0,0,0,6,0,0,0,0
"InChI=1S/C11H14ClNO/c1-13(2)11(14)8-5-9-3-6-10(12)7-4-9/h3-4,6-7H,5,8H2,1-2H3",1,1,4,0,0,0,0,0,0,0,0,0,0,0,0,0,0,0,0,0,1,0,0,0,0,0,0,0,0,0,0,0,0,0,0,2,0,0,0,0,0,0,0,0,0,0,0,0,0,0,0,0,3,0,1,1,0,0,0,9,0,0,9,6,0,1,7,0,0,0,1,0,0,0,0,0,0,0,0,0,0,0,1,0,0,0,0,3,0,0,1,1,0,0,0,0,0,0,1,1,0,0,0,0,0,0,0,0,3,0,0,6,6,0,0,0,0,0,0,12,0,1,2,0,0,6,1,2,1,0,0,1,1,2,0,0,0,0,0,0,0,0,6,0,0,0,1,0,0,0,0,0,6,0,0,0,0
"InChI=1S/C11H14ClNO/c1-13(2)11(14)8-7-9-5-3-4-6-10(9)12/h3-6H,7-8H2,1-2H3",1,1,4,0,0,0,0,0,0,0,0,0,0,0,0,0,0,0,0,0,1,0,0,0,0,0,0,0,0,0,0,0,0,0,0,2,0,0,0,0,0,0,0,0,0,0,0,0,0,0,0,0,3,0,1,1,0,0,0,9,0,0,9,6,0,1,7,0,0,0,1,0,0,0,0,0,0,0,0,0,0,0,1,0,0,0,0,3,0,0,1,1,0,0,0,0,0,0,1,1,0,0,0,0,0,0,0,0,3,0,0,6,6,0,0,0,0,0,0,12,0,1,2,0,0,6,1,2,1,0,0,1,1,2,0,0,0,0,0,0,0,0,6,0,0,0,1,0,0,0,0,0,6,0,0,0,0
"InChI=1S/C11H14ClNO/c1-2-7-14-8-6-13-11-5-3-4-10(12)9-11/h2-5,9,13H,1,6-8H2",1,1,3,0,0,0,0,0,0,0,0,0,0,0,0,0,0,0,0,0,1,0,0,0,0,0,0,0,0,0,0,0,0,9,0,0,0,1,0,0,0,3,0,1,2,0,0,0,0,0,0,0,2,0,0,0,2,0,3,9,9,6,9,0,0,1,4,0,2,2,1,0,0,0,0,0,0,0,0,0,0,0,0,1,0,0,3,3,1,0,1,0,0,1,0,0,0,0,0,0,0,0,0,0,0,0,0,6,3,0,0,6,6,0,0,0,0,0,1,21,3,1,0,0,0,0,0,0,1,0,0,1,1,2,0,0,0,0,0,0,0,0,6,0,0,0,1,0,0,0,0,0,6,0,0,0,0
"InChI=1S/C11H14ClNO/c1-8-6-13-7-11(14-8)9-2-4-10(12)5-3-9/h2-5,8,11,13H,6-7H2,1H3",1,1,5,0,0,0,0,0,0,0,0,0,0,0,0,0,0,0,0,0,1,0,0,0,0,0,0,0,0,0,0,0,0,6,0,0,0,1,0,0,0,0,0,0,0,0,0,0,0,0,0,0,2,0,0,0,2,0,0,0,0,8,0,0,2,1,6,0,0,0,1,2,0,0,0,0,0,0,0,0,0,0,0,2,0,0,6,0,1,1,1,0,0,0,0,0,0,2,0,0,0,0,0,0,0,0,0,0,6,0,1,6,6,0,0,0,0,2,0,2,6,1,1,0,3,6,0,1,1,0,0,1,1,2,0,0,0,0,0,0,0,0,12,0,0,0,2,0,0,0,1,1,18,0,0,0,0
"InChI=1S/C11H14ClNO/c1-8-11(5-6-14-8)13-10-4-2-3-9(12)7-10/h2-4,7-8,11,13H,5-6H2,1H3",1,1,5,0,0,0,0,0,0,0,0,0,0,0,0,0,0,0,0,0,1,0,1,0,0,0,0,0,0,0,0,0,0,3,0,0,0,1,0,0,0,3,0,0,0,0,0,0,0,0,0,0,2,0,0,0,2,3,3,9,0,4,9,6,1,1,4,0,2,4,1,0,0,0,0,0,0,0,0,0,0,0,0,1,0,0,0,3,1,0,1,0,0,0,0,0,0,1,0,0,0,0,1,0,0,0,0,3,3,0,1,6,6,0,0,0,0,1,0,2,0,0,1,0,0,5,0,1,1,0,0,1,1,2,0,0,0,0,0,0,0,0,11,0,0,1,1,0,0,0,0,0,18,0,0,0,0
"InChI=1S/C11H14ClNO/c12-10-3-1-9(2-4-10)7-13-6-5-11(14)8-13/h1-4,11,14H,5-8H2",1,1,5,0,0,0,0,0,0,0,0,0,0,0,0,0,0,0,0,0,1,0,1,0,0,0,0,0,0,0,0,0,0,9,0,0,0,1,0,0,0,6,0,0,0,0,0,0,0,0,0,0,3,0,1,0,1,3,6,9,23,13,9,0,1,1,9,0,0,0,1,2,0,0,0,0,0,0,0,0,0,0,0,1,0,0,9,3,0,1,1,0,0,1,0,0,0,1,0,0,0,0,1,0,0,0,0,0,6,2,0,6,6,0,0,0,0,1,0,9,0,3,0,0,0,0,0,0,1,0,0,1,1,2,0,0,0,0,0,0,0,1,11,0,0,1,1,0,0,0,0,0,22,0,0,0,0
"InChI=1S/C11H14ClNO/c1-9-4-3-5-11(8-9)13(7-6-12)10(2)14/h3-5,8H,6-7H2,1-2H3",1,1,4,0,0,0,0,0,0,0,0,0,0,0,0,0,0,0,0,0,1,0,0,0,0,0,0,0,0,0,0,0,0,6,0,0,0,0,0,0,0,0,0,0,0,0,0,0,0,0,0,0,3,0,1,1,0,0,0,9,0,0,9,3,0,1,5,0,2,2,1,0,0,0,0,0,0,0,0,0,0,0,1,0,0,0,3,3,0,0,1,1,0,0,0,0,0,0,1,1,0,0,0,0,0,0,0,0,0,0,0,6,6,0,0,0,0,0,0,12,0,0,2,0,0,3,0,2,1,0,0,1,3,0,0,0,0,0,0,0,0,0,6,0,0,0,1,0,0,0,0,0,6,0,0,0,0
"InChI=1S/C11H14ClNO/c1-3-9-6-4-5-7-10(9)13(2)11(14)8-12/h4-7H,3,8H2,1-2H3",1,1,4,0,0,0,0,0,0,0,0,0,0,0,0,0,0,0,0,0,1,0,0,0,0,0,0,0,0,0,0,0,0,3,0,1,0,0,0,0,0,0,0,0,0,0,0,0,0,0,0,0,3,0,1,1,0,0,0,0,0,0,0,3,0,1,5,0,2,2,1,0,0,0,0,0,0,0,0,0,0,0,1,0,0,0,0,3,0,0,1,1,0,0,0,0,0,0,1,1,0,0,0,0,0,0,0,0,3,0,0,6,6,0,0,0,0,0,0,12,0,0,2,3,0,3,0,2,1,0,0,1,3,0,0,0,0,0,0,0,0,0,6,0,0,0,1,0,0,0,0,0,6,0,0,0,0
"InChI=1S/C11H14ClNO/c1-2-3-9-11(14)13(12)10-7-5-4-6-8-10/h4-8H,2-3,9H2,1H3",1,1,4,0,0,0,0,0,0,0,0,0,0,0,0,0,0,0,0,0,1,0,0,0,0,1,0,0,0,0,1,0,0,0,0,0,1,0,0,0,0,0,0,0,0,0,0,0,0,0,0,0,2,0,0,1,0,0,0,18,0,0,18,3,0,1,2,0,2,2,1,0,0,0,0,0,0,0,0,0,0,0,1,0,0,0,0,3,0,0,1,1,0,0,0,0,0,0,1,1,0,0,0,0,0,0,0,0,3,0,0,6,6,0,0,0,0,0,0,18,0,0,1,3,3,0,0,1,1,0,0,1,1,0,0,0,0,0,0,0,0,0,6,0,0,0,1,0,0,0,0,0,6,0,0,0,0
"InChI=1S/C11H14ClNO/c1-13-6-11(7-13)14-8-9-2-4-10(12)5-3-9/h2-5,11H,6-8H2,1H3",1,1,5,0,0,0,0,0,0,0,0,0,0,0,0,0,0,0,0,0,1,1,0,0,0,0,0,0,0,0,0,0,0,9,0,1,0,0,0,0,0,0,0,0,0,0,0,0,0,0,0,0,3,0,1,0,2,0,0,0,18,0,0,0,1,1,9,0,0,0,1,2,0,0,0,0,0,0,0,0,0,0,0,2,0,0,6,0,0,1,1,0,0,1,0,0,0,1,0,0,0,0,0,0,0,0,0,3,6,2,0,6,6,0,0,0,0,1,0,8,0,3,1,0,6,4,0,1,1,0,0,1,1,2,0,0,0,0,0,0,0,0,10,0,1,0,1,0,0,0,0,0,18,0,0,0,0
"InChI=1S/C11H14ClNO/c1-13(2)10-7-8(12)3-6-11(10)14-9-4-5-9/h3,6-7,9H,4-5H2,1-2H3",1,1,5,0,0,0,0,0,0,0,0,0,0,0,0,0,0,0,0,0,1,0,0,0,0,0,0,0,0,0,0,0,0,0,0,2,0,0,0,0,0,0,0,0,0,0,0,0,0,0,0,0,3,0,1,0,2,0,0,8,0,0,8,0,0,1,7,0,2,2,1,0,0,0,0,0,0,0,0,0,0,0,0,1,0,0,0,0,0,0,1,0,2,1,0,0,0,2,0,0,0,0,0,0,0,0,0,0,5,4,0,6,6,0,0,0,0,0,0,2,0,1,2,0,0,0,1,2,1,0,0,1,1,2,0,0,0,0,0,0,0,0,9,1,0,0,1,0,0,0,0,0,18,0,0,0,0
"InChI=1S/C11H14ClNO/c12-11-3-1-10(2-4-11)9-13-5-7-14-8-6-13/h1-4H,5-9H2",1,1,5,0,0,0,0,0,0,0,0,0,0,0,0,0,0,0,0,0,1,0,0,0,0,0,0,0,0,0,0,0,0,15,0,0,0,0,0,0,0,0,0,0,0,0,0,0,0,0,0,0,3,0,1,0,2,0,0,18,51,16,18,0,2,1,9,0,0,0,1,2,0,0,0,0,0,0,0,0,0,0,0,2,0,0,9,6,0,1,1,0,0,0,0,0,0,0,0,0,0,0,0,0,0,0,0,6,6,0,1,6,6,0,0,0,0,2,0,10,0,4,0,0,0,0,0,0,1,0,0,1,1,2,0,0,0,0,0,0,0,0,12,0,0,0,2,0,0,0,1,0,18,0,0,0,0
"InChI=1S/C11H14ClNO/c12-11-4-2-1-3-10(11)9-13-5-7-14-8-6-13/h1-4H,5-9H2",1,1,5,0,0,0,0,0,0,0,0,0,0,0,0,0,0,0,0,0,1,0,0,0,0,0,0,0,0,0,0,0,0,15,0,0,0,0,0,0,0,0,0,0,0,0,0,0,0,0,0,0,3,0,1,0,2,0,0,18,51,16,18,0,2,1,9,0,0,0,1,2,0,0,0,0,0,0,0,0,0,0,0,2,0,0,9,6,0,1,1,0,0,0,0,0,0,0,0,0,0,0,0,0,0,0,0,6,6,0,1,6,6,0,0,0,0,2,0,10,0,4,0,0,0,0,0,0,1,0,0,1,1,2,0,0,0,0,0,0,0,0,12,0,0,0,2,0,0,0,1,0,18,0,0,0,0
"InChI=1S/C11H14ClNO/c12-10-3-1-2-4-11(10)13-9-5-7-14-8-6-9/h1-4,9,13H,5-8H2",1,1,5,0,0,0,0,0,0,0,0,0,0,0,0,0,0,0,0,0,1,0,0,0,0,0,0,0,0,0,0,0,0,6,0,0,0,1,0,0,0,6,0,0,0,0,0,0,0,0,0,0,2,0,0,0,2,6,0,18,33,16,18,0,1,1,4,0,2,4,1,0,0,0,0,0,0,0,0,0,0,0,0,0,0,0,0,6,1,0,1,0,0,0,0,0,0,0,0,0,0,0,2,0,0,0,0,6,6,0,1,6,6,0,0,0,0,1,0,4,0,1,0,0,0,0,0,0,1,0,0,1,1,2,0,0,0,0,0,0,0,0,12,0,0,0,2,0,0,0,1,0,22,0,0,0,0
"InChI=1S/C11H14ClNO/c1-13-7-2-8-14-11(13)9-3-5-10(12)6-4-9/h3-6,11H,2,7-8H2,1H3",1,1,5,0,0,0,0,0,0,0,0,0,0,0,0,0,0,0,0,0,1,0,0,0,0,0,0,0,0,0,0,0,0,6,0,1,0,0,0,0,0,0,0,0,0,0,0,0,0,0,0,0,3,0,1,0,2,0,0,18,0,8,18,3,2,1,9,0,0,0,1,2,0,0,0,0,0,0,0,0,0,0,1,0,0,0,3,3,0,1,1,0,0,0,0,0,0,0,1,1,0,0,1,0,0,0,0,3,3,0,1,6,6,0,0,0,0,2,0,3,0,1,1,0,3,6,0,1,1,0,0,1,1,2,0,0,0,0,0,0,0,0,12,0,0,0,2,0,0,0,1,1,18,0,0,0,0
"InChI=1S/C11H14ClNO/c1-8-6-13-7-11(14-8)9-3-2-4-10(12)5-9/h2-5,8,11,13H,6-7H2,1H3",1,1,5,0,0,0,0,0,0,0,0,0,0,0,0,0,0,0,0,0,1,0,0,0,0,0,0,0,0,0,0,0,0,6,0,0,0,1,0,0,0,0,0,0,0,0,0,0,0,0,0,0,2,0,0,0,2,0,0,0,0,8,0,0,2,1,6,0,0,0,1,2,0,0,0,0,0,0,0,0,0,0,0,2,0,0,6,0,1,1,1,0,0,0,0,0,0,2,0,0,0,0,0,0,0,0,0,0,6,0,1,6,6,0,0,0,0,2,0,2,6,1,1,0,3,6,0,1,1,0,0,1,1,2,0,0,0,0,0,0,0,0,12,0,0,0,2,0,0,0,1,1,18,0,0,0,0
"InChI=1S/C11H14ClNO/c1-9-5-3-4-6-10(9)13(2)11(14)7-8-12/h3-6H,7-8H2,1-2H3",1,1,4,0,0,0,0,0,0,0,0,0,0,0,0,0,0,0,0,0,1,0,0,0,0,0,0,0,0,0,0,0,0,3,0,1,0,0,0,0,0,0,0,0,0,0,0,0,0,0,0,0,3,0,1,1,0,0,0,9,0,0,9,3,0,1,5,0,2,2,1,0,0,0,0,0,0,0,0,0,0,0,1,0,0,0,0,3,0,0,1,1,0,0,0,0,0,0,1,1,0,0,0,0,0,0,0,0,3,0,0,6,6,0,0,0,0,0,0,12,0,0,2,0,0,3,0,2,1,0,0,1,3,0,0,0,0,0,0,0,0,0,6,0,0,0,1,0,0,0,0,0,6,0,0,0,0
"InChI=1S/C11H14ClNO/c1-8-10(6-7-14-8)13-11-5-3-2-4-9(11)12/h2-5,8,10,13H,6-7H2,1H3",1,1,5,0,0,0,0,0,0,0,0,0,0,0,0,0,0,0,0,0,1,0,1,0,0,0,0,0,0,0,0,0,0,3,0,0,0,1,0,0,0,3,0,0,0,0,0,0,0,0,0,0,2,0,0,0,2,3,3,9,0,4,9,6,1,1,4,0,2,4,1,0,0,0,0,0,0,0,0,0,0,0,0,1,0,0,0,3,1,0,1,0,0,0,0,0,0,1,0,0,0,0,1,0,0,0,0,3,3,0,1,6,6,0,0,0,0,1,0,2,0,0,1,0,0,5,0,1,1,0,0,1,1,2,0,0,0,0,0,0,0,0,11,0,0,1,1,0,0,0,0,0,18,0,0,0,0
"InChI=1S/C11H14ClNO/c12-11-4-2-1-3-9(11)7-13-6-5-10(14)8-13/h1-4,10,14H,5-8H2",1,1,5,0,0,0,0,0,0,0,0,0,0,0,0,0,0,0,0,0,1,0,1,0,0,0,0,0,0,0,0,0,0,9,0,0,0,1,0,0,0,6,0,0,0,0,0,0,0,0,0,0,3,0,1,0,1,3,6,9,23,13,9,0,1,1,9,0,0,0,1,2,0,0,0,0,0,0,0,0,0,0,0,1,0,0,9,3,0,1,1,0,0,1,0,0,0,1,0,0,0,0,1,0,0,0,0,0,6,2,0,6,6,0,0,0,0,1,0,9,0,3,0,0,0,0,0,0,1,0,0,1,1,2,0,0,0,0,0,0,0,1,11,0,0,1,1,0,0,0,0,0,22,0,0,0,0
"InChI=1S/C11H14ClNO/c1-8-6-13-7-11(14-8)9-4-2-3-5-10(9)12/h2-5,8,11,13H,6-7H2,1H3",1,1,5,0,0,0,0,0,0,0,0,0,0,0,0,0,0,0,0,0,1,0,0,0,0,0,0,0,0,0,0,0,0,6,0,0,0,1,0,0,0,0,0,0,0,0,0,0,0,0,0,0,2,0,0,0,2,0,0,0,0,8,0,0,2,1,6,0,0,0,1,2,0,0,0,0,0,0,0,0,0,0,0,2,0,0,6,0,1,1,1,0,0,0,0,0,0,2,0,0,0,0,0,0,0,0,0,0,6,0,1,6,6,0,0,0,0,2,0,2,6,1,1,0,3,6,0,1,1,0,0,1,1,2,0,0,0,0,0,0,0,0,12,0,0,0,2,0,0,0,1,1,18,0,0,0,0
"InChI=1S/C11H14ClNO/c1-2-3-7-13-11(14)9-5-4-6-10(12)8-9/h4-6,8H,2-3,7H2,1H3,(H,13,14)",1,1,4,0,0,0,0,0,0,0,0,0,0,0,0,0,0,0,0,0,0,0,0,0,0,0,0,0,0,0,0,0,0,3,0,0,0,1,0,0,0,0,0,0,0,0,0,0,0,0,0,1,1,0,0,0,1,3,3,18,0,0,18,3,0,1,4,1,0,0,0,0,0,0,0,0,0,0,0,0,0,0,1,0,0,0,3,3,0,0,1,0,0,1,0,0,0,0,1,1,0,0,0,0,0,0,0,0,0,0,0,6,6,0,0,0,0,0,0,18,0,0,1,3,3,0,0,1,1,0,0,1,1,2,0,0,0,0,0,0,0,1,6,0,0,0,1,0,0,0,0,0,6,0,0,0,0
"InChI=1S/C11H14ClNO/c12-9-3-1-8(2-4-9)7-14-11-5-10(13)6-11/h1-4,10-11H,5-7,13H2",1,1,5,0,0,0,0,0,0,0,0,0,0,0,0,0,0,0,0,0,1,0,0,0,0,0,0,0,0,0,0,0,0,3,0,0,0,1,0,0,0,6,0,0,0,0,0,0,0,0,0,0,1,0,0,0,2,0,4,0,18,0,0,0,0,1,3,0,0,2,1,0,0,0,0,0,0,0,0,0,0,0,0,0,0,0,0,6,1,0,1,0,0,1,0,0,0,1,0,0,0,0,2,0,0,0,0,3,6,2,0,6,6,0,0,0,0,0,0,8,0,0,0,0,0,0,0,0,1,0,0,1,1,2,0,0,0,0,0,0,1,0,10,0,1,0,1,0,0,0,0,0,22,0,0,0,0
"InChI=1S/C11H14ClNO/c12-9-1-3-10(4-2-9)13-11-5-7-14-8-6-11/h1-4,11,13H,5-8H2",1,1,5,0,0,0,0,0,0,0,0,0,0,0,0,0,0,0,0,0,1,0,0,0,0,0,0,0,0,0,0,0,0,6,0,0,0,1,0,0,0,6,0,0,0,0,0,0,0,0,0,0,2,0,0,0,2,6,0,18,33,16,18,0,1,1,4,0,2,4,1,0,0,0,0,0,0,0,0,0,0,0,0,0,0,0,0,6,1,0,1,0,0,0,0,0,0,0,0,0,0,0,2,0,0,0,0,6,6,0,1,6,6,0,0,0,0,1,0,4,0,1,0,0,0,0,0,0,1,0,0,1,1,2,0,0,0,0,0,0,0,0,12,0,0,0,2,0,0,0,1,0,22,0,0,0,0
"InChI=1S/C11H14ClNO/c1-2-8-13(11(14)9-12)10-6-4-3-5-7-10/h3-7H,2,8-9H2,1H3",1,1,4,0,0,0,0,0,0,0,0,0,0,0,0,0,0,0,0,0,1,0,0,0,0,0,0,0,0,0,0,0,0,6,0,0,0,0,0,0,0,0,0,0,0,0,0,0,0,0,0,0,3,0,1,1,0,0,0,9,9,9,9,0,0,1,5,0,2,2,1,0,0,0,0,0,0,0,0,0,0,0,1,0,0,0,3,6,0,0,1,1,0,0,0,0,0,0,1,1,0,0,0,0,0,0,0,0,3,0,0,6,6,0,0,0,0,0,0,18,0,0,1,3,3,0,0,1,1,0,0,1,3,0,0,0,0,0,0,0,0,0,6,0,0,0,1,0,0,0,0,0,6,0,0,0,0
"InChI=1S/C11H14ClNO/c1-9-3-5-10(6-4-9)13(2)11(14)7-8-12/h3-6H,7-8H2,1-2H3",1,1,4,0,0,0,0,0,0,0,0,0,0,0,0,0,0,0,0,0,1,0,0,0,0,0,0,0,0,0,0,0,0,3,0,1,0,0,0,0,0,0,0,0,0,0,0,0,0,0,0,0,3,0,1,1,0,0,0,9,0,0,9,3,0,1,5,0,2,2,1,0,0,0,0,0,0,0,0,0,0,0,1,0,0,0,0,3,0,0,1,1,0,0,0,0,0,0,1,1,0,0,0,0,0,0,0,0,3,0,0,6,6,0,0,0,0,0,0,12,0,0,2,0,0,3,0,2,1,0,0,1,3,0,0,0,0,0,0,0,0,0,6,0,0,0,1,0,0,0,0,0,6,0,0,0,0
"InChI=1S/C11H14ClNO/c12-10-3-1-2-9(6-10)7-13-5-4-11(14)8-13/h1-3,6,11,14H,4-5,7-8H2",1,1,5,0,0,0,0,0,0,0,0,0,0,0,0,0,0,0,0,0,1,0,1,0,0,0,0,0,0,0,0,0,0,9,0,0,0,1,0,0,0,6,0,0,0,0,0,0,0,0,0,0,3,0,1,0,1,3,6,9,23,13,9,0,1,1,9,0,0,0,1,2,0,0,0,0,0,0,0,0,0,0,0,1,0,0,9,3,0,1,1,0,0,1,0,0,0,1,0,0,0,0,1,0,0,0,0,0,6,2,0,6,6,0,0,0,0,1,0,9,0,3,0,0,0,0,0,0,1,0,0,1,1,2,0,0,0,0,0,0,0,1,11,0,0,1,1,0,0,0,0,0,22,0,0,0,0
"InChI=1S/C11H14ClNO/c12-11-3-1-2-10(8-11)9-13-4-6-14-7-5-13/h1-3,8H,4-7,9H2",1,1,5,0,0,0,0,0,0,0,0,0,0,0,0,0,0,0,0,0,1,0,0,0,0,0,0,0,0,0,0,0,0,15,0,0,0,0,0,0,0,0,0,0,0,0,0,0,0,0,0,0,3,0,1,0,2,0,0,18,51,16,18,0,2,1,9,0,0,0,1,2,0,0,0,0,0,0,0,0,0,0,0,2,0,0,9,6,0,1,1,0,0,0,0,0,0,0,0,0,0,0,0,0,0,0,0,6,6,0,1,6,6,0,0,0,0,2,0,10,0,4,0,0,0,0,0,0,1,0,0,1,1,2,0,0,0,0,0,0,0,0,12,0,0,0,2,0,0,0,1,0,18,0,0,0,0
"InChI=1S/C11H14ClNO/c1-13(2)10-6-3-8(12)7-11(10)14-9-4-5-9/h3,6-7,9H,4-5H2,1-2H3",1,1,5,0,0,0,0,0,0,0,0,0,0,0,0,0,0,0,0,0,1,0,0,0,0,0,0,0,0,0,0,0,0,0,0,2,0,0,0,0,0,0,0,0,0,0,0,0,0,0,0,0,3,0,1,0,2,0,0,8,0,0,8,0,0,1,7,0,2,2,1,0,0,0,0,0,0,0,0,0,0,0,0,1,0,0,0,0,0,0,1,0,2,1,0,0,0,2,0,0,0,0,0,0,0,0,0,0,5,4,0,6,6,0,0,0,0,0,0,2,0,1,2,0,0,0,1,2,1,0,0,1,1,2,0,0,0,0,0,0,0,0,9,1,0,0,1,0,0,0,0,0,18,0,0,0,0
"InChI=1S/C11H14ClNO/c12-9-2-1-3-11(8-9)13-10-4-6-14-7-5-10/h1-3,8,10,13H,4-7H2",1,1,5,0,0,0,0,0,0,0,0,0,0,0,0,0,0,0,0,0,1,0,0,0,0,0,0,0,0,0,0,0,0,6,0,0,0,1,0,0,0,6,0,0,0,0,0,0,0,0,0,0,2,0,0,0,2,6,0,18,33,16,18,0,1,1,4,0,2,4,1,0,0,0,0,0,0,0,0,0,0,0,0,0,0,0,0,6,1,0,1,0,0,0,0,0,0,0,0,0,0,0,2,0,0,0,0,6,6,0,1,6,6,0,0,0,0,1,0,4,0,1,0,0,0,0,0,0,1,0,0,1,1,2,0,0,0,0,0,0,0,0,12,0,0,0,2,0,0,0,1,0,22,0,0,0,0
"InChI=1S/C11H14ClNO/c12-11-4-2-1-3-8(11)7-14-10-5-9(13)6-10/h1-4,9-10H,5-7,13H2",1,1,5,0,0,0,0,0,0,0,0,0,0,0,0,0,0,0,0,0,1,0,0,0,0,0,0,0,0,0,0,0,0,3,0,0,0,1,0,0,0,6,0,0,0,0,0,0,0,0,0,0,1,0,0,0,2,0,4,0,18,0,0,0,0,1,3,0,0,2,1,0,0,0,0,0,0,0,0,0,0,0,0,0,0,0,0,6,1,0,1,0,0,1,0,0,0,1,0,0,0,0,2,0,0,0,0,3,6,2,0,6,6,0,0,0,0,0,0,8,0,0,0,0,0,0,0,0,1,0,0,1,1,2,0,0,0,0,0,0,1,0,10,0,1,0,1,0,0,0,0,0,22,0,0,0,0
"InChI=1S/C11H14ClNO/c1-8-7-10(3-4-11(8)12)5-6-13-9(2)14/h3-4,7H,5-6H2,1-2H3,(H,13,14)",1,1,4,0,0,0,0,0,0,0,0,0,0,0,0,0,0,0,0,0,0,0,0,0,0,0,0,0,0,0,0,0,0,3,0,0,0,1,0,0,0,0,0,0,0,0,0,0,0,0,0,1,1,0,0,0,1,3,3,9,0,0,9,3,0,1,4,1,0,0,0,0,0,0,0,0,0,0,0,0,0,0,1,0,0,0,3,3,0,0,1,0,0,1,0,0,0,0,1,1,0,0,0,0,0,0,0,0,0,0,0,6,6,0,0,0,0,0,0,12,0,0,2,0,0,6,0,2,1,0,0,1,1,2,0,0,0,0,0,0,0,1,6,0,0,0,1,0,0,0,0,0,6,0,0,0,0
"InChI=1S/C11H14ClNO/c1-13(2)11-7-9(5-6-10(11)12)14-8-3-4-8/h5-8H,3-4H2,1-2H3",1,1,5,0,0,0,0,0,0,0,0,0,0,0,0,0,0,0,0,0,1,0,0,0,0,0,0,0,0,0,0,0,0,0,0,2,0,0,0,0,0,0,0,0,0,0,0,0,0,0,0,0,3,0,1,0,2,0,0,8,0,0,8,0,0,1,7,0,2,2,1,0,0,0,0,0,0,0,0,0,0,0,0,0,0,0,0,0,0,0,1,0,2,1,0,0,0,2,0,0,0,0,1,0,0,0,0,0,5,4,0,6,6,0,0,0,0,0,0,2,0,1,2,0,0,0,1,2,1,0,0,1,1,2,0,0,0,0,0,0,0,0,9,1,0,0,1,0,0,0,0,0,18,0,0,0,0
"InChI=1S/C11H14ClNO/c1-8(2)13(11(12)14)10-6-4-5-9(3)7-10/h4-8H,1-3H3",1,1,4,0,0,0,0,0,0,0,0,0,0,0,0,0,0,0,0,0,1,0,0,0,0,0,1,0,0,0,0,0,0,0,0,0,0,0,0,0,0,0,0,0,0,0,0,0,0,0,0,0,3,0,1,1,0,0,0,0,0,0,0,0,0,1,5,0,2,2,1,0,0,0,0,0,0,0,0,0,0,0,1,0,0,0,0,0,0,0,1,1,0,0,0,0,0,0,1,0,0,0,0,0,0,0,0,0,0,0,0,6,6,0,0,0,0,0,0,0,0,0,3,0,0,0,1,3,1,0,0,1,1,0,0,0,0,0,0,0,0,0,6,0,0,0,1,0,0,0,0,0,6,0,0,0,0
"InChI=1S/C11H14ClNO/c12-7-8-13-11-5-3-10(4-6-11)2-1-9-14/h3-6,9,13H,1-2,7-8H2",1,1,4,0,0,0,0,0,0,0,0,0,0,0,0,0,0,0,0,0,1,0,0,0,0,0,0,0,0,0,0,0,0,6,0,0,0,1,0,0,0,3,0,0,0,0,0,0,0,0,0,0,2,0,0,1,0,0,0,18,0,0,18,0,0,1,4,0,2,2,1,0,0,0,0,0,0,0,0,0,0,0,0,0,0,0,3,3,1,0,1,1,0,0,0,0,0,0,0,0,0,0,0,0,0,0,0,0,3,0,0,6,6,0,0,0,0,0,0,24,3,0,0,0,0,0,0,0,1,0,0,1,3,0,0,0,0,0,0,0,0,0,6,0,0,0,1,0,0,0,0,0,6,0,0,0,0
"InChI=1S/C11H14ClNO/c1-2-13(9-11(12)14)8-10-6-4-3-5-7-10/h3-7H,2,8-9H2,1H3",1,1,4,0,0,0,0,0,0,0,0,0,0,0,0,0,0,0,0,0,1,0,0,0,0,0,0,0,0,0,0,0,0,9,0,0,0,0,0,0,0,0,0,0,0,0,0,0,0,0,0,0,3,0,1,1,0,0,0,0,0,0,0,6,0,1,9,0,0,0,1,0,0,0,0,0,0,0,0,0,0,0,0,1,0,0,9,0,0,0,1,1,0,0,0,0,0,0,0,0,0,0,0,0,0,0,0,0,3,0,0,6,6,0,0,0,0,0,0,18,0,3,1,3,0,0,0,1,1,0,0,1,1,0,0,0,0,0,0,0,0,0,6,0,0,0,1,0,0,0,0,0,6,0,0,0,0
"InChI=1S/C11H14ClNO/c12-10-5-1-2-6-11(10)13-7-3-4-9(13)8-14/h1-2,5-6,9,14H,3-4,7-8H2",1,1,5,0,0,0,0,0,0,0,0,0,0,0,0,0,0,0,0,0,1,0,1,0,0,0,0,0,0,0,0,0,0,6,0,0,0,1,0,0,0,0,0,0,0,0,0,0,0,0,0,0,3,0,1,0,1,3,6,18,26,23,18,0,1,1,7,0,2,2,1,2,0,0,0,0,0,0,0,0,0,0,0,1,0,0,3,9,0,1,1,0,0,1,0,0,0,0,0,0,0,0,0,0,0,0,0,3,0,0,0,6,6,0,0,0,0,1,0,9,3,0,0,0,0,0,0,0,1,0,0,1,1,2,0,0,0,0,0,0,0,1,11,0,0,1,1,0,0,0,0,1,22,0,0,0,0
"InChI=1S/C11H14ClNO/c1-3-6-13-11(14)9-5-4-8(2)7-10(9)12/h4-5,7H,3,6H2,1-2H3,(H,13,14)",1,1,4,0,0,0,0,0,0,0,0,0,0,0,0,0,0,0,0,0,0,0,0,0,0,0,0,0,0,0,0,0,0,3,0,0,0,1,0,0,0,0,0,0,0,0,0,0,0,0,0,1,1,0,0,0,1,3,3,9,0,0,9,0,0,1,4,1,0,0,0,0,0,0,0,0,0,0,0,0,0,0,1,0,0,0,3,3,0,0,1,0,0,1,0,0,0,0,1,1,0,0,0,0,0,0,0,0,0,0,0,6,6,0,0,0,0,0,0,12,0,0,2,3,3,0,0,2,1,0,0,1,1,2,0,0,0,0,0,0,0,1,6,0,0,0,1,0,0,0,0,0,6,0,0,0,0
"InChI=1S/C11H14ClNO/c1-13-11-5-3-2-4-9(11)8-10(14)6-7-12/h2-5,13H,6-8H2,1H3",1,1,4,0,0,0,0,0,0,0,0,0,0,0,0,0,0,0,0,0,1,0,0,0,0,0,0,0,0,0,0,0,0,3,0,1,0,1,0,0,0,0,0,0,0,0,0,0,0,0,0,0,2,0,0,1,0,3,0,9,9,0,9,0,0,1,4,0,2,2,1,0,0,0,0,0,0,0,0,0,0,0,0,0,0,0,0,0,1,0,1,1,0,0,0,0,0,1,0,0,0,0,0,0,0,0,0,0,6,0,0,6,6,0,0,0,0,0,0,18,0,0,1,0,0,3,0,1,1,0,0,1,3,0,0,0,0,0,0,0,0,0,6,0,0,0,1,0,0,0,0,0,6,0,0,0,0
"InChI=1S/C11H14ClNO/c1-8(7-11(14)13-2)9-3-5-10(12)6-4-9/h3-6,8H,7H2,1-2H3,(H,13,14)",1,1,4,0,0,0,0,0,0,0,0,0,0,0,0,0,0,0,0,0,0,0,0,0,0,0,0,0,0,0,0,0,0,0,0,1,0,1,0,0,0,3,0,0,0,0,0,0,1,0,0,1,1,0,0,0,1,0,0,0,0,0,0,3,0,1,4,1,0,0,0,0,0,0,0,0,0,0,0,0,0,0,1,0,0,0,0,3,0,0,1,0,0,1,0,0,0,0,1,1,0,0,0,0,0,0,0,0,3,0,0,6,6,0,0,0,0,0,0,6,0,0,2,0,3,0,0,2,1,0,0,1,1,2,0,0,0,0,0,0,0,1,6,0,0,0,1,0,0,0,0,0,6,0,0,0,0
"InChI=1S/C11H14ClNO/c1-9-4-6-10(7-5-9)13-11(14)3-2-8-12/h4-7H,2-3,8H2,1H3,(H,13,14)",1,1,4,0,0,0,0,0,0,0,0,0,0,0,0,0,0,0,0,0,1,0,0,0,0,0,0,0,0,0,0,0,0,3,0,0,0,1,0,0,0,3,0,0,0,0,0,0,0,0,0,0,2,0,0,1,0,3,3,18,0,0,18,0,0,1,2,0,2,2,1,0,0,0,0,0,0,0,0,0,0,0,1,0,0,0,0,3,1,0,1,1,0,0,0,0,0,0,1,1,0,0,0,0,0,0,0,0,3,0,0,6,6,0,0,0,0,0,0,18,0,0,1,0,0,0,0,1,1,0,0,1,3,0,0,0,0,0,0,0,0,0,6,0,0,0,1,0,0,0,0,0,6,0,0,0,0
"InChI=1S/C11H14ClNO/c1-8(2)9-3-5-10(6-4-9)13-11(14)7-12/h3-6,8H,7H2,1-2H3,(H,13,14)",1,1,4,0,0,0,0,0,0,0,0,0,0,0,0,0,0,0,0,0,1,0,0,0,0,0,0,0,0,0,0,0,0,3,0,0,0,1,0,0,0,3,0,0,0,0,0,0,1,0,0,0,2,0,0,1,0,0,0,0,0,0,0,0,0,1,2,0,2,2,1,0,0,0,0,0,0,0,0,0,0,0,1,0,0,0,0,3,1,0,1,1,0,0,0,0,0,0,1,1,0,0,0,0,0,0,0,0,3,0,0,6,6,0,0,0,0,0,0,6,0,0,2,0,0,0,1,2,1,0,0,1,3,0,0,0,0,0,0,0,0,0,6,0,0,0,1,0,0,0,0,0,6,0,0,0,0
"InChI=1S/C11H14ClNO/c1-3-8(2)14-11-5-4-10(12)6-9(11)7-13/h3-6,8H,1,7,13H2,2H3",1,1,3,0,0,0,0,0,0,0,0,0,0,0,0,0,0,0,0,0,1,0,0,0,0,0,0,0,0,0,0,0,0,3,0,0,0,1,0,0,0,0,0,1,2,0,0,0,0,0,0,0,1,0,0,0,2,0,0,0,0,0,0,2,0,1,3,0,0,0,1,0,0,0,0,0,0,0,0,0,0,0,0,0,0,0,3,0,1,0,1,0,2,1,0,0,0,2,0,0,0,0,1,0,0,0,0,0,0,2,0,6,6,0,0,0,0,0,1,9,3,0,1,0,0,0,0,1,1,0,0,1,1,2,0,0,0,0,0,0,1,0,6,0,0,0,1,0,0,0,0,0,6,0,0,0,0
"InChI=1S/C11H14ClNO/c1-2-10-7-13-11(14-10)8-4-3-5-9(12)6-8/h3-6,10-11,13H,2,7H2,1H3",1,1,5,0,0,0,0,0,0,0,0,0,0,0,0,0,0,0,0,0,1,0,1,0,0,0,0,0,0,0,0,0,0,3,0,0,0,1,0,0,0,0,0,0,0,0,0,0,0,0,0,0,2,0,0,0,2,3,5,0,0,0,0,3,2,1,6,0,0,0,1,2,0,0,0,0,0,0,0,0,0,0,1,1,0,0,3,0,1,1,1,0,0,0,0,0,0,1,1,1,0,0,0,0,0,0,0,0,6,0,1,6,6,0,0,0,0,2,0,7,3,0,1,3,0,0,0,1,1,0,0,1,1,2,0,0,0,0,0,0,0,0,11,0,0,1,1,0,0,0,0,1,14,0,0,0,0
"InChI=1S/C11H14ClNO/c12-9-3-1-2-8(4-9)7-14-11-5-10(13)6-11/h1-4,10-11H,5-7,13H2",1,1,5,0,0,0,0,0,0,0,0,0,0,0,0,0,0,0,0,0,1,0,0,0,0,0,0,0,0,0,0,0,0,3,0,0,0,1,0,0,0,6,0,0,0,0,0,0,0,0,0,0,1,0,0,0,2,0,4,0,18,0,0,0,0,1,3,0,0,2,1,0,0,0,0,0,0,0,0,0,0,0,0,0,0,0,0,6,1,0,1,0,0,1,0,0,0,1,0,0,0,0,2,0,0,0,0,3,6,2,0,6,6,0,0,0,0,0,0,8,0,0,0,0,0,0,0,0,1,0,0,1,1,2,0,0,0,0,0,0,1,0,10,0,1,0,1,0,0,0,0,0,22,0,0,0,0
"InChI=1S/C11H14ClNO/c1-2-3-8-13-10-6-4-9(5-7-10)11(12)14/h4-7,13H,2-3,8H2,1H3",1,1,4,0,0,0,0,0,0,0,0,0,0,0,0,0,0,0,0,0,1,0,0,0,0,0,0,0,0,0,0,0,0,3,0,0,0,1,0,0,0,3,0,0,0,0,0,0,0,0,0,0,2,0,0,1,0,3,0,18,0,0,18,3,0,1,4,0,2,2,1,0,0,0,0,0,0,0,0,0,0,0,0,0,0,0,3,3,1,0,1,1,0,0,0,0,0,0,0,0,0,0,0,0,0,0,0,0,0,0,0,6,6,0,0,0,0,0,0,18,3,0,1,3,3,0,0,1,1,0,0,1,1,0,0,0,0,0,0,0,0,0,6,0,0,0,1,0,0,0,0,0,6,0,0,0,0
"InChI=1S/C11H14ClNO/c1-2-3-9-4-6-10(7-5-9)13-11(14)8-12/h4-7H,2-3,8H2,1H3,(H,13,14)",1,1,4,0,0,0,0,0,0,0,0,0,0,0,0,0,0,0,0,0,1,0,0,0,0,0,0,0,0,0,0,0,0,3,0,0,0,1,0,0,0,3,0,0,0,0,0,0,0,0,0,0,2,0,0,1,0,0,0,9,0,0,9,0,0,1,2,0,2,2,1,0,0,0,0,0,0,0,0,0,0,0,1,0,0,0,0,3,1,0,1,1,0,0,0,0,0,0,1,1,0,0,0,0,0,0,0,0,3,0,0,6,6,0,0,0,0,0,0,18,0,0,1,3,3,0,0,1,1,0,0,1,3,0,0,0,0,0,0,0,0,0,6,0,0,0,1,0,0,0,0,0,6,0,0,0,0
"InChI=1S/C11H14ClNO/c1-13-6-7-14-11(8-13)9-2-4-10(12)5-3-9/h2-5,11H,6-8H2,1H3",1,1,5,0,0,0,0,0,0,0,0,0,0,0,0,0,0,0,0,0,1,0,0,0,0,0,0,0,0,0,0,0,0,9,0,1,0,0,0,0,0,0,0,0,0,0,0,0,0,0,0,0,3,0,1,0,2,0,0,9,17,8,9,3,2,1,9,0,0,0,1,2,0,0,0,0,0,0,0,0,0,0,0,2,0,0,6,3,0,1,1,0,0,0,0,0,0,1,0,0,0,0,0,0,0,0,0,3,6,0,1,6,6,0,0,0,0,2,0,3,0,3,1,0,6,0,0,1,1,0,0,1,1,2,0,0,0,0,0,0,0,0,12,0,0,0,2,0,0,0,1,1,18,0,0,0,0
"InChI=1S/C11H14ClNO/c1-8(2)13-11(14)10-5-3-9(7-12)4-6-10/h3-6,8H,7H2,1-2H3,(H,13,14)",1,1,4,0,0,0,0,0,0,0,0,0,0,0,0,0,0,0,0,0,1,0,0,0,0,0,0,0,0,0,0,0,0,3,0,0,0,1,0,0,0,0,0,0,0,0,0,0,0,0,0,0,2,0,0,1,0,0,0,0,0,0,0,0,0,1,4,0,0,0,1,0,0,0,0,0,0,0,0,0,0,0,1,0,0,0,0,0,1,0,1,1,0,0,0,0,0,0,1,1,0,0,0,0,0,0,0,0,0,0,0,6,6,0,0,0,0,0,0,6,0,0,2,0,0,0,1,2,1,0,0,1,3,0,0,0,0,0,0,0,0,0,6,0,0,0,1,0,0,0,0,0,6,0,0,0,0
"InChI=1S/C11H14ClNO/c1-13(2)11-9(12)4-3-5-10(11)14-8-6-7-8/h3-5,8H,6-7H2,1-2H3",1,1,5,0,0,0,0,0,0,0,0,0,0,0,0,0,0,0,0,0,1,0,0,0,0,0,0,0,0,0,0,0,0,0,0,2,0,0,0,0,0,0,0,0,0,0,0,0,0,0,0,0,3,0,1,0,2,0,0,8,0,0,8,0,0,1,7,0,2,2,1,0,0,0,0,0,0,0,0,0,0,0,0,1,0,0,0,0,0,0,1,0,2,1,0,0,0,2,0,0,0,0,0,0,0,0,0,0,5,4,0,6,6,0,0,0,0,0,0,2,0,1,2,0,0,0,1,2,1,0,0,1,1,2,0,0,0,0,0,0,0,0,9,1,0,0,1,0,0,0,0,0,18,0,0,0,0
"InChI=1S/C11H14ClNO/c1-2-3-8-13-11(14)9-4-6-10(12)7-5-9/h4-7H,2-3,8H2,1H3,(H,13,14)",1,1,4,0,0,0,0,0,0,0,0,0,0,0,0,0,0,0,0,0,1,0,0,0,0,0,0,0,0,0,0,0,0,3,0,0,0,1,0,0,0,3,0,0,0,0,0,0,0,0,0,0,2,0,0,1,0,3,0,18,0,0,18,3,0,1,4,0,0,0,1,0,0,0,0,0,0,0,0,0,0,0,1,0,0,0,3,3,1,0,1,1,0,0,0,0,0,0,1,1,0,0,0,0,0,0,0,0,0,0,0,6,6,0,0,0,0,0,0,18,3,0,1,3,3,0,0,1,1,0,0,1,1,2,0,0,0,0,0,0,0,0,6,0,0,0,1,0,0,0,0,0,6,0,0,0,0
"InChI=1S/C11H14ClNO/c1-13(11(14)8-5-9-12)10-6-3-2-4-7-10/h2-4,6-7H,5,8-9H2,1H3",1,1,4,0,0,0,0,0,0,0,0,0,0,0,0,0,0,0,0,0,1,0,0,0,0,0,0,0,0,0,0,0,0,3,0,1,0,0,0,0,0,0,0,0,0,0,0,0,0,0,0,0,3,0,1,1,0,0,0,18,0,0,18,3,0,1,5,0,2,2,1,0,0,0,0,0,0,0,0,0,0,0,1,0,0,0,0,3,0,0,1,1,0,0,0,0,0,0,1,1,0,0,0,0,0,0,0,0,3,0,0,6,6,0,0,0,0,0,0,18,0,0,1,0,0,3,0,1,1,0,0,1,3,0,0,0,0,0,0,0,0,0,6,0,0,0,1,0,0,0,0,0,6,0,0,0,0
"InChI=1S/C11H14ClNO/c1-3-6-14-11-5-4-9(12)7-10(11)8(2)13/h3-5,7-8H,1,6,13H2,2H3",1,1,3,0,0,0,0,0,0,0,0,0,0,0,0,0,0,0,0,0,1,0,0,0,0,0,0,0,0,0,0,0,0,3,0,0,0,1,0,0,0,0,0,1,2,0,0,0,0,0,0,0,1,0,0,0,2,0,0,0,0,0,0,0,0,1,3,0,0,0,1,0,0,0,0,0,0,0,0,0,0,0,0,0,0,0,0,0,1,0,1,0,2,1,0,0,0,1,0,0,0,0,1,0,0,0,0,3,0,2,0,6,6,0,0,0,0,0,1,9,0,0,1,0,0,0,0,1,1,0,0,1,1,2,0,0,0,0,0,0,1,0,6,0,0,0,1,0,0,0,0,0,6,0,0,0,0
"InChI=1S/C11H14ClNO/c1-7-2-9-3-8(6-14)5-13-11(9)4-10(7)12/h2,4,8,13-14H,3,5-6H2,1H3",1,1,5,0,0,0,0,0,0,0,0,0,0,0,0,0,0,0,0,0,1,0,0,0,0,0,0,0,0,0,0,0,0,6,0,0,0,2,0,0,1,0,0,0,0,0,0,0,1,0,0,0,2,0,0,0,1,14,0,0,0,8,0,0,1,1,4,0,2,0,1,2,0,0,0,0,0,0,0,0,0,0,0,0,0,0,3,0,1,1,1,0,0,1,0,0,0,0,0,0,0,0,1,0,0,0,0,3,0,0,0,6,6,0,0,0,0,1,0,8,6,0,1,0,0,3,0,1,1,0,0,1,1,2,0,0,0,0,0,0,0,1,10,0,0,0,2,0,0,0,1,0,13,2,0,0,0
"InChI=1S/C11H14ClNO/c1-11(2,3)13-10(14)8-6-4-5-7-9(8)12/h4-7H,1-3H3,(H,13,14)",1,1,4,0,0,0,0,0,0,0,0,0,0,0,0,0,0,0,0,0,0,0,0,0,0,0,0,0,0,0,0,0,0,0,0,0,0,1,0,0,0,0,0,0,0,0,0,0,1,0,0,1,1,0,0,0,1,0,0,0,0,0,0,0,0,1,4,1,0,0,0,0,0,0,0,0,0,0,0,0,0,0,1,0,0,0,0,0,0,0,1,0,0,1,0,0,0,0,1,1,0,0,0,0,0,0,0,0,0,0,0,6,6,0,0,0,0,0,0,0,0,0,3,0,0,0,3,3,1,0,0,1,1,2,0,0,0,0,0,0,0,1,6,0,0,0,1,0,0,0,0,0,6,0,0,0,0
"InChI=1S/C11H14ClNO/c1-13(2)8-3-6-10(12)11(7-8)14-9-4-5-9/h3,6-7,9H,4-5H2,1-2H3",1,1,5,0,0,0,0,0,0,0,0,0,0,0,0,0,0,0,0,0,1,0,0,0,0,0,0,0,0,0,0,0,0,0,0,2,0,0,0,0,0,0,0,0,0,0,0,0,0,0,0,0,3,0,1,0,2,0,0,8,0,0,8,0,0,1,7,0,2,2,1,0,0,0,0,0,0,0,0,0,0,0,0,0,0,0,0,0,0,0,1,0,2,1,0,0,0,2,0,0,0,0,1,0,0,0,0,0,5,4,0,6,6,0,0,0,0,0,0,2,0,1,2,0,0,0,1,2,1,0,0,1,1,2,0,0,0,0,0,0,0,0,9,1,0,0,1,0,0,0,0,0,18,0,0,0,0
"InChI=1S/C11H14ClNO/c1-2-9-7-8(3-5-10(9)12)4-6-11(13)14/h3,5,7H,2,4,6H2,1H3,(H2,13,14)",1,1,4,0,0,0,0,0,0,0,0,0,0,0,0,0,0,0,0,0,0,0,0,0,0,0,0,0,0,0,0,0,0,0,0,0,0,2,0,0,0,6,0,0,0,0,0,0,0,0,0,1,0,0,0,0,1,6,0,9,0,9,9,0,0,1,1,1,0,0,0,0,0,0,0,0,0,0,0,0,0,0,1,0,0,0,0,3,1,0,1,0,0,1,0,0,0,0,1,1,0,0,0,0,0,0,0,0,3,0,0,6,6,0,0,0,1,0,0,18,0,0,1,3,0,0,0,1,1,0,0,1,1,2,0,0,0,0,0,0,0,1,6,0,0,0,1,0,0,0,0,0,6,0,0,0,0
"InChI=1S/C11H14ClNO/c1-4-11-9(6-8(3)14)10(12)5-7(2)13-11/h5H,4,6H2,1-3H3",1,1,5,0,0,0,0,0,0,0,0,0,0,0,0,0,0,0,0,0,0,0,0,0,0,0,0,0,0,0,0,0,0,0,0,0,0,0,0,0,0,0,0,0,0,0,0,0,0,0,0,0,0,0,0,1,0,0,0,0,9,0,0,0,1,1,2,0,0,0,0,0,0,0,0,0,0,0,0,0,0,0,0,0,0,0,0,3,0,1,1,1,0,0,0,0,0,1,0,0,0,0,0,0,0,0,0,0,3,0,0,6,4,0,0,0,0,1,0,12,0,0,3,3,3,6,0,3,1,0,0,1,1,2,0,0,0,0,0,2,0,0,6,0,0,0,1,0,0,0,1,0,4,0,0,0,0
"InChI=1S/C11H14ClNO/c1-3-6-13-11(14)9-5-4-8(2)10(12)7-9/h4-5,7H,3,6H2,1-2H3,(H,13,14)",1,1,4,0,0,0,0,0,0,0,0,0,0,0,0,0,0,0,0,0,0,0,0,0,0,0,0,0,0,0,0,0,0,3,0,0,0,1,0,0,0,0,0,0,0,0,0,0,0,0,0,1,1,0,0,0,1,3,3,9,0,0,9,0,0,1,4,1,0,0,0,0,0,0,0,0,0,0,0,0,0,0,1,0,0,0,3,3,0,0,1,0,0,1,0,0,0,0,1,1,0,0,0,0,0,0,0,0,0,0,0,6,6,0,0,0,0,0,0,12,0,0,2,3,3,0,0,2,1,0,0,1,1,2,0,0,0,0,0,0,0,1,6,0,0,0,1,0,0,0,0,0,6,0,0,0,0
"InChI=1S/C11H14ClNO/c1-2-14-11(13)8-5-9-3-6-10(12)7-4-9/h3-4,6-7,13H,2,5,8H2,1H3",1,1,4,0,0,0,0,0,0,0,0,0,0,0,0,0,0,0,0,0,0,0,0,0,0,0,0,0,0,0,0,0,0,3,0,0,0,1,0,0,0,3,0,0,0,0,0,0,0,0,0,1,0,0,0,0,2,6,0,9,9,9,9,0,0,1,1,1,0,0,0,0,0,0,0,0,0,0,0,0,0,0,1,0,0,0,0,3,1,0,1,0,0,1,0,0,0,0,1,1,0,0,0,0,0,0,0,3,3,0,0,6,6,0,0,0,0,0,0,18,0,0,1,3,0,3,0,1,1,0,0,1,1,2,0,0,0,0,0,0,0,0,6,0,0,0,1,0,0,0,0,0,6,0,0,0,0
"InChI=1S/C11H14ClNO/c1-3-9-6-4-5-7-10(9)13-11(14)8(2)12/h4-8H,3H2,1-2H3,(H,13,14)",1,1,4,0,0,0,0,0,0,0,0,0,0,0,0,0,0,0,0,0,0,0,0,0,0,0,0,0,0,0,0,0,0,0,0,0,0,1,0,0,0,0,0,0,0,0,0,0,0,0,0,1,1,0,0,0,1,0,0,0,0,0,0,0,0,1,2,1,2,2,0,0,0,0,0,0,0,0,0,0,0,0,1,0,0,0,0,0,0,0,1,0,0,1,0,0,0,0,1,1,0,0,0,0,0,0,0,0,0,0,0,6,6,0,0,0,0,0,0,6,0,0,2,3,0,0,0,2,1,0,0,1,3,0,0,0,0,0,0,0,0,1,6,0,0,0,1,0,0,0,0,0,6,0,0,0,0
"InChI=1S/C11H14ClNO/c12-10-3-1-9(2-4-10)5-6-13-11-7-14-8-11/h1-4,11,13H,5-8H2",1,1,5,0,0,0,0,0,0,0,0,0,0,0,0,0,0,0,0,0,1,1,0,0,0,0,0,0,0,0,0,0,0,9,0,0,0,1,0,0,0,9,0,0,0,0,0,0,0,0,0,0,2,0,0,0,2,0,4,9,18,18,9,0,1,1,6,0,0,2,1,0,0,0,0,0,0,0,0,0,0,0,0,2,0,0,3,9,1,0,1,0,0,0,0,0,0,0,0,0,0,0,0,0,0,0,0,6,0,0,1,6,6,0,0,0,0,1,0,14,3,1,0,0,0,0,0,0,1,0,0,1,1,2,0,0,0,0,0,0,0,0,10,0,1,0,1,0,0,0,0,0,14,0,0,0,0
"InChI=1S/C11H14ClNO/c1-13(2)9-4-3-5-10(11(9)12)14-8-6-7-8/h3-5,8H,6-7H2,1-2H3",1,1,5,0,0,0,0,0,0,0,0,0,0,0,0,0,0,0,0,0,1,0,0,0,0,0,0,0,0,0,0,0,0,0,0,2,0,0,0,0,0,0,0,0,0,0,0,0,0,0,0,0,3,0,1,0,2,0,0,8,0,0,8,0,0,1,7,0,2,2,1,0,0,0,0,0,0,0,0,0,0,0,0,0,0,0,0,0,0,0,1,0,2,1,0,0,0,2,0,0,0,0,1,0,0,0,0,0,5,4,0,6,6,0,0,0,0,0,0,2,0,1,2,0,0,0,1,2,1,0,0,1,1,2,0,0,0,0,0,0,0,0,9,1,0,0,1,0,0,0,0,0,18,0,0,0,0
"InChI=1S/C11H14ClNO/c12-9-5-1-2-6-10(9)13-11(14)7-3-4-8-11/h1-2,5-6,13-14H,3-4,7-8H2",1,1,5,0,0,0,0,0,0,0,0,0,0,0,0,0,0,0,0,0,1,0,0,0,0,0,0,0,0,0,0,0,0,0,0,0,0,2,0,0,0,12,0,0,0,0,0,0,0,0,0,0,2,0,0,0,1,12,10,27,20,12,27,0,0,1,4,0,2,4,1,0,0,0,0,0,0,0,0,0,0,0,1,0,0,0,0,6,1,0,1,0,0,1,0,0,0,1,1,2,0,0,0,0,0,0,0,0,6,2,0,6,6,0,0,0,1,0,0,4,0,0,0,0,0,0,0,0,1,0,0,1,1,2,0,0,0,0,0,0,0,1,11,0,0,1,1,0,0,0,0,0,26,0,0,0,0
"InChI=1S/C11H14ClNO/c1-2-14-11(13)8-7-9-5-3-4-6-10(9)12/h3-6,13H,2,7-8H2,1H3",1,1,4,0,0,0,0,0,0,0,0,0,0,0,0,0,0,0,0,0,0,0,0,0,0,0,0,0,0,0,0,0,0,3,0,0,0,1,0,0,0,3,0,0,0,0,0,0,0,0,0,1,0,0,0,0,2,6,0,9,9,9,9,0,0,1,1,1,0,0,0,0,0,0,0,0,0,0,0,0,0,0,1,0,0,0,0,3,1,0,1,0,0,1,0,0,0,0,1,1,0,0,0,0,0,0,0,3,3,0,0,6,6,0,0,0,0,0,0,18,0,0,1,3,0,3,0,1,1,0,0,1,1,2,0,0,0,0,0,0,0,0,6,0,0,0,1,0,0,0,0,0,6,0,0,0,0
"InChI=1S/C11H14ClNO/c1-8(2)13-11(14)10(12)9-6-4-3-5-7-9/h3-8,10H,1-2H3,(H,13,14)",1,1,4,0,0,0,0,0,0,0,0,0,0,0,0,0,0,0,0,0,0,0,0,0,0,0,0,0,0,0,0,0,0,0,0,0,0,1,0,0,0,0,0,0,0,0,0,0,0,0,0,1,1,0,0,0,1,0,0,0,0,0,0,0,0,1,4,1,0,0,0,0,0,0,0,0,0,0,0,0,0,0,1,0,0,0,0,0,0,0,1,0,0,1,0,0,0,0,1,1,0,0,0,0,0,0,0,0,0,0,0,6,6,0,0,0,0,0,0,0,0,0,2,0,0,0,1,2,1,0,0,1,3,0,0,0,0,0,0,0,0,1,6,0,0,0,1,0,0,0,0,0,6,0,0,0,0
"InChI=1S/C11H14ClNO/c1-2-13(8-7-12)11-5-3-10(9-14)4-6-11/h3-6,9H,2,7-8H2,1H3",1,1,4,0,0,0,0,0,0,0,0,0,0,0,0,0,0,0,0,0,1,0,0,0,0,0,0,0,0,0,0,0,0,9,0,0,0,0,0,0,0,0,0,0,0,0,0,0,0,0,0,0,3,0,1,1,0,0,0,9,9,0,9,3,0,1,7,0,2,2,1,0,0,0,0,0,0,0,0,0,0,0,0,0,0,0,6,3,0,0,1,1,0,0,0,0,0,0,0,0,0,0,0,0,0,0,0,0,0,0,0,6,6,0,0,0,0,0,0,18,0,1,1,3,0,3,0,1,1,0,0,1,3,0,0,0,0,0,0,0,0,0,6,0,0,0,1,0,0,0,0,0,6,0,0,0,0
"InChI=1S/C11H14ClNO/c12-11-6-2-1-5-10(11)9-14-8-4-3-7-13/h1-6H,7-9,13H2",1,1,3,0,0,0,0,0,0,0,0,0,0,0,0,0,0,0,0,0,1,0,0,0,0,0,0,0,0,0,0,0,0,9,0,0,0,1,0,0,0,0,0,1,2,0,0,0,0,0,0,0,1,0,0,0,2,0,3,0,9,0,0,0,0,1,3,0,0,0,1,0,0,0,0,0,0,0,0,0,0,0,0,0,0,0,3,0,1,0,1,0,0,1,0,0,0,0,0,0,0,0,0,0,0,0,0,6,0,0,0,6,6,0,0,0,0,0,0,18,3,1,0,0,0,0,0,0,1,0,0,1,1,2,0,0,0,0,0,0,1,0,6,0,0,0,1,0,0,0,0,0,6,0,0,0,0
"InChI=1S/C11H14ClNO/c12-11-5-3-10(4-6-11)9-14-8-2-1-7-13/h1-6H,7-9,13H2",1,1,3,0,0,0,0,0,0,0,0,0,0,0,0,0,0,0,0,0,1,0,0,0,0,0,0,0,0,0,0,0,0,9,0,0,0,1,0,0,0,0,0,1,2,0,0,0,0,0,0,0,1,0,0,0,2,0,3,0,9,0,0,0,0,1,3,0,0,0,1,0,0,0,0,0,0,0,0,0,0,0,0,0,0,0,3,0,1,0,1,0,0,1,0,0,0,0,0,0,0,0,0,0,0,0,0,6,0,0,0,6,6,0,0,0,0,0,0,18,3,1,0,0,0,0,0,0,1,0,0,1,1,2,0,0,0,0,0,0,1,0,6,0,0,0,1,0,0,0,0,0,6,0,0,0,0
"InChI=1S/C11H14ClNO/c1-8-7-14-11(6-13-8)9-2-4-10(12)5-3-9/h2-5,8,11,13H,6-7H2,1H3",1,1,5,0,0,0,0,0,0,0,0,0,0,0,0,0,0,0,0,0,1,0,0,0,0,0,0,0,0,0,0,0,0,6,0,0,0,1,0,0,0,3,0,0,0,0,0,0,0,0,0,0,2,0,0,0,2,0,3,0,17,0,0,3,2,1,6,0,0,0,1,2,0,0,0,0,0,0,0,0,0,0,0,2,0,0,3,3,1,1,1,0,0,0,0,0,0,1,0,0,0,0,0,0,0,0,0,3,3,0,1,6,6,0,0,0,0,2,0,2,3,0,1,0,3,0,0,1,1,0,0,1,1,2,0,0,0,0,0,0,0,0,12,0,0,0,2,0,0,0,1,1,18,0,0,0,0
"InChI=1S/C11H14ClNO/c12-8-4-6-9(7-5-8)13-10-2-1-3-11(10)14/h4-7,10-11,13-14H,1-3H2",1,1,5,0,0,0,0,0,0,0,0,0,0,0,0,0,0,0,0,0,1,0,0,0,0,0,0,0,0,0,0,0,0,0,0,0,0,2,0,1,0,6,0,0,0,0,0,0,0,0,0,0,2,0,0,0,1,12,10,18,8,8,18,0,0,1,4,0,2,4,1,0,0,0,0,0,0,0,0,0,0,0,0,1,0,0,0,3,1,0,1,0,0,1,0,0,0,1,0,0,0,0,0,0,0,0,0,0,3,2,0,6,6,0,0,0,0,0,0,3,0,0,0,0,0,0,0,0,1,0,0,1,1,2,0,0,0,0,0,0,0,1,11,0,0,1,1,0,0,0,0,0,26,0,0,0,0
"InChI=1S/C11H14ClNO/c12-11-9(5-4-6-10(11)14)13-7-2-1-3-8-13/h4-6,14H,1-3,7-8H2",1,1,5,0,0,0,0,0,0,0,0,0,0,0,0,0,0,0,0,0,1,0,0,0,0,0,0,0,0,0,0,0,0,6,0,0,0,1,0,0,0,0,0,0,0,0,0,0,0,0,0,0,3,0,1,0,1,0,0,36,33,26,36,0,1,1,7,0,2,2,1,2,0,0,0,0,0,0,0,0,0,0,0,0,0,0,6,6,0,1,1,0,2,1,0,0,0,1,0,0,0,0,1,0,0,0,0,0,0,2,0,6,6,0,0,0,0,1,0,5,0,1,0,0,0,0,0,0,1,0,0,1,1,2,0,0,0,0,0,0,0,1,12,0,0,0,2,0,0,0,1,1,26,0,0,0,0
"InChI=1S/C11H14ClNO/c1-11(14)7-13(8-11)6-9-2-4-10(12)5-3-9/h2-5,14H,6-8H2,1H3",1,1,5,0,0,0,0,0,0,0,0,0,0,0,0,0,0,0,0,0,1,1,0,0,0,0,0,0,0,0,0,0,0,9,0,0,0,1,0,0,0,6,0,0,0,0,0,0,1,0,0,0,3,0,1,0,1,0,10,0,0,12,0,0,1,1,9,0,0,0,1,2,0,0,0,0,0,0,0,0,0,0,0,2,0,0,9,0,0,1,1,0,0,1,0,0,0,3,0,0,0,0,0,0,0,0,0,0,6,2,0,6,6,0,0,0,0,1,0,8,0,3,1,0,6,10,0,1,1,0,0,1,1,2,0,0,0,0,0,0,0,1,10,0,1,0,1,0,0,0,0,0,18,0,0,0,0
"InChI=1S/C11H14ClNO/c1-3-7-5-6-9(12)8(4-2)10(7)11(13)14/h5-6H,3-4H2,1-2H3,(H2,13,14)",1,1,4,0,0,0,0,0,0,0,0,0,0,0,0,0,0,0,0,0,0,0,0,0,0,0,0,0,0,0,0,0,0,0,0,0,0,2,0,0,0,0,0,0,0,0,0,0,0,0,0,1,0,0,0,0,1,0,12,0,0,9,0,0,0,1,1,1,0,0,0,0,0,0,0,0,0,0,0,0,0,0,1,0,0,0,0,0,1,0,1,0,0,1,0,0,0,0,1,1,0,0,0,0,0,0,0,0,0,0,0,6,6,0,0,0,1,0,0,12,0,0,2,6,0,0,0,2,1,0,0,1,1,2,0,0,0,0,0,0,0,1,6,0,0,0,1,0,0,0,0,0,6,0,0,0,0
"InChI=1S/C11H14ClNO/c1-13(2)7-6-11(14)9-4-3-5-10(12)8-9/h3-5,8H,6-7H2,1-2H3",1,1,4,0,0,0,0,0,0,0,0,0,0,0,0,0,0,0,0,0,1,0,0,0,0,0,0,0,0,0,0,0,0,3,0,2,0,0,0,0,0,0,0,0,0,0,0,0,0,0,0,0,3,0,1,1,0,0,0,9,0,0,9,6,0,1,9,0,0,0,1,0,0,0,0,0,0,0,0,0,0,0,0,0,0,0,3,3,0,0,1,1,0,0,0,0,0,1,0,0,0,0,1,0,0,0,0,0,3,0,0,6,6,0,0,0,0,0,0,12,0,3,2,0,6,0,1,2,1,0,0,1,1,2,0,0,0,0,0,0,0,0,6,0,0,0,1,0,0,0,0,0,6,0,0,0,0
"InChI=1S/C11H14ClNO/c1-7(2)10(11(13)14)8-3-5-9(12)6-4-8/h3-7,10H,1-2H3,(H2,13,14)",1,1,4,0,0,0,0,0,0,0,0,0,0,0,0,0,0,0,0,0,0,0,0,0,0,0,0,0,0,0,0,0,0,0,0,0,0,2,0,0,0,0,0,0,0,0,0,0,2,0,0,1,0,0,0,0,1,0,0,0,0,0,0,0,0,1,1,1,0,0,0,0,0,0,0,0,0,0,0,0,0,0,1,0,0,0,0,0,1,0,1,0,0,1,0,0,0,0,1,1,0,0,0,0,0,0,0,0,0,0,0,6,6,0,0,0,1,0,0,0,0,0,2,0,0,0,1,2,1,0,0,1,1,2,0,0,0,0,0,0,0,1,6,0,0,0,1,0,0,0,0,0,6,0,0,0,0
"InChI=1S/C11H14ClNO/c1-9-4-3-5-10(8-9)13(2)11(14)6-7-12/h3-5,8H,6-7H2,1-2H3",1,1,4,0,0,0,0,0,0,0,0,0,0,0,0,0,0,0,0,0,1,0,0,0,0,0,0,0,0,0,0,0,0,3,0,1,0,0,0,0,0,0,0,0,0,0,0,0,0,0,0,0,3,0,1,1,0,0,0,9,0,0,9,3,0,1,5,0,2,2,1,0,0,0,0,0,0,0,0,0,0,0,1,0,0,0,0,3,0,0,1,1,0,0,0,0,0,0,1,1,0,0,0,0,0,0,0,0,3,0,0,6,6,0,0,0,0,0,0,12,0,0,2,0,0,3,0,2,1,0,0,1,3,0,0,0,0,0,0,0,0,0,6,0,0,0,1,0,0,0,0,0,6,0,0,0,0
"InChI=1S/C11H14ClNO/c1-11(14)7-13(8-11)6-9-4-2-3-5-10(9)12/h2-5,14H,6-8H2,1H3",1,1,5,0,0,0,0,0,0,0,0,0,0,0,0,0,0,0,0,0,1,1,0,0,0,0,0,0,0,0,0,0,0,9,0,0,0,1,0,0,0,6,0,0,0,0,0,0,1,0,0,0,3,0,1,0,1,0,10,0,0,12,0,0,1,1,9,0,0,0,1,2,0,0,0,0,0,0,0,0,0,0,0,2,0,0,9,0,0,1,1,0,0,1,0,0,0,3,0,0,0,0,0,0,0,0,0,0,6,2,0,6,6,0,0,0,0,1,0,8,0,3,1,0,6,10,0,1,1,0,0,1,1,2,0,0,0,0,0,0,0,1,10,0,1,0,1,0,0,0,0,0,18,0,0,0,0
"InChI=1S/C11H14ClNO/c12-8-3-1-4-9(7-8)13-10-5-2-6-11(10)14/h1,3-4,7,10-11,13-14H,2,5-6H2",1,1,5,0,0,0,0,0,0,0,0,0,0,0,0,0,0,0,0,0,1,0,0,0,0,0,0,0,0,0,0,0,0,0,0,0,0,2,0,1,0,6,0,0,0,0,0,0,0,0,0,0,2,0,0,0,1,12,10,18,8,8,18,0,0,1,4,0,2,4,1,0,0,0,0,0,0,0,0,0,0,0,0,1,0,0,0,3,1,0,1,0,0,1,0,0,0,1,0,0,0,0,0,0,0,0,0,0,3,2,0,6,6,0,0,0,0,0,0,3,0,0,0,0,0,0,0,0,1,0,0,1,1,2,0,0,0,0,0,0,0,1,11,0,0,1,1,0,0,0,0,0,26,0,0,0,0
"InChI=1S/C11H14ClNO/c1-7(2)5-8-3-4-9(11(13)14)10(12)6-8/h3-4,6-7H,5H2,1-2H3,(H2,13,14)",1,1,4,0,0,0,0,0,0,0,0,0,0,0,0,0,0,0,0,0,0,0,0,0,0,0,0,0,0,0,0,0,0,0,0,0,0,2,0,0,0,0,0,0,0,0,0,0,1,0,0,1,0,0,0,0,1,0,0,0,0,0,0,0,0,1,1,1,0,0,0,0,0,0,0,0,0,0,0,0,0,0,1,0,0,0,0,0,1,0,1,0,0,1,0,0,0,0,1,1,0,0,0,0,0,0,0,0,0,0,0,6,6,0,0,0,1,0,0,6,0,0,2,0,6,0,1,2,1,0,0,1,1,2,0,0,0,0,0,0,0,1,6,0,0,0,1,0,0,0,0,0,6,0,0,0,0
"InChI=1S/C11H14ClNO/c1-11(2,3)13-10(14)8-5-4-6-9(12)7-8/h4-7H,1-3H3,(H,13,14)",1,1,4,0,0,0,0,0,0,0,0,0,0,0,0,0,0,0,0,0,0,0,0,0,0,0,0,0,0,0,0,0,0,0,0,0,0,1,0,0,0,0,0,0,0,0,0,0,1,0,0,1,1,0,0,0,1,0,0,0,0,0,0,0,0,1,4,1,0,0,0,0,0,0,0,0,0,0,0,0,0,0,1,0,0,0,0,0,0,0,1,0,0,1,0,0,0,0,1,1,0,0,0,0,0,0,0,0,0,0,0,6,6,0,0,0,0,0,0,0,0,0,3,0,0,0,3,3,1,0,0,1,1,2,0,0,0,0,0,0,0,1,6,0,0,0,1,0,0,0,0,0,6,0,0,0,0
"InChI=1S/C11H14ClNO/c1-3-9(12)11(14)13-10-7-5-4-6-8(10)2/h4-7,9H,3H2,1-2H3,(H,13,14)",1,1,4,0,0,0,0,0,0,0,0,0,0,0,0,0,0,0,0,0,0,0,0,0,0,0,0,0,0,0,0,0,0,0,0,0,0,1,0,0,0,0,0,0,0,0,0,0,0,0,0,1,1,0,0,0,1,3,0,0,0,0,0,0,0,1,2,1,2,2,0,0,0,0,0,0,0,0,0,0,0,0,1,0,0,0,0,0,0,0,1,0,0,1,0,0,0,0,1,1,0,0,0,0,0,0,0,0,0,0,0,6,6,0,0,0,0,0,0,6,0,0,2,3,0,0,0,2,1,0,0,1,3,0,0,0,0,0,0,0,0,1,6,0,0,0,1,0,0,0,0,0,6,0,0,0,0
"InChI=1S/C11H14ClNO/c1-2-8(7-11(13)14)9-3-5-10(12)6-4-9/h3-6,8H,2,7H2,1H3,(H2,13,14)",1,1,4,0,0,0,0,0,0,0,0,0,0,0,0,0,0,0,0,0,0,0,0,0,0,0,0,0,0,0,0,0,0,0,0,0,0,2,0,0,0,6,0,0,0,0,0,0,1,0,0,1,0,0,0,0,1,0,6,0,0,0,0,3,0,1,1,1,0,0,0,0,0,0,0,0,0,0,0,0,0,0,1,0,0,0,0,3,1,0,1,0,0,1,0,0,0,0,1,1,0,0,0,0,0,0,0,0,3,0,0,6,6,0,0,0,1,0,0,12,0,0,1,3,0,0,0,1,1,0,0,1,1,2,0,0,0,0,0,0,0,1,6,0,0,0,1,0,0,0,0,0,6,0,0,0,0
"InChI=1S/C11H14ClNO/c1-3-9-5-4-6-10(7-9)13-11(14)8(2)12/h4-8H,3H2,1-2H3,(H,13,14)",1,1,4,0,0,0,0,0,0,0,0,0,0,0,0,0,0,0,0,0,0,0,0,0,0,0,0,0,0,0,0,0,0,0,0,0,0,1,0,0,0,0,0,0,0,0,0,0,0,0,0,1,1,0,0,0,1,0,0,0,0,0,0,0,0,1,2,1,2,2,0,0,0,0,0,0,0,0,0,0,0,0,1,0,0,0,0,0,0,0,1,0,0,1,0,0,0,0,1,1,0,0,0,0,0,0,0,0,0,0,0,6,6,0,0,0,0,0,0,6,0,0,2,3,0,0,0,2,1,0,0,1,3,0,0,0,0,0,0,0,0,1,6,0,0,0,1,0,0,0,0,0,6,0,0,0,0
"InChI=1S/C11H14ClNO/c1-8-7-14-11(6-13-8)9-3-2-4-10(12)5-9/h2-5,8,11,13H,6-7H2,1H3",1,1,5,0,0,0,0,0,0,0,0,0,0,0,0,0,0,0,0,0,1,0,0,0,0,0,0,0,0,0,0,0,0,6,0,0,0,1,0,0,0,3,0,0,0,0,0,0,0,0,0,0,2,0,0,0,2,0,3,0,17,0,0,3,2,1,6,0,0,0,1,2,0,0,0,0,0,0,0,0,0,0,0,2,0,0,3,3,1,1,1,0,0,0,0,0,0,1,0,0,0,0,0,0,0,0,0,3,3,0,1,6,6,0,0,0,0,2,0,2,3,0,1,0,3,0,0,1,1,0,0,1,1,2,0,0,0,0,0,0,0,0,12,0,0,0,2,0,0,0,1,1,18,0,0,0,0
"InChI=1S/C11H14ClNO/c1-2-14-11(13)7-6-9-4-3-5-10(12)8-9/h3-5,8,13H,2,6-7H2,1H3",1,1,4,0,0,0,0,0,0,0,0,0,0,0,0,0,0,0,0,0,0,0,0,0,0,0,0,0,0,0,0,0,0,3,0,0,0,1,0,0,0,3,0,0,0,0,0,0,0,0,0,1,0,0,0,0,2,6,0,9,9,9,9,0,0,1,1,1,0,0,0,0,0,0,0,0,0,0,0,0,0,0,1,0,0,0,0,3,1,0,1,0,0,1,0,0,0,0,1,1,0,0,0,0,0,0,0,3,3,0,0,6,6,0,0,0,0,0,0,18,0,0,1,3,0,3,0,1,1,0,0,1,1,2,0,0,0,0,0,0,0,0,6,0,0,0,1,0,0,0,0,0,6,0,0,0,0
"InChI=1S/C11H14ClNO/c12-9-3-5-10(6-4-9)13-11(7-14)8-1-2-8/h3-6,8,11,13-14H,1-2,7H2",1,1,5,0,0,0,0,0,0,0,0,0,0,0,0,0,0,0,0,0,1,0,0,0,0,0,0,0,0,0,0,0,0,3,0,0,0,2,0,1,0,3,0,0,0,0,0,0,1,0,0,0,2,0,0,0,1,5,9,8,15,12,8,0,0,1,4,0,2,2,1,0,0,0,0,0,0,0,0,0,0,0,0,1,0,0,0,3,1,0,1,0,0,1,0,0,0,0,0,0,0,0,0,0,0,0,0,3,0,0,0,6,6,0,0,0,0,0,0,8,3,0,0,0,0,0,0,0,1,0,0,1,1,2,0,0,0,0,0,0,0,1,9,1,0,0,1,0,0,0,0,0,18,0,0,0,0
"InChI=1S/C11H14ClNO/c1-11(14)7-13(8-11)6-9-3-2-4-10(12)5-9/h2-5,14H,6-8H2,1H3",1,1,5,0,0,0,0,0,0,0,0,0,0,0,0,0,0,0,0,0,1,1,0,0,0,0,0,0,0,0,0,0,0,9,0,0,0,1,0,0,0,6,0,0,0,0,0,0,1,0,0,0,3,0,1,0,1,0,10,0,0,12,0,0,1,1,9,0,0,0,1,2,0,0,0,0,0,0,0,0,0,0,0,2,0,0,9,0,0,1,1,0,0,1,0,0,0,3,0,0,0,0,0,0,0,0,0,0,6,2,0,6,6,0,0,0,0,1,0,8,0,3,1,0,6,10,0,1,1,0,0,1,1,2,0,0,0,0,0,0,0,1,10,0,1,0,1,0,0,0,0,0,18,0,0,0,0
"InChI=1S/C11H14ClNO/c1-8-11(14-7-6-13-8)9-2-4-10(12)5-3-9/h2-5,8,11,13H,6-7H2,1H3",1,1,5,0,0,0,0,0,0,0,0,0,0,0,0,0,0,0,0,0,1,0,0,0,0,0,0,0,0,0,0,0,0,6,0,0,0,1,0,0,0,3,0,0,0,0,0,0,0,0,0,0,2,0,0,0,2,0,3,9,0,0,9,3,2,1,6,0,0,0,1,2,0,0,0,0,0,0,0,0,0,0,0,2,0,0,3,3,1,1,1,0,0,0,0,0,0,1,0,0,0,0,0,0,0,0,0,3,3,0,1,6,6,0,0,0,0,2,0,2,3,0,1,0,0,6,0,1,1,0,0,1,1,2,0,0,0,0,0,0,0,0,12,0,0,0,2,0,0,0,1,1,18,0,0,0,0
"InChI=1S/C11H14ClNO/c1-13(2)8-7-11(14)9-5-3-4-6-10(9)12/h3-6H,7-8H2,1-2H3",1,1,4,0,0,0,0,0,0,0,0,0,0,0,0,0,0,0,0,0,1,0,0,0,0,0,0,0,0,0,0,0,0,3,0,2,0,0,0,0,0,0,0,0,0,0,0,0,0,0,0,0,3,0,1,1,0,0,0,9,0,0,9,6,0,1,9,0,0,0,1,0,0,0,0,0,0,0,0,0,0,0,0,0,0,0,3,3,0,0,1,1,0,0,0,0,0,1,0,0,0,0,1,0,0,0,0,0,3,0,0,6,6,0,0,0,0,0,0,12,0,3,2,0,6,0,1,2,1,0,0,1,1,2,0,0,0,0,0,0,0,0,6,0,0,0,1,0,0,0,0,0,6,0,0,0,0
"InChI=1S/C11H14ClNO/c1-8-7-14-11(6-13-8)9-4-2-3-5-10(9)12/h2-5,8,11,13H,6-7H2,1H3",1,1,5,0,0,0,0,0,0,0,0,0,0,0,0,0,0,0,0,0,1,0,0,0,0,0,0,0,0,0,0,0,0,6,0,0,0,1,0,0,0,3,0,0,0,0,0,0,0,0,0,0,2,0,0,0,2,0,3,0,17,0,0,3,2,1,6,0,0,0,1,2,0,0,0,0,0,0,0,0,0,0,0,2,0,0,3,3,1,1,1,0,0,0,0,0,0,1,0,0,0,0,0,0,0,0,0,3,3,0,1,6,6,0,0,0,0,2,0,2,3,0,1,0,3,0,0,1,1,0,0,1,1,2,0,0,0,0,0,0,0,0,12,0,0,0,2,0,0,0,1,1,18,0,0,0,0
"InChI=1S/C11H14ClNO/c12-11-5-3-4-10(8-11)9-14-7-2-1-6-13/h1-5,8H,6-7,9,13H2",1,1,3,0,0,0,0,0,0,0,0,0,0,0,0,0,0,0,0,0,1,0,0,0,0,0,0,0,0,0,0,0,0,9,0,0,0,1,0,0,0,0,0,1,2,0,0,0,0,0,0,0,1,0,0,0,2,0,3,0,9,0,0,0,0,1,3,0,0,0,1,0,0,0,0,0,0,0,0,0,0,0,0,0,0,0,3,0,1,0,1,0,0,1,0,0,0,0,0,0,0,0,0,0,0,0,0,6,0,0,0,6,6,0,0,0,0,0,0,18,3,1,0,0,0,0,0,0,1,0,0,1,1,2,0,0,0,0,0,0,1,0,6,0,0,0,1,0,0,0,0,0,6,0,0,0,0
"InChI=1S/C11H14ClNO/c12-9-3-1-2-4-10(9)13-11(7-14)8-5-6-8/h1-4,8,11,13-14H,5-7H2",1,1,5,0,0,0,0,0,0,0,0,0,0,0,0,0,0,0,0,0,1,0,0,0,0,0,0,0,0,0,0,0,0,3,0,0,0,2,0,1,0,3,0,0,0,0,0,0,1,0,0,0,2,0,0,0,1,5,9,8,15,12,8,0,0,1,4,0,2,2,1,0,0,0,0,0,0,0,0,0,0,0,0,1,0,0,0,3,1,0,1,0,0,1,0,0,0,0,0,0,0,0,0,0,0,0,0,3,0,0,0,6,6,0,0,0,0,0,0,8,3,0,0,0,0,0,0,0,1,0,0,1,1,2,0,0,0,0,0,0,0,1,9,1,0,0,1,0,0,0,0,0,18,0,0,0,0
"InChI=1S/C11H14ClNO/c1-13(2)9-5-8(12)6-11(7-9)14-10-3-4-10/h5-7,10H,3-4H2,1-2H3",1,1,5,0,0,0,0,0,0,0,0,0,0,0,0,0,0,0,0,0,1,0,0,0,0,0,0,0,0,0,0,0,0,0,0,2,0,0,0,0,0,0,0,0,0,0,0,0,0,0,0,0,3,0,1,0,2,0,0,8,0,0,8,0,0,1,7,0,2,2,1,0,0,0,0,0,0,0,0,0,0,0,0,0,0,0,0,0,0,0,1,0,2,1,0,0,0,2,0,0,0,0,1,0,0,0,0,0,5,4,0,6,6,0,0,0,0,0,0,2,0,1,2,0,0,0,1,2,1,0,0,1,1,2,0,0,0,0,0,0,0,0,9,1,0,0,1,0,0,0,0,0,18,0,0,0,0
"InChI=1S/C11H14ClNO/c1-2-10-7-14-11(13-10)8-3-5-9(12)6-4-8/h3-6,10-11,13H,2,7H2,1H3",1,1,5,0,0,0,0,0,0,0,0,0,0,0,0,0,0,0,0,0,1,0,1,0,0,0,0,0,0,0,0,0,0,3,0,0,0,1,0,0,0,6,0,0,0,0,0,0,0,0,0,0,2,0,0,0,2,3,0,0,0,0,0,3,2,1,6,0,0,0,1,2,0,0,0,0,0,0,0,0,0,0,1,1,0,0,0,6,1,1,1,0,0,0,0,0,0,0,1,1,0,0,0,0,0,0,0,3,0,0,1,6,6,0,0,0,0,2,0,7,0,0,1,3,0,0,0,1,1,0,0,1,1,2,0,0,0,0,0,0,0,0,11,0,0,1,1,0,0,0,0,1,14,0,0,0,0
"InChI=1S/C11H14ClNO/c1-7-10(12)3-2-9-4-8(6-14)5-13-11(7)9/h2-3,8,13-14H,4-6H2,1H3",1,1,5,0,0,0,0,0,0,0,0,0,0,0,0,0,0,0,0,0,1,0,0,0,0,0,0,0,0,0,0,0,0,6,0,0,0,2,0,0,1,0,0,0,0,0,0,0,1,0,0,0,2,0,0,0,1,14,0,0,0,8,0,0,1,1,4,0,2,0,1,2,0,0,0,0,0,0,0,0,0,0,0,0,0,0,3,0,1,1,1,0,0,1,0,0,0,0,0,0,0,0,1,0,0,0,0,3,0,0,0,6,6,0,0,0,0,1,0,8,6,0,1,0,0,6,0,1,1,0,0,1,1,2,0,0,0,0,0,0,0,1,10,0,0,0,2,0,0,0,1,0,13,2,0,0,0
"InChI=1S/C11H14ClNO/c12-8-4-1-2-5-9(8)13-10-6-3-7-11(10)14/h1-2,4-5,10-11,13-14H,3,6-7H2",1,1,5,0,0,0,0,0,0,0,0,0,0,0,0,0,0,0,0,0,1,0,0,0,0,0,0,0,0,0,0,0,0,0,0,0,0,2,0,1,0,6,0,0,0,0,0,0,0,0,0,0,2,0,0,0,1,12,10,18,8,8,18,0,0,1,4,0,2,4,1,0,0,0,0,0,0,0,0,0,0,0,0,1,0,0,0,3,1,0,1,0,0,1,0,0,0,1,0,0,0,0,0,0,0,0,0,0,3,2,0,6,6,0,0,0,0,0,0,3,0,0,0,0,0,0,0,0,1,0,0,1,1,2,0,0,0,0,0,0,0,1,11,0,0,1,1,0,0,0,0,0,26,0,0,0,0
"InChI=1S/C11H14ClNO/c1-8-3-4-9(7-10(8)12)5-6-11(14)13-2/h3-4,7H,5-6H2,1-2H3,(H,13,14)",1,1,4,0,0,0,0,0,0,0,0,0,0,0,0,0,0,0,0,0,0,0,0,0,0,0,0,0,0,0,0,0,0,0,0,1,0,1,0,0,0,3,0,0,0,0,0,0,0,0,0,1,1,0,0,0,1,3,0,9,0,0,9,3,0,1,4,1,0,0,0,0,0,0,0,0,0,0,0,0,0,0,1,0,0,0,0,3,0,0,1,0,0,1,0,0,0,0,1,1,0,0,0,0,0,0,0,0,3,0,0,6,6,0,0,0,0,0,0,12,0,0,2,0,0,3,0,2,1,0,0,1,1,2,0,0,0,0,0,0,0,1,6,0,0,0,1,0,0,0,0,0,6,0,0,0,0
"InChI=1S/C11H14ClNO/c12-9-2-1-3-10(6-9)13-11(7-14)8-4-5-8/h1-3,6,8,11,13-14H,4-5,7H2",1,1,5,0,0,0,0,0,0,0,0,0,0,0,0,0,0,0,0,0,1,0,0,0,0,0,0,0,0,0,0,0,0,3,0,0,0,2,0,1,0,3,0,0,0,0,0,0,1,0,0,0,2,0,0,0,1,5,9,8,15,12,8,0,0,1,4,0,2,2,1,0,0,0,0,0,0,0,0,0,0,0,0,1,0,0,0,3,1,0,1,0,0,1,0,0,0,0,0,0,0,0,0,0,0,0,0,3,0,0,0,6,6,0,0,0,0,0,0,8,3,0,0,0,0,0,0,0,1,0,0,1,1,2,0,0,0,0,0,0,0,1,9,1,0,0,1,0,0,0,0,0,18,0,0,0,0
"InChI=1S/C11H14ClNO/c1-9(8-12)11(14)13(2)10-6-4-3-5-7-10/h3-7,9H,8H2,1-2H3",1,1,4,0,0,0,0,0,0,0,0,0,0,0,0,0,0,0,0,0,1,0,0,0,0,0,0,0,0,0,0,0,0,3,0,1,0,0,0,0,0,0,0,0,0,0,0,0,1,0,0,0,3,0,1,1,0,0,0,0,0,0,0,0,0,1,5,0,2,2,1,0,0,0,0,0,0,0,0,0,0,0,1,0,0,0,0,0,0,0,1,1,0,0,0,0,0,0,1,1,0,0,0,0,0,0,0,0,0,0,0,6,6,0,0,0,0,0,0,6,0,0,2,0,3,3,0,2,1,0,0,1,3,0,0,0,0,0,0,0,0,0,6,0,0,0,1,0,0,0,0,0,6,0,0,0,0
"InChI=1S/C11H14ClNO/c1-8-6-7-14-11(13-8)9-2-4-10(12)5-3-9/h2-5,8,11,13H,6-7H2,1H3",1,1,5,0,0,0,0,0,0,0,0,0,0,0,0,0,0,0,0,0,1,0,0,0,0,0,0,0,0,0,0,0,0,3,0,0,0,1,0,0,0,3,0,0,0,0,0,0,0,0,0,0,2,0,0,0,2,6,3,9,0,0,9,3,2,1,6,0,0,0,1,2,0,0,0,0,0,0,0,0,0,0,1,0,0,0,0,3,1,1,1,0,0,0,0,0,0,0,1,1,0,0,1,0,0,0,0,3,3,0,1,6,6,0,0,0,0,2,0,2,0,0,1,0,3,0,0,1,1,0,0,1,1,2,0,0,0,0,0,0,0,0,12,0,0,0,2,0,0,0,1,1,18,0,0,0,0
"InChI=1S/C11H14ClNO/c1-8-4-6-9(7-5-8)13-10(14)11(2,3)12/h4-7H,1-3H3,(H,13,14)",1,1,4,0,0,0,0,0,0,0,0,0,0,0,0,0,0,0,0,0,1,0,0,0,0,0,0,0,0,0,0,0,0,0,0,0,0,1,0,0,0,0,0,0,0,0,0,0,1,0,0,0,2,0,0,1,0,0,0,0,0,0,0,0,0,1,2,0,2,2,1,0,0,0,0,0,0,0,0,0,0,0,1,0,0,0,0,0,1,0,1,1,0,0,0,0,0,0,1,1,0,0,0,0,0,0,0,0,0,0,0,6,6,0,0,0,0,0,0,0,0,0,3,0,0,0,1,3,1,0,0,1,3,0,0,0,0,0,0,0,0,0,6,0,0,0,1,0,0,0,0,0,6,0,0,0,0
"InChI=1S/C11H14ClNO/c1-8-11(14-6-5-13-8)9-3-2-4-10(12)7-9/h2-4,7-8,11,13H,5-6H2,1H3",1,1,5,0,0,0,0,0,0,0,0,0,0,0,0,0,0,0,0,0,1,0,0,0,0,0,0,0,0,0,0,0,0,6,0,0,0,1,0,0,0,3,0,0,0,0,0,0,0,0,0,0,2,0,0,0,2,0,3,9,0,0,9,3,2,1,6,0,0,0,1,2,0,0,0,0,0,0,0,0,0,0,0,2,0,0,3,3,1,1,1,0,0,0,0,0,0,1,0,0,0,0,0,0,0,0,0,3,3,0,1,6,6,0,0,0,0,2,0,2,3,0,1,0,0,6,0,1,1,0,0,1,1,2,0,0,0,0,0,0,0,0,12,0,0,0,2,0,0,0,1,1,18,0,0,0,0
"InChI=1S/C11H14ClNO/c12-11-3-1-9(2-4-11)7-14-8-10-5-13-6-10/h1-4,10,13H,5-8H2",1,1,5,0,0,0,0,0,0,0,0,0,0,0,0,0,0,0,0,0,1,1,0,0,0,0,0,0,0,0,0,0,0,12,0,0,0,1,0,0,0,0,0,0,0,0,0,0,1,0,0,0,2,0,0,0,2,10,0,0,0,30,0,0,1,1,6,0,0,0,1,2,0,0,0,0,0,0,0,0,0,0,0,0,0,0,6,0,1,1,1,0,0,1,0,0,0,0,0,0,0,0,2,0,0,0,0,6,0,0,0,6,6,0,0,0,0,1,0,14,6,2,0,0,0,0,0,0,1,0,0,1,1,2,0,0,0,0,0,0,0,0,10,0,1,0,1,0,0,0,0,0,18,0,0,0,0
"InChI=1S/C11H14ClNO/c12-10-4-2-9(3-5-10)11-8-13-6-1-7-14-11/h2-5,11,13H,1,6-8H2",1,1,5,0,0,0,0,0,0,0,0,0,0,0,0,0,0,0,0,0,1,0,0,0,0,0,0,0,0,0,0,0,0,9,0,0,0,1,0,0,0,3,0,0,0,0,0,0,0,0,0,0,2,0,0,0,2,3,3,18,18,17,18,0,2,1,6,0,0,0,1,2,0,0,0,0,0,0,0,0,0,0,0,1,0,0,6,3,1,1,1,0,0,0,0,0,0,1,0,0,0,0,1,0,0,0,0,3,6,0,1,6,6,0,0,0,0,2,0,4,6,1,0,0,0,0,0,0,1,0,0,1,1,2,0,0,0,0,0,0,0,0,13,0,0,0,1,1,0,0,0,1,22,0,0,0,0
"InChI=1S/C11H14ClNO/c1-8(13-9(2)14)11(12)10-6-4-3-5-7-10/h3-8,11H,1-2H3,(H,13,14)",1,1,4,0,0,0,0,0,0,0,0,0,0,0,0,0,0,0,0,0,0,0,0,0,0,0,0,0,0,0,0,0,0,0,0,0,0,1,0,0,0,0,0,0,0,0,0,0,0,0,0,1,1,0,0,0,1,0,0,0,0,0,0,0,0,1,4,1,0,0,0,0,0,0,0,0,0,0,0,0,0,0,1,0,0,0,0,0,0,0,1,0,0,1,0,0,0,0,1,1,0,0,0,0,0,0,0,0,0,0,0,6,6,0,0,0,0,0,0,0,0,0,2,0,0,0,0,2,1,0,0,1,3,0,0,0,0,0,0,0,0,1,6,0,0,0,1,0,0,0,0,0,6,0,0,0,0
"InChI=1S/C11H14ClNO/c12-9-3-1-8(2-4-9)11-7-10(14)5-6-13-11/h1-4,10-11,13-14H,5-7H2",1,1,5,0,0,0,0,0,0,0,0,0,0,0,0,0,0,0,0,0,1,0,0,0,0,0,0,0,0,0,0,0,0,3,0,0,0,2,0,0,2,12,0,0,0,0,0,0,0,0,0,0,2,0,0,0,1,3,5,9,17,8,9,0,1,1,6,0,0,0,1,2,0,0,0,0,0,0,0,0,0,0,0,0,0,0,3,6,1,1,1,0,0,1,0,0,0,1,0,0,0,0,2,0,0,0,0,0,6,2,0,6,6,0,0,0,0,1,0,3,3,0,0,0,0,0,0,0,1,0,0,1,1,2,0,0,0,0,0,0,0,1,12,0,0,0,2,0,0,0,1,1,26,0,0,0,0
"InChI=1S/C11H14ClNO/c1-2-13(9-7-8-9)14-11-6-4-3-5-10(11)12/h3-6,9H,2,7-8H2,1H3",1,1,5,0,0,0,0,0,0,0,0,0,0,0,0,0,0,0,0,0,1,0,0,0,0,1,0,0,0,0,1,0,1,3,0,0,0,0,0,0,0,0,0,0,0,0,0,0,0,0,0,0,2,0,0,0,1,0,0,8,15,12,8,0,0,1,6,0,0,2,1,0,0,0,0,0,0,0,0,0,0,1,0,0,0,1,3,5,0,0,1,0,2,1,0,0,0,1,0,0,0,0,0,1,0,0,0,0,3,2,0,6,6,0,0,0,0,0,0,8,0,0,1,3,0,5,0,1,1,0,0,1,1,2,0,0,0,0,0,0,0,0,9,1,0,0,1,0,0,0,0,0,18,0,0,0,0
"InChI=1S/C11H14ClNO/c1-13-10-6-3-2-5-9(10)11(14)7-4-8-12/h2-3,5-6,13H,4,7-8H2,1H3",1,1,4,0,0,0,0,0,0,0,0,0,0,0,0,0,0,0,0,0,1,0,0,0,0,0,0,0,0,0,0,0,0,3,0,1,0,1,0,0,0,0,0,0,0,0,0,0,0,0,0,0,2,0,0,1,0,0,3,18,0,0,18,0,0,1,4,0,2,2,1,0,0,0,0,0,0,0,0,0,0,0,0,0,0,0,0,0,1,0,1,1,0,0,0,0,0,1,0,0,0,0,1,0,0,0,0,0,3,0,0,6,6,0,0,0,0,0,0,18,0,0,1,0,0,0,0,1,1,0,0,1,3,0,0,0,0,0,0,0,0,0,6,0,0,0,1,0,0,0,0,0,6,0,0,0,0
"InChI=1S/C11H14ClNO/c1-8-3-5-10(6-4-8)13-11(14)9(2)7-12/h3-6,9H,7H2,1-2H3,(H,13,14)",1,1,4,0,0,0,0,0,0,0,0,0,0,0,0,0,0,0,0,0,1,0,0,0,0,0,0,0,0,0,0,0,0,3,0,0,0,1,0,0,0,0,0,0,0,0,0,0,1,0,0,0,2,0,0,1,0,3,0,0,0,0,0,0,0,1,2,0,2,2,1,0,0,0,0,0,0,0,0,0,0,0,1,0,0,0,0,0,1,0,1,1,0,0,0,0,0,0,1,1,0,0,0,0,0,0,0,0,0,0,0,6,6,0,0,0,0,0,0,6,0,0,2,0,3,0,0,2,1,0,0,1,3,0,0,0,0,0,0,0,0,0,6,0,0,0,1,0,0,0,0,0,6,0,0,0,0
"InChI=1S/C11H14ClNO/c1-9(6-7-12)13-11-4-2-10(8-14)3-5-11/h2-5,8-9,13H,6-7H2,1H3",1,1,4,0,0,0,0,0,0,0,0,0,0,0,0,0,0,0,0,0,1,0,0,0,0,0,0,0,0,0,0,0,0,3,0,0,0,1,0,0,0,3,0,0,0,0,0,0,0,0,0,0,2,0,0,1,0,3,0,9,0,0,9,3,0,1,4,0,2,2,1,0,0,0,0,0,0,0,0,0,0,0,0,0,0,0,0,3,1,0,1,1,0,0,0,0,0,0,0,0,0,0,0,0,0,0,0,0,0,0,0,6,6,0,0,0,0,0,0,12,0,0,1,0,3,0,0,1,1,0,0,1,3,0,0,0,0,0,0,0,0,0,6,0,0,0,1,0,0,0,0,0,6,0,0,0,0
"InChI=1S/C11H14ClNO/c1-3-4-7-13-9-5-6-11(14-2)10(12)8-9/h3,5-6,8,13H,1,4,7H2,2H3",1,1,3,0,0,0,0,0,0,0,0,0,0,0,0,0,0,0,0,0,1,0,0,0,0,0,0,0,0,0,0,0,0,3,0,1,0,1,0,0,0,3,0,1,2,0,0,0,0,0,0,0,2,0,0,0,2,0,2,9,6,0,9,0,0,1,4,0,2,2,1,0,0,0,0,0,0,0,0,0,0,0,0,0,0,0,3,3,1,0,1,0,2,1,0,0,0,1,0,0,0,0,0,0,0,0,0,0,0,2,0,6,6,0,0,0,0,0,1,15,3,0,1,0,0,0,0,1,1,0,0,1,1,2,0,0,0,0,0,0,0,0,6,0,0,0,1,0,0,0,0,0,6,0,0,0,0
"InChI=1S/C11H14ClNO/c1-9(2)8-13(11(12)14)10-6-4-3-5-7-10/h3-7,9H,8H2,1-2H3",1,1,4,0,0,0,0,0,0,0,0,0,0,0,0,0,0,0,0,0,1,0,0,0,0,0,1,0,0,0,0,0,0,3,0,0,0,0,0,0,0,0,0,0,0,0,0,0,1,0,0,0,3,0,1,1,0,0,0,0,0,0,0,0,0,1,5,0,2,2,1,0,0,0,0,0,0,0,0,0,0,0,1,0,0,0,3,0,0,0,1,1,0,0,0,0,0,0,1,0,0,0,0,0,0,0,0,0,0,0,0,6,6,0,0,0,0,0,0,6,0,0,2,0,6,0,1,2,1,0,0,1,1,0,0,0,0,0,0,0,0,0,6,0,0,0,1,0,0,0,0,0,6,0,0,0,0
"InChI=1S/C11H14ClNO/c1-8(2)7-13-9-4-5-11(14-3)10(12)6-9/h4-6,13H,1,7H2,2-3H3",1,1,3,0,0,0,0,0,0,0,0,0,0,0,0,0,0,0,0,0,1,0,0,0,0,0,0,0,0,0,0,0,0,3,0,1,0,1,0,0,0,0,0,1,2,0,0,0,0,1,0,0,2,0,0,0,2,2,0,0,0,0,0,0,0,1,4,0,2,2,1,0,0,0,0,0,0,0,0,0,0,0,0,0,0,0,3,0,1,0,1,0,2,1,0,0,0,1,0,0,0,0,0,0,0,0,0,0,0,2,0,6,6,0,0,0,0,0,1,9,3,0,2,0,5,0,0,2,1,0,0,1,1,2,0,0,0,0,0,0,0,0,6,0,0,0,1,0,0,0,0,0,6,0,0,0,0
"InChI=1S/C11H14ClNO/c1-13-11(14)4-2-3-9-5-7-10(12)8-6-9/h5-8H,2-4H2,1H3,(H,13,14)",1,1,4,0,0,0,0,0,0,0,0,0,0,0,0,0,0,0,0,0,0,0,0,0,0,0,0,0,0,0,0,0,0,0,0,1,0,1,0,0,0,3,0,0,0,0,0,0,0,0,0,1,1,0,0,0,1,3,3,18,0,0,18,3,0,1,4,1,0,0,0,0,0,0,0,0,0,0,0,0,0,0,1,0,0,0,0,3,0,0,1,0,0,1,0,0,0,0,1,1,0,0,0,0,0,0,0,0,3,0,0,6,6,0,0,0,0,0,0,18,0,0,1,0,0,3,0,1,1,0,0,1,1,2,0,0,0,0,0,0,0,1,6,0,0,0,1,0,0,0,0,0,6,0,0,0,0
"InChI=1S/C11H14ClNO/c1-3-9(4-2)14-11-7-8(13)5-6-10(11)12/h3,5-7H,4,13H2,1-2H3",1,1,3,0,0,0,0,0,0,0,0,0,0,0,0,0,0,0,0,0,1,0,0,0,0,0,0,0,0,0,0,0,0,0,0,0,0,1,0,0,0,0,0,1,2,0,0,0,0,0,0,0,1,0,0,0,2,0,0,0,0,0,0,3,0,1,1,0,2,2,1,0,0,0,0,0,0,0,0,0,0,0,0,0,0,0,0,0,1,0,1,0,2,1,0,0,0,2,0,0,0,0,1,0,0,0,0,0,3,2,0,6,6,0,0,0,0,0,0,6,0,0,2,3,0,0,0,2,1,0,0,1,1,2,0,0,0,0,0,0,1,0,6,0,0,0,1,0,0,0,0,0,6,0,0,0,0
"InChI=1S/C11H14ClNO/c1-13(2)8-7-11(14)9-3-5-10(12)6-4-9/h3-6H,7-8H2,1-2H3",1,1,4,0,0,0,0,0,0,0,0,0,0,0,0,0,0,0,0,0,1,0,0,0,0,0,0,0,0,0,0,0,0,3,0,2,0,0,0,0,0,0,0,0,0,0,0,0,0,0,0,0,3,0,1,1,0,0,0,9,0,0,9,6,0,1,9,0,0,0,1,0,0,0,0,0,0,0,0,0,0,0,0,0,0,0,3,3,0,0,1,1,0,0,0,0,0,1,0,0,0,0,1,0,0,0,0,0,3,0,0,6,6,0,0,0,0,0,0,12,0,3,2,0,6,0,1,2,1,0,0,1,1,2,0,0,0,0,0,0,0,0,6,0,0,0,1,0,0,0,0,0,6,0,0,0,0
"InChI=1S/C11H14ClNO/c1-7(2)10(11(13)14)8-4-3-5-9(12)6-8/h3-7,10H,1-2H3,(H2,13,14)",1,1,4,0,0,0,0,0,0,0,0,0,0,0,0,0,0,0,0,0,0,0,0,0,0,0,0,0,0,0,0,0,0,0,0,0,0,2,0,0,0,0,0,0,0,0,0,0,2,0,0,1,0,0,0,0,1,0,0,0,0,0,0,0,0,1,1,1,0,0,0,0,0,0,0,0,0,0,0,0,0,0,1,0,0,0,0,0,1,0,1,0,0,1,0,0,0,0,1,1,0,0,0,0,0,0,0,0,0,0,0,6,6,0,0,0,1,0,0,0,0,0,2,0,0,0,1,2,1,0,0,1,1,2,0,0,0,0,0,0,0,1,6,0,0,0,1,0,0,0,0,0,6,0,0,0,0
"InChI=1S/C11H14ClNO/c12-10-3-4-11(14)9(7-10)8-13-5-1-2-6-13/h3-4,7,14H,1-2,5-6,8H2",1,1,5,0,0,0,0,0,0,0,0,0,0,0,0,0,0,0,0,0,1,0,1,0,0,0,0,0,0,0,0,0,0,9,0,0,0,1,0,0,0,0,0,0,0,0,0,0,0,0,0,0,3,0,1,0,1,3,0,27,38,27,27,0,1,1,9,0,0,0,1,2,0,0,0,0,0,0,0,0,0,0,0,0,0,0,9,6,0,1,1,0,2,1,0,0,0,1,0,0,0,0,1,0,0,0,0,0,0,2,0,6,6,0,0,0,0,1,0,10,0,3,0,0,0,0,0,0,1,0,0,1,1,2,0,0,0,0,0,0,0,1,11,0,0,1,1,0,0,0,0,0,22,0,0,0,0
"InChI=1S/C11H14ClNO/c1-7-2-11-9(4-10(7)12)3-8(6-14)5-13-11/h2,4,8,13-14H,3,5-6H2,1H3",1,1,5,0,0,0,0,0,0,0,0,0,0,0,0,0,0,0,0,0,1,0,0,0,0,0,0,0,0,0,0,0,0,6,0,0,0,2,0,0,1,0,0,0,0,0,0,0,1,0,0,0,2,0,0,0,1,14,0,0,0,8,0,0,1,1,4,0,2,0,1,2,0,0,0,0,0,0,0,0,0,0,0,0,0,0,3,0,1,1,1,0,0,1,0,0,0,0,0,0,0,0,1,0,0,0,0,3,0,0,0,6,6,0,0,0,0,1,0,8,6,0,1,0,0,0,0,1,1,0,0,1,1,2,0,0,0,0,0,0,0,1,10,0,0,0,2,0,0,0,1,0,13,2,0,0,0
"InChI=1S/C11H14ClNO/c12-10-3-1-2-4-11(10)13-7-9-5-6-14-8-9/h1-4,9,13H,5-8H2",1,1,5,0,0,0,0,0,0,0,0,0,0,0,0,0,0,0,0,0,1,0,1,0,0,0,0,0,0,0,0,0,0,9,0,0,0,1,0,0,0,0,0,0,0,0,0,0,1,0,0,0,2,0,0,0,2,6,3,9,23,13,9,0,1,1,4,0,2,2,1,0,0,0,0,0,0,0,0,0,0,0,0,0,0,0,3,0,1,0,1,0,0,0,0,0,0,0,0,0,0,0,1,0,0,0,0,6,3,0,1,6,6,0,0,0,0,1,0,9,3,1,0,0,0,0,0,0,1,0,0,1,1,2,0,0,0,0,0,0,0,0,11,0,0,1,1,0,0,0,0,0,18,0,0,0,0
"InChI=1S/C11H14ClNO/c1-8(2)5-6-14-11-7-9(13)3-4-10(11)12/h3-5,7H,6,13H2,1-2H3",1,1,3,0,0,0,0,0,0,0,0,0,0,0,0,0,0,0,0,0,1,0,0,0,0,0,0,0,0,0,0,0,0,3,0,0,0,1,0,0,0,0,0,1,2,0,0,0,0,1,0,0,1,0,0,0,2,0,0,0,0,0,0,6,0,1,1,0,2,2,1,0,0,0,0,0,0,0,0,0,0,0,0,0,0,0,0,0,1,0,1,0,2,1,0,0,0,1,0,0,0,0,1,0,0,0,0,3,0,2,0,6,6,0,0,0,0,0,0,6,0,0,2,0,0,0,1,2,1,0,0,1,1,2,0,0,0,0,0,0,1,0,6,0,0,0,1,0,0,0,0,0,6,0,0,0,0
"InChI=1S/C11H14ClNO/c12-10-5-1-2-6-11(10)13-8-9-4-3-7-14-9/h1-2,5-6,9,13H,3-4,7-8H2",1,1,5,0,0,0,0,0,0,0,0,0,0,0,0,0,0,0,0,0,1,0,1,0,0,0,0,0,0,0,0,0,0,6,0,0,0,1,0,0,0,0,0,0,0,0,0,0,0,0,0,0,2,0,0,0,2,3,6,18,26,23,18,0,1,1,4,0,2,2,1,0,0,0,0,0,0,0,0,0,0,0,0,1,0,0,3,0,1,0,1,0,0,0,0,0,0,1,0,0,0,0,0,0,0,0,0,3,9,0,1,6,6,0,0,0,0,1,0,9,3,0,0,0,0,0,0,0,1,0,0,1,1,2,0,0,0,0,0,0,0,0,11,0,0,1,1,0,0,0,0,0,18,0,0,0,0
"InChI=1S/C11H14ClNO/c1-8-4-5-10(9(2)6-8)13(3)11(14)7-12/h4-6H,7H2,1-3H3",1,1,4,0,0,0,0,0,0,0,0,0,0,0,0,0,0,0,0,0,1,0,0,0,0,0,0,0,0,0,0,0,0,3,0,1,0,0,0,0,0,0,0,0,0,0,0,0,0,0,0,0,3,0,1,1,0,0,0,0,0,0,0,3,0,1,5,0,2,2,1,0,0,0,0,0,0,0,0,0,0,0,1,0,0,0,0,3,0,0,1,1,0,0,0,0,0,0,1,1,0,0,0,0,0,0,0,0,3,0,0,6,6,0,0,0,0,0,0,6,0,0,3,0,0,0,0,3,1,0,0,1,3,0,0,0,0,0,0,0,0,0,6,0,0,0,1,0,0,0,0,0,6,0,0,0,0
"InChI=1S/C11H14ClNO/c1-7(2)8-3-4-10(13)9(5-8)11(14)6-12/h3-5,7H,6,13H2,1-2H3",1,1,4,0,0,0,0,0,0,0,0,0,0,0,0,0,0,0,0,0,1,0,0,0,0,0,0,0,0,0,0,0,0,3,0,0,0,1,0,0,0,0,0,0,0,0,0,0,1,0,0,0,1,0,0,1,0,0,3,0,0,0,0,0,0,1,1,0,2,2,1,0,0,0,0,0,0,0,0,0,0,0,0,0,0,0,0,0,1,0,1,1,0,0,0,0,0,1,0,0,0,0,1,0,0,0,0,0,3,0,0,6,6,0,0,0,0,0,0,6,0,0,2,0,0,0,1,2,1,0,0,1,3,0,0,0,0,0,0,0,1,0,6,0,0,0,1,0,0,0,0,0,6,0,0,0,0
"InChI=1S/C11H14ClNO/c12-10-4-1-3-9(7-10)11-8-13-5-2-6-14-11/h1,3-4,7,11,13H,2,5-6,8H2",1,1,5,0,0,0,0,0,0,0,0,0,0,0,0,0,0,0,0,0,1,0,0,0,0,0,0,0,0,0,0,0,0,9,0,0,0,1,0,0,0,3,0,0,0,0,0,0,0,0,0,0,2,0,0,0,2,3,3,18,18,17,18,0,2,1,6,0,0,0,1,2,0,0,0,0,0,0,0,0,0,0,0,1,0,0,6,3,1,1,1,0,0,0,0,0,0,1,0,0,0,0,1,0,0,0,0,3,6,0,1,6,6,0,0,0,0,2,0,4,6,1,0,0,0,0,0,0,1,0,0,1,1,2,0,0,0,0,0,0,0,0,13,0,0,0,1,1,0,0,0,1,22,0,0,0,0
"InChI=1S/C11H14ClNO/c12-10-5-3-4-9(8-10)11(14)6-1-2-7-13/h3-5,8H,1-2,6-7,13H2",1,1,4,0,0,0,0,0,0,0,0,0,0,0,0,0,0,0,0,0,1,0,0,0,0,0,0,0,0,0,0,0,0,3,0,0,0,1,0,0,0,3,0,0,0,0,0,0,0,0,0,0,1,0,0,1,0,3,3,27,9,0,27,0,0,1,3,0,0,0,1,0,0,0,0,0,0,0,0,0,0,0,0,0,0,0,3,3,1,0,1,1,0,0,0,0,0,1,0,0,0,0,0,0,0,0,0,0,3,0,0,6,6,0,0,0,0,0,0,24,3,0,0,0,0,0,0,0,1,0,0,1,1,2,0,0,0,0,0,0,1,0,6,0,0,0,1,0,0,0,0,0,6,0,0,0,0
"InChI=1S/C11H14ClNO/c12-10-1-3-11(4-2-10)13-7-9-5-6-14-8-9/h1-4,9,13H,5-8H2",1,1,5,0,0,0,0,0,0,0,0,0,0,0,0,0,0,0,0,0,1,0,1,0,0,0,0,0,0,0,0,0,0,9,0,0,0,1,0,0,0,0,0,0,0,0,0,0,1,0,0,0,2,0,0,0,2,6,3,9,23,13,9,0,1,1,4,0,2,2,1,0,0,0,0,0,0,0,0,0,0,0,0,0,0,0,3,0,1,0,1,0,0,0,0,0,0,0,0,0,0,0,1,0,0,0,0,6,3,0,1,6,6,0,0,0,0,1,0,9,3,1,0,0,0,0,0,0,1,0,0,1,1,2,0,0,0,0,0,0,0,0,11,0,0,1,1,0,0,0,0,0,18,0,0,0,0
"InChI=1S/C11H14ClNO/c1-7-2-3-10(12)9-4-8(6-14)5-13-11(7)9/h2-3,8,13-14H,4-6H2,1H3",1,1,5,0,0,0,0,0,0,0,0,0,0,0,0,0,0,0,0,0,1,0,0,0,0,0,0,0,0,0,0,0,0,6,0,0,0,2,0,0,1,0,0,0,0,0,0,0,1,0,0,0,2,0,0,0,1,14,0,0,0,8,0,0,1,1,4,0,2,0,1,2,0,0,0,0,0,0,0,0,0,0,0,0,0,0,3,0,1,1,1,0,0,1,0,0,0,0,0,0,0,0,1,0,0,0,0,3,0,0,0,6,6,0,0,0,0,1,0,8,6,0,1,0,0,6,0,1,1,0,0,1,1,2,0,0,0,0,0,0,0,1,10,0,0,0,2,0,0,0,1,0,13,2,0,0,0
"InChI=1S/C11H14ClNO/c1-13-8-2-3-11(14)9-4-6-10(12)7-5-9/h4-7,13H,2-3,8H2,1H3",1,1,4,0,0,0,0,0,0,0,0,0,0,0,0,0,0,0,0,0,1,0,0,0,0,0,0,0,0,0,0,0,0,3,0,1,0,1,0,0,0,3,0,0,0,0,0,0,0,0,0,0,2,0,0,1,0,3,0,18,0,0,18,3,0,1,6,0,0,0,1,0,0,0,0,0,0,0,0,0,0,0,0,0,0,0,3,3,1,0,1,1,0,0,0,0,0,1,0,0,0,0,0,0,0,0,0,0,3,0,0,6,6,0,0,0,0,0,0,18,3,1,1,0,3,3,0,1,1,0,0,1,1,2,0,0,0,0,0,0,0,0,6,0,0,0,1,0,0,0,0,0,6,0,0,0,0
"InChI=1S/C11H14ClNO/c1-7-4-5-10(6-8(7)2)13-11(14)9(3)12/h4-6,9H,1-3H3,(H,13,14)",1,1,4,0,0,0,0,0,0,0,0,0,0,0,0,0,0,0,0,0,1,0,0,0,0,0,0,0,0,0,0,0,0,0,0,0,0,1,0,0,0,0,0,0,0,0,0,0,0,0,0,0,2,0,0,1,0,0,0,0,0,0,0,0,0,1,2,0,2,2,1,0,0,0,0,0,0,0,0,0,0,0,1,0,0,0,0,0,1,0,1,1,0,0,0,0,0,0,1,1,0,0,0,0,0,0,0,0,0,0,0,6,6,0,0,0,0,0,0,0,0,0,3,0,0,0,0,3,1,0,0,1,3,0,0,0,0,0,0,0,0,0,6,0,0,0,1,0,0,0,0,0,6,0,0,0,0
"InChI=1S/C11H14ClNO/c12-9-3-5-10(6-4-9)13-8-11-2-1-7-14-11/h3-6,11,13H,1-2,7-8H2",1,1,5,0,0,0,0,0,0,0,0,0,0,0,0,0,0,0,0,0,1,0,1,0,0,0,0,0,0,0,0,0,0,6,0,0,0,1,0,0,0,0,0,0,0,0,0,0,0,0,0,0,2,0,0,0,2,3,6,18,26,23,18,0,1,1,4,0,2,2,1,0,0,0,0,0,0,0,0,0,0,0,0,1,0,0,3,0,1,0,1,0,0,0,0,0,0,1,0,0,0,0,0,0,0,0,0,3,9,0,1,6,6,0,0,0,0,1,0,9,3,0,0,0,0,0,0,0,1,0,0,1,1,2,0,0,0,0,0,0,0,0,11,0,0,1,1,0,0,0,0,0,18,0,0,0,0
"InChI=1S/C11H14ClNO/c12-10-5-2-1-4-9(10)11-8-13-6-3-7-14-11/h1-2,4-5,11,13H,3,6-8H2",1,1,5,0,0,0,0,0,0,0,0,0,0,0,0,0,0,0,0,0,1,0,0,0,0,0,0,0,0,0,0,0,0,9,0,0,0,1,0,0,0,3,0,0,0,0,0,0,0,0,0,0,2,0,0,0,2,3,3,18,18,17,18,0,2,1,6,0,0,0,1,2,0,0,0,0,0,0,0,0,0,0,0,1,0,0,6,3,1,1,1,0,0,0,0,0,0,1,0,0,0,0,1,0,0,0,0,3,6,0,1,6,6,0,0,0,0,2,0,4,6,1,0,0,0,0,0,0,1,0,0,1,1,2,0,0,0,0,0,0,0,0,13,0,0,0,1,1,0,0,0,1,22,0,0,0,0
"InChI=1S/C11H14ClNO/c1-3-4-7-13-10-8-9(12)5-6-11(10)14-2/h3,5-6,8,13H,1,4,7H2,2H3",1,1,3,0,0,0,0,0,0,0,0,0,0,0,0,0,0,0,0,0,1,0,0,0,0,0,0,0,0,0,0,0,0,3,0,1,0,1,0,0,0,3,0,1,2,0,0,0,0,0,0,0,2,0,0,0,2,0,2,9,6,0,9,0,0,1,4,0,2,2,1,0,0,0,0,0,0,0,0,0,0,0,0,1,0,0,3,3,1,0,1,0,2,1,0,0,0,1,0,0,0,0,0,0,0,0,0,0,0,2,0,6,6,0,0,0,0,0,1,15,3,0,1,0,0,0,0,1,1,0,0,1,1,2,0,0,0,0,0,0,0,0,6,0,0,0,1,0,0,0,0,0,6,0,0,0,0
"InChI=1S/C11H14ClNO/c1-11(2,3)10(14)13(12)9-7-5-4-6-8-9/h4-8H,1-3H3",1,1,4,0,0,0,0,0,0,0,0,0,0,0,0,0,0,0,0,0,1,0,0,0,0,1,0,0,0,0,1,0,0,0,0,0,1,0,0,0,0,0,0,0,0,0,0,0,1,0,0,0,2,0,0,1,0,0,0,0,0,0,0,0,0,1,2,0,2,2,1,0,0,0,0,0,0,0,0,0,0,0,1,0,0,0,0,0,0,0,1,1,0,0,0,0,0,0,1,1,0,0,0,0,0,0,0,0,0,0,0,6,6,0,0,0,0,0,0,0,0,0,3,0,0,0,3,3,1,0,0,1,1,0,0,0,0,0,0,0,0,0,6,0,0,0,1,0,0,0,0,0,6,0,0,0,0
"InChI=1S/C11H14ClNO/c12-10-2-1-3-11(6-10)13-7-9-4-5-14-8-9/h1-3,6,9,13H,4-5,7-8H2",1,1,5,0,0,0,0,0,0,0,0,0,0,0,0,0,0,0,0,0,1,0,1,0,0,0,0,0,0,0,0,0,0,9,0,0,0,1,0,0,0,0,0,0,0,0,0,0,1,0,0,0,2,0,0,0,2,6,3,9,23,13,9,0,1,1,4,0,2,2,1,0,0,0,0,0,0,0,0,0,0,0,0,0,0,0,3,0,1,0,1,0,0,0,0,0,0,0,0,0,0,0,1,0,0,0,0,6,3,0,1,6,6,0,0,0,0,1,0,9,3,1,0,0,0,0,0,0,1,0,0,1,1,2,0,0,0,0,0,0,0,0,11,0,0,1,1,0,0,0,0,0,18,0,0,0,0
"InChI=1S/C11H14ClNO/c1-14-11(9-6-13-7-9)8-2-4-10(12)5-3-8/h2-5,9,11,13H,6-7H2,1H3",1,1,5,0,0,0,0,0,0,0,0,0,0,0,0,0,0,0,0,0,1,1,0,0,0,0,0,0,0,0,0,0,0,6,0,1,0,1,0,0,0,0,0,0,0,0,0,0,1,0,0,0,2,0,0,0,2,4,0,0,0,0,0,0,1,1,6,0,0,0,1,2,0,0,0,0,0,0,0,0,0,0,0,0,0,0,6,0,1,1,1,0,0,1,0,0,0,1,0,0,0,0,2,0,0,0,0,0,0,0,0,6,6,0,0,0,0,1,0,2,6,1,1,0,0,6,0,1,1,0,0,1,1,2,0,0,0,0,0,0,0,0,10,0,1,0,1,0,0,0,0,0,18,0,0,0,0
"InChI=1S/C11H14ClNO/c1-8-11(14-7-6-13-8)9-4-2-3-5-10(9)12/h2-5,8,11,13H,6-7H2,1H3",1,1,5,0,0,0,0,0,0,0,0,0,0,0,0,0,0,0,0,0,1,0,0,0,0,0,0,0,0,0,0,0,0,6,0,0,0,1,0,0,0,3,0,0,0,0,0,0,0,0,0,0,2,0,0,0,2,0,3,9,0,0,9,3,2,1,6,0,0,0,1,2,0,0,0,0,0,0,0,0,0,0,0,2,0,0,3,3,1,1,1,0,0,0,0,0,0,1,0,0,0,0,0,0,0,0,0,3,3,0,1,6,6,0,0,0,0,2,0,2,3,0,1,0,0,6,0,1,1,0,0,1,1,2,0,0,0,0,0,0,0,0,12,0,0,0,2,0,0,0,1,1,18,0,0,0,0
"InChI=1S/C11H14ClNO/c12-9-3-1-4-10(7-9)13-8-11-5-2-6-14-11/h1,3-4,7,11,13H,2,5-6,8H2",1,1,5,0,0,0,0,0,0,0,0,0,0,0,0,0,0,0,0,0,1,0,1,0,0,0,0,0,0,0,0,0,0,6,0,0,0,1,0,0,0,0,0,0,0,0,0,0,0,0,0,0,2,0,0,0,2,3,6,18,26,23,18,0,1,1,4,0,2,2,1,0,0,0,0,0,0,0,0,0,0,0,0,1,0,0,3,0,1,0,1,0,0,0,0,0,0,1,0,0,0,0,0,0,0,0,0,3,9,0,1,6,6,0,0,0,0,1,0,9,3,0,0,0,0,0,0,0,1,0,0,1,1,2,0,0,0,0,0,0,0,0,11,0,0,1,1,0,0,0,0,0,18,0,0,0,0
"InChI=1S/C11H14ClNO/c1-8(2)7-13-10-6-9(12)4-5-11(10)14-3/h4-6,13H,1,7H2,2-3H3",1,1,3,0,0,0,0,0,0,0,0,0,0,0,0,0,0,0,0,0,1,0,0,0,0,0,0,0,0,0,0,0,0,3,0,1,0,1,0,0,0,0,0,1,2,0,0,0,0,1,0,0,2,0,0,0,2,2,0,0,0,0,0,0,0,1,4,0,2,2,1,0,0,0,0,0,0,0,0,0,0,0,0,1,0,0,3,0,1,0,1,0,2,1,0,0,0,1,0,0,0,0,0,0,0,0,0,0,0,2,0,6,6,0,0,0,0,0,1,9,3,0,2,0,5,0,0,2,1,0,0,1,1,2,0,0,0,0,0,0,0,0,6,0,0,0,1,0,0,0,0,0,6,0,0,0,0
"InChI=1S/C11H14ClNO/c12-11-8-10(14)6-7-13(11)9-4-2-1-3-5-9/h1-5,10-11,14H,6-8H2",1,1,5,0,0,0,0,0,0,0,0,0,0,0,0,0,0,0,0,0,1,0,0,0,0,0,0,0,0,0,0,0,0,3,0,0,0,1,0,0,0,6,0,0,0,0,0,0,0,0,0,0,3,0,1,0,1,3,0,9,17,8,9,0,1,1,7,0,2,2,1,2,0,0,0,0,0,0,0,0,0,0,0,0,0,0,3,6,0,1,1,0,0,1,0,0,0,1,0,0,0,0,2,0,0,0,0,0,6,2,0,6,6,0,0,0,0,1,0,3,0,0,0,0,0,0,0,0,1,0,0,1,3,2,0,0,0,0,0,0,0,1,12,0,0,0,2,0,0,0,1,1,26,0,0,0,0
"InChI=1S/C11H14ClNO/c12-9-6-3-7-10(13)11(9)14-8-4-1-2-5-8/h3,6-8H,1-2,4-5,13H2",1,1,5,0,0,0,0,0,0,0,0,0,0,0,0,0,0,0,0,0,1,0,0,0,0,0,0,0,0,0,0,0,0,0,0,0,0,1,0,0,0,0,0,0,0,0,0,0,0,0,0,0,1,0,0,0,2,0,0,27,20,12,27,0,0,1,1,0,2,2,1,0,0,0,0,0,0,0,0,0,0,0,0,1,0,0,0,0,1,0,1,0,2,1,0,0,0,2,0,0,0,0,0,0,0,0,0,0,6,4,0,6,6,0,0,0,0,0,0,4,0,0,0,0,0,0,0,0,1,0,0,1,1,2,0,0,0,0,0,0,1,0,11,0,0,1,1,0,0,0,0,0,26,0,0,0,0
"InChI=1S/C11H14ClNO/c1-8(2)6-7-14-10-5-3-4-9(13)11(10)12/h3-6H,7,13H2,1-2H3",1,1,3,0,0,0,0,0,0,0,0,0,0,0,0,0,0,0,0,0,1,0,0,0,0,0,0,0,0,0,0,0,0,3,0,0,0,1,0,0,0,0,0,1,2,0,0,0,0,1,0,0,1,0,0,0,2,0,0,0,0,0,0,6,0,1,1,0,2,2,1,0,0,0,0,0,0,0,0,0,0,0,0,0,0,0,0,0,1,0,1,0,2,1,0,0,0,1,0,0,0,0,1,0,0,0,0,3,0,2,0,6,6,0,0,0,0,0,0,6,0,0,2,0,0,0,1,2,1,0,0,1,1,2,0,0,0,0,0,0,1,0,6,0,0,0,1,0,0,0,0,0,6,0,0,0,0
"InChI=1S/C11H14ClNO/c1-11(2,13-8-14)7-9-3-5-10(12)6-4-9/h3-6,8H,7H2,1-2H3,(H,13,14)",1,1,4,0,0,0,0,0,0,0,0,0,0,0,0,0,0,0,0,0,0,0,0,0,0,0,0,0,0,0,0,0,0,0,0,0,0,1,0,0,0,0,0,0,0,0,0,0,1,0,0,1,1,0,0,0,1,0,3,0,0,0,0,0,0,1,4,1,0,0,0,0,0,0,0,0,0,0,0,0,0,0,1,0,0,0,0,3,0,0,1,0,0,1,0,0,0,0,1,0,0,0,0,0,0,0,0,0,0,0,0,6,6,0,0,0,0,0,0,6,0,0,2,0,6,0,1,2,1,0,0,1,1,2,0,0,0,0,0,0,0,1,6,0,0,0,1,0,0,0,0,0,6,0,0,0,0
"InChI=1S/C11H14ClNO/c1-9(14)13(2)11(12)8-10-6-4-3-5-7-10/h3-7,11H,8H2,1-2H3",1,1,4,0,0,0,0,0,0,0,0,0,0,0,0,0,0,0,0,0,1,0,0,0,0,0,0,0,0,0,0,0,0,0,0,1,0,0,0,0,0,0,0,0,0,0,0,0,0,0,0,0,3,0,1,1,0,0,0,0,0,0,0,3,0,1,7,0,0,0,1,0,0,0,0,0,0,0,0,0,0,0,1,0,0,0,0,3,0,0,1,1,0,0,0,0,0,0,1,1,0,0,0,0,0,0,0,0,0,0,0,6,6,0,0,0,0,0,0,6,0,0,2,0,0,3,0,2,1,0,0,1,3,0,0,0,0,0,0,0,0,0,6,0,0,0,1,0,0,0,0,0,6,0,0,0,0
"InChI=1S/C11H14ClNO/c1-4-9-11(10(14)5-2)8(12)6-7(3)13-9/h6H,4-5H2,1-3H3",1,1,5,0,0,0,0,0,0,0,0,0,0,0,0,0,0,0,0,0,0,0,0,0,0,0,0,0,0,0,0,0,0,0,0,0,0,0,0,0,0,0,0,0,0,0,0,0,0,0,0,0,0,0,0,1,0,0,0,0,0,9,0,0,1,1,2,0,0,0,0,0,0,0,0,0,0,0,0,0,0,0,0,0,0,0,0,3,0,1,1,1,0,0,0,0,0,1,0,0,0,0,1,0,0,0,0,0,3,0,0,6,4,0,0,0,0,1,0,12,0,0,3,6,0,3,0,3,1,0,0,1,1,2,0,0,0,0,0,2,0,0,6,0,0,0,1,0,0,0,1,0,4,0,0,0,0
"InChI=1S/C11H14ClNO/c12-10-6-4-9(5-7-10)11(14)3-1-2-8-13/h4-7H,1-3,8,13H2",1,1,4,0,0,0,0,0,0,0,0,0,0,0,0,0,0,0,0,0,1,0,0,0,0,0,0,0,0,0,0,0,0,3,0,0,0,1,0,0,0,3,0,0,0,0,0,0,0,0,0,0,1,0,0,1,0,3,3,27,9,0,27,0,0,1,3,0,0,0,1,0,0,0,0,0,0,0,0,0,0,0,0,0,0,0,3,3,1,0,1,1,0,0,0,0,0,1,0,0,0,0,0,0,0,0,0,0,3,0,0,6,6,0,0,0,0,0,0,24,3,0,0,0,0,0,0,0,1,0,0,1,1,2,0,0,0,0,0,0,1,0,6,0,0,0,1,0,0,0,0,0,6,0,0,0,0
"InChI=1S/C11H14ClNO/c12-10-7-9(5-6-11(10)13)14-8-3-1-2-4-8/h5-8H,1-4,13H2",1,1,5,0,0,0,0,0,0,0,0,0,0,0,0,0,0,0,0,0,1,0,0,0,0,0,0,0,0,0,0,0,0,0,0,0,0,1,0,0,0,0,0,0,0,0,0,0,0,0,0,0,1,0,0,0,2,0,0,27,20,12,27,0,0,1,1,0,2,2,1,0,0,0,0,0,0,0,0,0,0,0,0,0,0,0,0,0,1,0,1,0,2,1,0,0,0,2,0,0,0,0,0,0,0,0,0,0,6,4,0,6,6,0,0,0,0,0,0,4,0,0,0,0,0,0,0,0,1,0,0,1,1,2,0,0,0,0,0,0,1,0,11,0,0,1,1,0,0,0,0,0,26,0,0,0,0
"InChI=1S/C11H14ClNO/c1-8(2)10(12)11(14)13-9-6-4-3-5-7-9/h3-8,10H,1-2H3,(H,13,14)",1,1,4,0,0,0,0,0,0,0,0,0,0,0,0,0,0,0,0,0,0,0,0,0,0,0,0,0,0,0,0,0,0,0,0,0,0,1,0,0,0,0,0,0,0,0,0,0,1,0,0,1,1,0,0,0,1,0,0,0,0,0,0,0,0,1,2,1,2,2,0,0,0,0,0,0,0,0,0,0,0,0,1,0,0,0,0,0,0,0,1,0,0,1,0,0,0,0,1,1,0,0,0,0,0,0,0,0,0,0,0,6,6,0,0,0,0,0,0,0,0,0,2,0,0,0,1,2,1,0,0,1,3,0,0,0,0,0,0,0,0,1,6,0,0,0,1,0,0,0,0,0,6,0,0,0,0
"InChI=1S/C11H14ClNO/c12-10-6-5-9(7-11(10)13)14-8-3-1-2-4-8/h5-8H,1-4,13H2",1,1,5,0,0,0,0,0,0,0,0,0,0,0,0,0,0,0,0,0,1,0,0,0,0,0,0,0,0,0,0,0,0,0,0,0,0,1,0,0,0,0,0,0,0,0,0,0,0,0,0,0,1,0,0,0,2,0,0,27,20,12,27,0,0,1,1,0,2,2,1,0,0,0,0,0,0,0,0,0,0,0,0,0,0,0,0,0,1,0,1,0,2,1,0,0,0,2,0,0,0,0,1,0,0,0,0,0,6,4,0,6,6,0,0,0,0,0,0,4,0,0,0,0,0,0,0,0,1,0,0,1,1,2,0,0,0,0,0,0,1,0,11,0,0,1,1,0,0,0,0,0,26,0,0,0,0
"InChI=1S/C11H14ClNO/c12-10-7-8(13)5-6-11(10)14-9-3-1-2-4-9/h5-7,9H,1-4,13H2",1,1,5,0,0,0,0,0,0,0,0,0,0,0,0,0,0,0,0,0,1,0,0,0,0,0,0,0,0,0,0,0,0,0,0,0,0,1,0,0,0,0,0,0,0,0,0,0,0,0,0,0,1,0,0,0,2,0,0,27,20,12,27,0,0,1,1,0,2,2,1,0,0,0,0,0,0,0,0,0,0,0,0,0,0,0,0,0,1,0,1,0,2,1,0,0,0,2,0,0,0,0,0,0,0,0,0,0,6,4,0,6,6,0,0,0,0,0,0,4,0,0,0,0,0,0,0,0,1,0,0,1,1,2,0,0,0,0,0,0,1,0,11,0,0,1,1,0,0,0,0,0,26,0,0,0,0
"InChI=1S/C11H14ClNO/c1-7-6-10(12)4-5-11(7)14-9(3)8(2)13/h4-6,9H,2,13H2,1,3H3",1,1,3,0,0,0,0,0,0,0,0,0,0,0,0,0,0,0,0,0,1,0,0,0,0,0,0,0,0,0,0,0,0,0,0,0,0,1,0,0,0,2,0,1,2,0,0,0,0,0,1,0,1,0,0,0,2,0,0,0,0,0,0,2,0,1,1,0,0,0,1,0,0,0,0,0,0,0,0,0,0,0,0,1,0,0,0,2,1,0,1,0,2,1,0,0,0,2,0,0,0,0,0,0,0,0,0,0,0,2,0,6,6,0,0,0,0,0,1,3,0,0,2,0,0,0,0,2,1,0,0,1,1,2,0,0,0,0,0,0,1,0,6,0,0,0,1,0,0,0,0,0,6,0,0,0,0
"InChI=1S/C11H14ClNO/c1-9(13(2)11(14)8-12)10-6-4-3-5-7-10/h3-7,9H,8H2,1-2H3",1,1,4,0,0,0,0,0,0,0,0,0,0,0,0,0,0,0,0,0,1,0,0,0,0,0,0,0,0,0,0,0,0,3,0,1,0,0,0,0,0,0,0,0,0,0,0,0,0,0,0,0,3,0,1,1,0,0,0,0,0,0,0,3,0,1,7,0,0,0,1,0,0,0,0,0,0,0,0,0,0,0,1,0,0,0,0,3,0,0,1,1,0,0,0,0,0,0,1,1,0,0,0,0,0,0,0,0,3,0,0,6,6,0,0,0,0,0,0,6,0,0,2,0,0,3,0,2,1,0,0,1,3,0,0,0,0,0,0,0,0,0,6,0,0,0,1,0,0,0,0,0,6,0,0,0,0
"InChI=1S/C11H14ClNO/c1-14-11-6-5-9(7-10(11)12)13-8-3-2-4-8/h5-8,13H,2-4H2,1H3",1,1,5,0,0,0,0,0,0,0,0,0,0,0,0,0,0,0,0,0,1,0,0,0,0,0,0,0,0,0,0,0,0,0,0,1,0,1,0,0,0,6,0,0,0,0,0,0,0,0,0,0,2,0,0,0,2,5,4,17,8,0,17,0,0,1,4,0,2,4,1,0,0,0,0,0,0,0,0,0,0,0,0,0,0,0,0,6,1,0,1,0,2,1,0,0,0,1,0,0,0,0,0,0,0,0,0,0,0,2,0,6,6,0,0,0,0,0,0,3,0,0,1,0,0,0,0,1,1,0,0,1,1,2,0,0,0,0,0,0,0,0,10,0,1,0,1,0,0,0,0,0,22,0,0,0,0
"InChI=1S/C11H14ClNO/c1-8(12)11-5-3-10(4-6-11)7-13-9(2)14/h3-6,8H,7H2,1-2H3,(H,13,14)",1,1,4,0,0,0,0,0,0,0,0,0,0,0,0,0,0,0,0,0,0,0,0,0,0,0,0,0,0,0,0,0,0,3,0,0,0,1,0,0,0,0,0,0,0,0,0,0,0,0,0,1,1,0,0,0,1,3,0,0,0,0,0,3,0,1,4,1,0,0,0,0,0,0,0,0,0,0,0,0,0,0,1,0,0,0,3,0,0,0,1,0,0,1,0,0,0,0,1,1,0,0,0,0,0,0,0,0,0,0,0,6,6,0,0,0,0,0,0,6,0,0,2,0,0,0,0,2,1,0,0,1,3,0,0,0,0,0,0,0,0,1,6,0,0,0,1,0,0,0,0,0,6,0,0,0,0
"InChI=1S/C11H14ClNO/c1-8(12)11(14)13-9(2)10-6-4-3-5-7-10/h3-9H,1-2H3,(H,13,14)",1,1,4,0,0,0,0,0,0,0,0,0,0,0,0,0,0,0,0,0,0,0,0,0,0,0,0,0,0,0,0,0,0,0,0,0,0,1,0,0,0,0,0,0,0,0,0,0,0,0,0,1,1,0,0,0,1,0,0,0,0,0,0,0,0,1,4,1,0,0,0,0,0,0,0,0,0,0,0,0,0,0,1,0,0,0,0,0,0,0,1,0,0,1,0,0,0,0,1,1,0,0,0,0,0,0,0,0,0,0,0,6,6,0,0,0,0,0,0,0,0,0,2,0,0,0,0,2,1,0,0,1,3,0,0,0,0,0,0,0,0,1,6,0,0,0,1,0,0,0,0,0,6,0,0,0,0
"InChI=1S/C11H14ClNO/c1-3-4-7-13-11-8-9(14-2)5-6-10(11)12/h3,5-6,8,13H,1,4,7H2,2H3",1,1,3,0,0,0,0,0,0,0,0,0,0,0,0,0,0,0,0,0,1,0,0,0,0,0,0,0,0,0,0,0,0,3,0,1,0,1,0,0,0,3,0,1,2,0,0,0,0,0,0,0,2,0,0,0,2,0,2,9,6,0,9,0,0,1,4,0,2,2,1,0,0,0,0,0,0,0,0,0,0,0,0,0,0,0,3,3,1,0,1,0,2,1,0,0,0,1,0,0,0,0,1,0,0,0,0,0,0,2,0,6,6,0,0,0,0,0,1,15,3,0,1,0,0,0,0,1,1,0,0,1,1,2,0,0,0,0,0,0,0,0,6,0,0,0,1,0,0,0,0,0,6,0,0,0,0
"InChI=1S/C11H14ClNO/c1-8-5-4-6-9(2)11(8)13(3)10(14)7-12/h4-6H,7H2,1-3H3",1,1,4,0,0,0,0,0,0,0,0,0,0,0,0,0,0,0,0,0,1,0,0,0,0,0,0,0,0,0,0,0,0,3,0,1,0,0,0,0,0,0,0,0,0,0,0,0,0,0,0,0,3,0,1,1,0,0,0,0,0,0,0,3,0,1,5,0,2,2,1,0,0,0,0,0,0,0,0,0,0,0,1,0,0,0,0,3,0,0,1,1,0,0,0,0,0,0,1,1,0,0,0,0,0,0,0,0,3,0,0,6,6,0,0,0,0,0,0,6,0,0,3,0,0,0,0,3,1,0,0,1,3,0,0,0,0,0,0,0,0,0,6,0,0,0,1,0,0,0,0,0,6,0,0,0,0
"InChI=1S/C11H14ClNO/c12-9-4-3-8(7-14)10(6-9)11-2-1-5-13-11/h3-4,6,11,13-14H,1-2,5,7H2",1,1,5,0,0,0,0,0,0,0,0,0,0,0,0,0,0,0,0,0,1,0,1,0,0,0,0,0,0,0,0,0,0,6,0,0,0,2,0,0,0,6,0,0,0,0,0,0,0,0,0,0,2,0,0,0,1,5,5,18,8,17,18,0,1,1,6,0,0,0,1,2,0,0,0,0,0,0,0,0,0,0,0,0,0,0,3,6,1,1,1,0,0,1,0,0,0,0,0,0,0,0,0,0,0,0,0,3,0,0,0,6,6,0,0,0,0,1,0,9,6,0,0,0,0,0,0,0,1,0,0,1,1,2,0,0,0,0,0,0,0,1,11,0,0,1,1,0,0,0,0,1,22,0,0,0,0
"InChI=1S/C11H14ClNO/c12-9-3-4-10(8(6-9)7-14)11-2-1-5-13-11/h3-4,6,11,13-14H,1-2,5,7H2",1,1,5,0,0,0,0,0,0,0,0,0,0,0,0,0,0,0,0,0,1,0,1,0,0,0,0,0,0,0,0,0,0,6,0,0,0,2,0,0,0,6,0,0,0,0,0,0,0,0,0,0,2,0,0,0,1,5,5,18,8,17,18,0,1,1,6,0,0,0,1,2,0,0,0,0,0,0,0,0,0,0,0,0,0,0,3,6,1,1,1,0,0,1,0,0,0,0,0,0,0,0,0,0,0,0,0,3,0,0,0,6,6,0,0,0,0,1,0,9,6,0,0,0,0,0,0,0,1,0,0,1,1,2,0,0,0,0,0,0,0,1,11,0,0,1,1,0,0,0,0,1,22,0,0,0,0
"InChI=1S/C11H14ClNO/c1-2-11(8-14)13-7-9-3-5-10(12)6-4-9/h3-7,11,14H,2,8H2,1H3",1,1,4,0,0,0,0,0,0,0,0,0,0,0,0,0,0,0,0,0,0,0,0,0,0,0,0,0,0,0,0,0,0,3,0,0,0,1,0,0,0,0,0,0,0,0,0,0,0,0,0,1,1,0,0,0,1,3,0,0,0,0,0,3,0,1,4,1,0,0,0,0,0,0,0,0,0,0,0,0,0,0,0,1,0,0,0,6,0,0,1,0,0,1,0,0,0,0,0,0,0,0,0,0,0,0,0,3,0,0,0,6,6,0,0,0,0,0,0,12,3,0,1,3,0,0,0,1,1,0,0,1,1,2,0,0,0,0,0,0,0,1,6,0,0,0,1,0,0,0,0,0,6,0,0,0,0
"InChI=1S/C11H14ClNO/c12-10-5-1-2-6-11(10)13-9-4-3-7-14-8-9/h1-2,5-6,9,13H,3-4,7-8H2",1,1,5,0,0,0,0,0,0,0,0,0,0,0,0,0,0,0,0,0,1,0,0,0,0,0,0,0,0,0,0,0,0,6,0,0,0,1,0,0,0,6,0,0,0,0,0,0,0,0,0,0,2,0,0,0,2,3,6,18,17,18,18,0,1,1,4,0,2,4,1,0,0,0,0,0,0,0,0,0,0,0,0,1,0,0,0,6,1,0,1,0,0,0,0,0,0,0,0,0,0,0,0,0,0,0,0,6,3,0,1,6,6,0,0,0,0,1,0,4,0,1,0,0,0,0,0,0,1,0,0,1,1,2,0,0,0,0,0,0,0,0,12,0,0,0,2,0,0,0,1,0,22,0,0,0,0
"InChI=1S/C11H14ClNO/c12-9-4-5-11(8(6-9)7-13)14-10-2-1-3-10/h4-6,10H,1-3,7,13H2",1,1,5,0,0,0,0,0,0,0,0,0,0,0,0,0,0,0,0,0,1,0,0,0,0,0,0,0,0,0,0,0,0,3,0,0,0,1,0,0,0,0,0,0,0,0,0,0,0,0,0,0,1,0,0,0,2,0,0,17,8,0,17,0,0,1,3,0,0,0,1,0,0,0,0,0,0,0,0,0,0,0,0,0,0,0,3,0,1,0,1,0,2,1,0,0,0,2,0,0,0,0,1,0,0,0,0,0,6,4,0,6,6,0,0,0,0,0,0,9,3,0,0,0,0,0,0,0,1,0,0,1,1,2,0,0,0,0,0,0,1,0,10,0,1,0,1,0,0,0,0,0,22,0,0,0,0
"InChI=1S/C11H14ClNO/c1-2-13(11(14)8-12)9-10-6-4-3-5-7-10/h3-7H,2,8-9H2,1H3",1,1,4,0,0,0,0,0,0,0,0,0,0,0,0,0,0,0,0,0,1,0,0,0,0,0,0,0,0,0,0,0,0,9,0,0,0,0,0,0,0,0,0,0,0,0,0,0,0,0,0,0,3,0,1,1,0,0,0,0,18,0,0,3,0,1,7,0,0,0,1,0,0,0,0,0,0,0,0,0,0,0,1,0,0,0,6,3,0,0,1,1,0,0,0,0,0,0,1,1,0,0,0,0,0,0,0,0,3,0,0,6,6,0,0,0,0,0,0,18,0,1,1,3,0,3,0,1,1,0,0,1,3,0,0,0,0,0,0,0,0,0,6,0,0,0,1,0,0,0,0,0,6,0,0,0,0
"InChI=1S/C11H14ClNO/c1-8(2)7-13-11-6-9(14-3)4-5-10(11)12/h4-6,13H,1,7H2,2-3H3",1,1,3,0,0,0,0,0,0,0,0,0,0,0,0,0,0,0,0,0,1,0,0,0,0,0,0,0,0,0,0,0,0,3,0,1,0,1,0,0,0,0,0,1,2,0,0,0,0,1,0,0,2,0,0,0,2,2,0,0,0,0,0,0,0,1,4,0,2,2,1,0,0,0,0,0,0,0,0,0,0,0,0,0,0,0,3,0,1,0,1,0,2,1,0,0,0,1,0,0,0,0,1,0,0,0,0,0,0,2,0,6,6,0,0,0,0,0,1,9,3,0,2,0,5,0,0,2,1,0,0,1,1,2,0,0,0,0,0,0,0,0,6,0,0,0,1,0,0,0,0,0,6,0,0,0,0
"InChI=1S/C11H14ClNO/c12-9-10-1-3-11(4-2-10)13-5-7-14-8-6-13/h1-4H,5-9H2",1,1,5,0,0,0,0,0,0,0,0,0,0,0,0,0,0,0,0,0,1,0,0,0,0,0,0,0,0,0,0,0,0,15,0,0,0,0,0,0,0,0,0,0,0,0,0,0,0,0,0,0,3,0,1,0,2,0,0,18,33,16,18,0,2,1,7,0,2,2,1,2,0,0,0,0,0,0,0,0,0,0,0,2,0,0,6,6,0,1,1,0,0,0,0,0,0,0,0,0,0,0,0,0,0,0,0,6,6,0,1,6,6,0,0,0,0,2,0,10,0,2,0,0,0,0,0,0,1,0,0,1,3,0,0,0,0,0,0,0,0,0,12,0,0,0,2,0,0,0,1,1,18,0,0,0,0
"InChI=1S/C11H14ClNO/c12-10-5-2-6-11(9(10)7-13)14-8-3-1-4-8/h2,5-6,8H,1,3-4,7,13H2",1,1,5,0,0,0,0,0,0,0,0,0,0,0,0,0,0,0,0,0,1,0,0,0,0,0,0,0,0,0,0,0,0,3,0,0,0,1,0,0,0,0,0,0,0,0,0,0,0,0,0,0,1,0,0,0,2,0,0,17,8,0,17,0,0,1,3,0,0,0,1,0,0,0,0,0,0,0,0,0,0,0,0,0,0,0,3,0,1,0,1,0,2,1,0,0,0,2,0,0,0,0,1,0,0,0,0,0,6,4,0,6,6,0,0,0,0,0,0,9,3,0,0,0,0,0,0,0,1,0,0,1,1,2,0,0,0,0,0,0,1,0,10,0,1,0,1,0,0,0,0,0,22,0,0,0,0
"InChI=1S/C11H14ClNO/c12-9-3-5-10(6-4-9)13-11-2-1-7-14-8-11/h3-6,11,13H,1-2,7-8H2",1,1,5,0,0,0,0,0,0,0,0,0,0,0,0,0,0,0,0,0,1,0,0,0,0,0,0,0,0,0,0,0,0,6,0,0,0,1,0,0,0,6,0,0,0,0,0,0,0,0,0,0,2,0,0,0,2,3,6,18,17,18,18,0,1,1,4,0,2,4,1,0,0,0,0,0,0,0,0,0,0,0,0,1,0,0,0,6,1,0,1,0,0,0,0,0,0,0,0,0,0,0,0,0,0,0,0,6,3,0,1,6,6,0,0,0,0,1,0,4,0,1,0,0,0,0,0,0,1,0,0,1,1,2,0,0,0,0,0,0,0,0,12,0,0,0,2,0,0,0,1,0,22,0,0,0,0
"InChI=1S/C11H14ClNO/c1-3-8(2)14-11-5-4-9(7-13)6-10(11)12/h3-6,8H,1,7,13H2,2H3",1,1,3,0,0,0,0,0,0,0,0,0,0,0,0,0,0,0,0,0,1,0,0,0,0,0,0,0,0,0,0,0,0,3,0,0,0,1,0,0,0,0,0,1,2,0,0,0,0,0,0,0,1,0,0,0,2,0,0,0,0,0,0,2,0,1,3,0,0,0,1,0,0,0,0,0,0,0,0,0,0,0,0,0,0,0,3,0,1,0,1,0,2,1,0,0,0,2,0,0,0,0,0,0,0,0,0,0,0,2,0,6,6,0,0,0,0,0,1,9,3,0,1,0,0,0,0,1,1,0,0,1,1,2,0,0,0,0,0,0,1,0,6,0,0,0,1,0,0,0,0,0,6,0,0,0,0
"InChI=1S/C11H14ClNO/c12-10-3-1-8(2-4-10)11-6-13-5-9(11)7-14/h1-4,9,11,13-14H,5-7H2",1,1,5,0,0,0,0,0,0,0,0,0,0,0,0,0,0,0,0,0,1,0,1,0,0,0,0,0,0,0,0,0,0,9,0,0,0,2,0,0,1,0,0,0,0,0,0,0,2,0,0,0,2,0,0,0,1,5,9,0,17,9,0,0,1,1,6,0,0,0,1,2,0,0,0,0,0,0,0,0,0,0,0,0,0,0,6,0,1,1,1,0,0,1,0,0,0,0,0,0,0,0,1,0,0,0,0,3,0,0,0,6,6,0,0,0,0,1,0,8,9,1,0,0,0,0,0,0,1,0,0,1,1,2,0,0,0,0,0,0,0,1,11,0,0,1,1,0,0,0,0,1,22,0,0,0,0
"InChI=1S/C11H14ClNO/c1-3-11(14-2)13-8-9-4-6-10(12)7-5-9/h4-8,11H,3H2,1-2H3",1,1,4,0,0,0,0,0,0,0,0,0,0,0,0,0,0,0,0,0,0,0,0,0,0,0,0,0,0,0,0,0,0,0,0,1,0,0,0,0,0,0,0,0,0,0,0,0,0,0,0,1,1,0,0,0,2,0,0,0,0,0,0,3,0,1,4,1,0,0,0,0,0,0,0,0,0,0,0,0,0,0,1,0,0,0,0,3,0,0,1,0,0,1,0,0,0,0,1,1,0,0,0,0,0,0,0,0,3,0,0,6,6,0,0,0,0,0,0,6,0,0,2,3,0,0,0,2,1,0,0,1,1,2,0,0,0,0,0,0,0,0,6,0,0,0,1,0,0,0,0,0,6,0,0,0,0
"InChI=1S/C11H14ClNO/c12-9-5-4-8(7-13)11(6-9)14-10-2-1-3-10/h4-6,10H,1-3,7,13H2",1,1,5,0,0,0,0,0,0,0,0,0,0,0,0,0,0,0,0,0,1,0,0,0,0,0,0,0,0,0,0,0,0,3,0,0,0,1,0,0,0,0,0,0,0,0,0,0,0,0,0,0,1,0,0,0,2,0,0,17,8,0,17,0,0,1,3,0,0,0,1,0,0,0,0,0,0,0,0,0,0,0,0,0,0,0,3,0,1,0,1,0,2,1,0,0,0,2,0,0,0,0,1,0,0,0,0,0,6,4,0,6,6,0,0,0,0,0,0,9,3,0,0,0,0,0,0,0,1,0,0,1,1,2,0,0,0,0,0,0,1,0,10,0,1,0,1,0,0,0,0,0,22,0,0,0,0
"InChI=1S/C11H14ClNO/c1-2-3-10(11(13)14)8-4-6-9(12)7-5-8/h4-7,10H,2-3H2,1H3,(H2,13,14)",1,1,4,0,0,0,0,0,0,0,0,0,0,0,0,0,0,0,0,0,0,0,0,0,0,0,0,0,0,0,0,0,0,0,0,0,0,2,0,0,0,0,0,0,0,0,0,0,1,0,0,1,0,0,0,0,1,6,6,9,0,0,9,0,0,1,1,1,0,0,0,0,0,0,0,0,0,0,0,0,0,0,1,0,0,0,0,0,1,0,1,0,0,1,0,0,0,0,1,1,0,0,0,0,0,0,0,0,0,0,0,6,6,0,0,0,1,0,0,12,0,0,1,3,3,0,0,1,1,0,0,1,1,2,0,0,0,0,0,0,0,1,6,0,0,0,1,0,0,0,0,0,6,0,0,0,0
"InChI=1S/C11H14ClNO/c1-8(13-9(2)14)11-5-3-10(7-12)4-6-11/h3-6,8H,7H2,1-2H3,(H,13,14)",1,1,4,0,0,0,0,0,0,0,0,0,0,0,0,0,0,0,0,0,0,0,0,0,0,0,0,0,0,0,0,0,0,3,0,0,0,1,0,0,0,0,0,0,0,0,0,0,0,0,0,1,1,0,0,0,1,0,0,0,0,0,0,0,0,1,4,1,0,0,0,0,0,0,0,0,0,0,0,0,0,0,1,0,0,0,0,0,0,0,1,0,0,1,0,0,0,0,1,1,0,0,0,0,0,0,0,0,0,0,0,6,6,0,0,0,0,0,0,6,0,0,2,0,0,0,0,2,1,0,0,1,3,0,0,0,0,0,0,0,0,1,6,0,0,0,1,0,0,0,0,0,6,0,0,0,0
"InChI=1S/C11H14ClNO/c12-8-5-6-11(10(13)7-8)14-9-3-1-2-4-9/h5-7,9H,1-4,13H2",1,1,5,0,0,0,0,0,0,0,0,0,0,0,0,0,0,0,0,0,1,0,0,0,0,0,0,0,0,0,0,0,0,0,0,0,0,1,0,0,0,0,0,0,0,0,0,0,0,0,0,0,1,0,0,0,2,0,0,27,20,12,27,0,0,1,1,0,2,2,1,0,0,0,0,0,0,0,0,0,0,0,0,1,0,0,0,0,1,0,1,0,2,1,0,0,0,2,0,0,0,0,0,0,0,0,0,0,6,4,0,6,6,0,0,0,0,0,0,4,0,0,0,0,0,0,0,0,1,0,0,1,1,2,0,0,0,0,0,0,1,0,11,0,0,1,1,0,0,0,0,0,26,0,0,0,0
"InChI=1S/C11H14ClNO/c1-4-5-13-10-6-8(2)9(12)7-11(10)14-3/h4,6-7,13H,1,5H2,2-3H3",1,1,3,0,0,0,0,0,0,0,0,0,0,0,0,0,0,0,0,0,1,0,0,0,0,0,0,0,0,0,0,0,0,3,0,1,0,1,0,0,0,0,0,1,2,0,0,0,0,0,0,0,2,0,0,0,2,2,0,0,0,0,0,0,0,1,4,0,2,2,1,0,0,0,0,0,0,0,0,0,0,0,0,1,0,0,3,0,1,0,1,0,2,1,0,0,0,1,0,0,0,0,0,0,0,0,0,0,0,2,0,6,6,0,0,0,0,0,1,9,3,0,2,0,0,0,0,2,1,0,0,1,1,2,0,0,0,0,0,0,0,0,6,0,0,0,1,0,0,0,0,0,6,0,0,0,0
"InChI=1S/C11H14ClNO/c1-14-11-6-5-8(12)7-10(11)13-9-3-2-4-9/h5-7,9,13H,2-4H2,1H3",1,1,5,0,0,0,0,0,0,0,0,0,0,0,0,0,0,0,0,0,1,0,0,0,0,0,0,0,0,0,0,0,0,0,0,1,0,1,0,0,0,6,0,0,0,0,0,0,0,0,0,0,2,0,0,0,2,5,4,17,8,0,17,0,0,1,4,0,2,4,1,0,0,0,0,0,0,0,0,0,0,0,0,1,0,0,0,6,1,0,1,0,2,1,0,0,0,1,0,0,0,0,0,0,0,0,0,0,0,2,0,6,6,0,0,0,0,0,0,3,0,0,1,0,0,0,0,1,1,0,0,1,1,2,0,0,0,0,0,0,0,0,10,0,1,0,1,0,0,0,0,0,22,0,0,0,0
"InChI=1S/C11H14ClNO/c12-9-3-1-4-10(7-9)13-11-5-2-6-14-8-11/h1,3-4,7,11,13H,2,5-6,8H2",1,1,5,0,0,0,0,0,0,0,0,0,0,0,0,0,0,0,0,0,1,0,0,0,0,0,0,0,0,0,0,0,0,6,0,0,0,1,0,0,0,6,0,0,0,0,0,0,0,0,0,0,2,0,0,0,2,3,6,18,17,18,18,0,1,1,4,0,2,4,1,0,0,0,0,0,0,0,0,0,0,0,0,1,0,0,0,6,1,0,1,0,0,0,0,0,0,0,0,0,0,0,0,0,0,0,0,6,3,0,1,6,6,0,0,0,0,1,0,4,0,1,0,0,0,0,0,0,1,0,0,1,1,2,0,0,0,0,0,0,0,0,12,0,0,0,2,0,0,0,1,0,22,0,0,0,0
"InChI=1S/C11H14ClNO/c12-10-6-5-8(13)7-11(10)14-9-3-1-2-4-9/h5-7,9H,1-4,13H2",1,1,5,0,0,0,0,0,0,0,0,0,0,0,0,0,0,0,0,0,1,0,0,0,0,0,0,0,0,0,0,0,0,0,0,0,0,1,0,0,0,0,0,0,0,0,0,0,0,0,0,0,1,0,0,0,2,0,0,27,20,12,27,0,0,1,1,0,2,2,1,0,0,0,0,0,0,0,0,0,0,0,0,0,0,0,0,0,1,0,1,0,2,1,0,0,0,2,0,0,0,0,1,0,0,0,0,0,6,4,0,6,6,0,0,0,0,0,0,4,0,0,0,0,0,0,0,0,1,0,0,1,1,2,0,0,0,0,0,0,1,0,11,0,0,1,1,0,0,0,0,0,26,0,0,0,0
"InChI=1S/C11H14ClNO/c1-14-11-5-4-9(6-10(11)12)13-7-8-2-3-8/h4-6,8,13H,2-3,7H2,1H3",1,1,5,0,0,0,0,0,0,0,0,0,0,0,0,0,0,0,0,0,1,0,0,0,0,0,0,0,0,0,0,0,0,3,0,1,0,1,0,0,0,0,0,0,0,0,0,0,1,0,0,0,2,0,0,0,2,5,4,8,12,0,8,0,0,1,4,0,2,2,1,0,0,0,0,0,0,0,0,0,0,0,0,0,0,0,3,0,1,0,1,0,2,1,0,0,0,1,0,0,0,0,0,0,0,0,0,0,0,2,0,6,6,0,0,0,0,0,0,8,3,0,1,0,0,0,0,1,1,0,0,1,1,2,0,0,0,0,0,0,0,0,9,1,0,0,1,0,0,0,0,0,18,0,0,0,0
"InChI=1S/C11H14ClNO/c12-9-4-1-2-5-10(9)13-11(8-14)6-3-7-11/h1-2,4-5,13-14H,3,6-8H2",1,1,5,0,0,0,0,0,0,0,0,0,0,0,0,0,0,0,0,0,1,0,0,0,0,0,0,0,0,0,0,0,0,3,0,0,0,2,0,1,0,9,0,0,0,0,0,0,1,0,0,0,2,0,0,0,1,11,9,17,23,12,17,0,0,1,4,0,2,4,1,0,0,0,0,0,0,0,0,0,0,0,0,1,0,0,0,9,1,0,1,0,0,1,0,0,0,0,0,0,0,0,0,0,0,0,0,3,0,0,0,6,6,0,0,0,0,0,0,9,3,0,0,0,0,0,0,0,1,0,0,1,1,2,0,0,0,0,0,0,0,1,10,0,1,0,1,0,0,0,0,0,22,0,0,0,0
"InChI=1S/C11H14ClNO/c1-7-2-10(12)4-9-3-8(6-14)5-13-11(7)9/h2,4,8,13-14H,3,5-6H2,1H3",1,1,5,0,0,0,0,0,0,0,0,0,0,0,0,0,0,0,0,0,1,0,0,0,0,0,0,0,0,0,0,0,0,6,0,0,0,2,0,0,1,0,0,0,0,0,0,0,1,0,0,0,2,0,0,0,1,14,0,0,0,8,0,0,1,1,4,0,2,0,1,2,0,0,0,0,0,0,0,0,0,0,0,0,0,0,3,0,1,1,1,0,0,1,0,0,0,0,0,0,0,0,1,0,0,0,0,3,0,0,0,6,6,0,0,0,0,1,0,8,6,0,1,0,0,6,0,1,1,0,0,1,1,2,0,0,0,0,0,0,0,1,10,0,0,0,2,0,0,0,1,0,13,2,0,0,0
"InChI=1S/C11H14ClNO/c12-9-2-4-10(5-3-9)13-11(8-14)6-1-7-11/h2-5,13-14H,1,6-8H2",1,1,5,0,0,0,0,0,0,0,0,0,0,0,0,0,0,0,0,0,1,0,0,0,0,0,0,0,0,0,0,0,0,3,0,0,0,2,0,1,0,9,0,0,0,0,0,0,1,0,0,0,2,0,0,0,1,11,9,17,23,12,17,0,0,1,4,0,2,4,1,0,0,0,0,0,0,0,0,0,0,0,0,1,0,0,0,9,1,0,1,0,0,1,0,0,0,0,0,0,0,0,0,0,0,0,0,3,0,0,0,6,6,0,0,0,0,0,0,9,3,0,0,0,0,0,0,0,1,0,0,1,1,2,0,0,0,0,0,0,0,1,10,0,1,0,1,0,0,0,0,0,22,0,0,0,0
"InChI=1S/C11H14ClNO/c1-13(2)10(11(12)14)8-9-6-4-3-5-7-9/h3-7,10H,8H2,1-2H3",1,1,4,0,0,0,0,0,0,0,0,0,0,0,0,0,0,0,0,0,1,0,0,0,0,0,0,0,0,0,0,0,0,0,0,2,0,0,0,0,0,0,0,0,0,0,0,0,0,0,0,0,3,0,1,1,0,0,0,0,0,0,0,6,0,1,9,0,0,0,1,0,0,0,0,0,0,0,0,0,0,0,0,1,0,0,0,3,0,0,1,1,0,0,0,0,0,0,0,0,0,0,0,0,0,0,0,0,0,0,0,6,6,0,0,0,0,0,0,6,0,1,2,0,0,0,1,2,1,0,0,1,1,0,0,0,0,0,0,0,0,0,6,0,0,0,1,0,0,0,0,0,6,0,0,0,0
"InChI=1S/C11H14ClNO/c1-2-6-10(12)11(14)13-9-7-4-3-5-8-9/h3-5,7-8,10H,2,6H2,1H3,(H,13,14)",1,1,4,0,0,0,0,0,0,0,0,0,0,0,0,0,0,0,0,0,0,0,0,0,0,0,0,0,0,0,0,0,0,0,0,0,0,1,0,0,0,0,0,0,0,0,0,0,0,0,0,1,1,0,0,0,1,3,3,9,0,0,9,0,0,1,2,1,2,2,0,0,0,0,0,0,0,0,0,0,0,0,1,0,0,0,0,0,0,0,1,0,0,1,0,0,0,0,1,1,0,0,0,0,0,0,0,0,0,0,0,6,6,0,0,0,0,0,0,12,0,0,1,3,3,0,0,1,1,0,0,1,3,0,0,0,0,0,0,0,0,1,6,0,0,0,1,0,0,0,0,0,6,0,0,0,0
"InChI=1S/C11H14ClNO/c1-8-4-6-9(7-5-8)10(12)11(14)13(2)3/h4-7,10H,1-3H3",1,1,4,0,0,0,0,0,0,0,0,0,0,0,0,0,0,0,0,0,1,0,0,0,0,0,0,0,0,0,0,0,0,0,0,2,0,0,0,0,0,0,0,0,0,0,0,0,0,0,0,0,3,0,1,1,0,0,0,0,0,0,0,0,0,1,7,0,0,0,1,0,0,0,0,0,0,0,0,0,0,0,1,0,0,0,0,0,0,0,1,1,0,0,0,0,0,0,1,1,0,0,0,0,0,0,0,0,0,0,0,6,6,0,0,0,0,0,0,0,0,1,3,0,0,0,1,3,1,0,0,1,3,0,0,0,0,0,0,0,0,0,6,0,0,0,1,0,0,0,0,0,6,0,0,0,0
"InChI=1S/C11H14ClNO/c1-7-4-5-10(8(2)6-7)13-11(14)9(3)12/h4-6,9H,1-3H3,(H,13,14)",1,1,4,0,0,0,0,0,0,0,0,0,0,0,0,0,0,0,0,0,0,0,0,0,0,0,0,0,0,0,0,0,0,0,0,0,0,1,0,0,0,0,0,0,0,0,0,0,0,0,0,1,1,0,0,0,1,0,0,0,0,0,0,0,0,1,2,1,2,2,0,0,0,0,0,0,0,0,0,0,0,0,1,0,0,0,0,0,0,0,1,0,0,1,0,0,0,0,1,1,0,0,0,0,0,0,0,0,0,0,0,6,6,0,0,0,0,0,0,0,0,0,3,0,0,0,0,3,1,0,0,1,3,0,0,0,0,0,0,0,0,1,6,0,0,0,1,0,0,0,0,0,6,0,0,0,0
"InChI=1S/C11H14ClNO/c12-10-3-1-9(2-4-10)7-11-8-13-5-6-14-11/h1-4,11,13H,5-8H2",1,1,5,0,0,0,0,0,0,0,0,0,0,0,0,0,0,0,0,0,1,0,0,0,0,0,0,0,0,0,0,0,0,9,0,0,0,1,0,0,0,3,0,0,0,0,0,0,0,0,0,0,2,0,0,0,2,3,3,9,26,26,9,0,2,1,6,0,0,0,1,2,0,0,0,0,0,0,0,0,0,0,0,2,0,0,6,3,1,1,1,0,0,0,0,0,0,1,0,0,0,0,0,0,0,0,0,3,9,0,1,6,6,0,0,0,0,2,0,9,6,1,0,0,0,0,0,0,1,0,0,1,1,2,0,0,0,0,0,0,0,0,12,0,0,0,2,0,0,0,1,0,18,0,0,0,0
"InChI=1S/C11H14ClNO/c1-8-5-4-6-9(7-8)10(12)11(14)13(2)3/h4-7,10H,1-3H3",1,1,4,0,0,0,0,0,0,0,0,0,0,0,0,0,0,0,0,0,1,0,0,0,0,0,0,0,0,0,0,0,0,0,0,2,0,0,0,0,0,0,0,0,0,0,0,0,0,0,0,0,3,0,1,1,0,0,0,0,0,0,0,0,0,1,7,0,0,0,1,0,0,0,0,0,0,0,0,0,0,0,1,0,0,0,0,0,0,0,1,1,0,0,0,0,0,0,1,1,0,0,0,0,0,0,0,0,0,0,0,6,6,0,0,0,0,0,0,0,0,1,3,0,0,0,1,3,1,0,0,1,3,0,0,0,0,0,0,0,0,0,6,0,0,0,1,0,0,0,0,0,6,0,0,0,0
"InChI=1S/C11H14ClNO/c1-2-3-6-14-11-5-4-10(12)7-9(11)8-13/h2-5,7H,6,8,13H2,1H3",1,1,3,0,0,0,0,0,0,0,0,0,0,0,0,0,0,0,0,0,1,0,0,0,0,0,0,0,0,0,0,0,0,6,0,0,0,1,0,0,0,0,0,1,2,0,0,0,0,0,0,0,1,0,0,0,2,0,0,0,0,9,0,3,0,1,3,0,0,0,1,0,0,0,0,0,0,0,0,0,0,0,0,0,0,0,3,0,1,0,1,0,2,1,0,0,0,1,0,0,0,0,1,0,0,0,0,3,0,2,0,6,6,0,0,0,0,0,0,12,3,0,1,0,0,0,0,1,1,0,0,1,1,2,0,0,0,0,0,0,1,0,6,0,0,0,1,0,0,0,0,0,6,0,0,0,0
"InChI=1S/C11H14ClNO/c12-8-5-6-10(13)11(7-8)14-9-3-1-2-4-9/h5-7,9H,1-4,13H2",1,1,5,0,0,0,0,0,0,0,0,0,0,0,0,0,0,0,0,0,1,0,0,0,0,0,0,0,0,0,0,0,0,0,0,0,0,1,0,0,0,0,0,0,0,0,0,0,0,0,0,0,1,0,0,0,2,0,0,27,20,12,27,0,0,1,1,0,2,2,1,0,0,0,0,0,0,0,0,0,0,0,0,1,0,0,0,0,1,0,1,0,2,1,0,0,0,2,0,0,0,0,0,0,0,0,0,0,6,4,0,6,6,0,0,0,0,0,0,4,0,0,0,0,0,0,0,0,1,0,0,1,1,2,0,0,0,0,0,0,1,0,11,0,0,1,1,0,0,0,0,0,26,0,0,0,0
"InChI=1S/C11H14ClNO/c1-13(8-2-7-12)11-5-3-10(9-14)4-6-11/h3-6,9H,2,7-8H2,1H3",1,1,4,0,0,0,0,0,0,0,0,0,0,0,0,0,0,0,0,0,1,0,0,0,0,0,0,0,0,0,0,0,0,6,0,1,0,0,0,0,0,0,0,0,0,0,0,0,0,0,0,0,3,0,1,1,0,0,0,18,0,0,18,3,0,1,7,0,2,2,1,0,0,0,0,0,0,0,0,0,0,0,0,0,0,0,3,3,0,0,1,1,0,0,0,0,0,0,0,0,0,0,0,0,0,0,0,0,0,0,0,6,6,0,0,0,0,0,0,18,0,1,1,0,3,3,0,1,1,0,0,1,3,0,0,0,0,0,0,0,0,0,6,0,0,0,1,0,0,0,0,0,6,0,0,0,0
"InChI=1S/C11H14ClNO/c1-2-3-9-13(11(12)14)10-7-5-4-6-8-10/h4-8H,2-3,9H2,1H3",1,1,4,0,0,0,0,0,0,0,0,0,0,0,0,0,0,0,0,0,1,0,0,0,0,0,1,0,0,0,0,0,0,3,0,0,0,0,0,0,0,0,0,0,0,0,0,0,0,0,0,0,3,0,1,1,0,0,0,18,0,0,18,3,0,1,5,0,2,2,1,0,0,0,0,0,0,0,0,0,0,0,1,0,0,0,3,3,0,0,1,1,0,0,0,0,0,0,1,0,0,0,0,0,0,0,0,0,0,0,0,6,6,0,0,0,0,0,0,18,0,0,1,3,3,0,0,1,1,0,0,1,1,0,0,0,0,0,0,0,0,0,6,0,0,0,1,0,0,0,0,0,6,0,0,0,0
"InChI=1S/C11H14ClNO/c1-8-4-9(2)6-10(5-8)13(3)11(14)7-12/h4-6H,7H2,1-3H3",1,1,4,0,0,0,0,0,0,0,0,0,0,0,0,0,0,0,0,0,1,0,0,0,0,0,0,0,0,0,0,0,0,3,0,1,0,0,0,0,0,0,0,0,0,0,0,0,0,0,0,0,3,0,1,1,0,0,0,0,0,0,0,3,0,1,5,0,2,2,1,0,0,0,0,0,0,0,0,0,0,0,1,0,0,0,0,3,0,0,1,1,0,0,0,0,0,0,1,1,0,0,0,0,0,0,0,0,3,0,0,6,6,0,0,0,0,0,0,6,0,0,3,0,0,0,0,3,1,0,0,1,3,0,0,0,0,0,0,0,0,0,6,0,0,0,1,0,0,0,0,0,6,0,0,0,0
"InChI=1S/C11H14ClNO/c12-9-3-1-4-10(7-9)13-11(8-14)5-2-6-11/h1,3-4,7,13-14H,2,5-6,8H2",1,1,5,0,0,0,0,0,0,0,0,0,0,0,0,0,0,0,0,0,1,0,0,0,0,0,0,0,0,0,0,0,0,3,0,0,0,2,0,1,0,9,0,0,0,0,0,0,1,0,0,0,2,0,0,0,1,11,9,17,23,12,17,0,0,1,4,0,2,4,1,0,0,0,0,0,0,0,0,0,0,0,0,1,0,0,0,9,1,0,1,0,0,1,0,0,0,0,0,0,0,0,0,0,0,0,0,3,0,0,0,6,6,0,0,0,0,0,0,9,3,0,0,0,0,0,0,0,1,0,0,1,1,2,0,0,0,0,0,0,0,1,10,0,1,0,1,0,0,0,0,0,22,0,0,0,0
"InChI=1S/C11H14ClNO/c12-10-3-1-9(2-4-10)7-11-8-14-6-5-13-11/h1-4,11,13H,5-8H2",1,1,5,0,0,0,0,0,0,0,0,0,0,0,0,0,0,0,0,0,1,0,0,0,0,0,0,0,0,0,0,0,0,9,0,0,0,1,0,0,0,9,0,0,0,0,0,0,0,0,0,0,2,0,0,0,2,0,5,9,26,26,9,0,2,1,6,0,0,0,1,2,0,0,0,0,0,0,0,0,0,0,0,2,0,0,3,9,1,1,1,0,0,0,0,0,0,0,0,0,0,0,0,0,0,0,0,6,3,0,1,6,6,0,0,0,0,2,0,9,3,1,0,0,0,0,0,0,1,0,0,1,1,2,0,0,0,0,0,0,0,0,12,0,0,0,2,0,0,0,1,0,18,0,0,0,0
"InChI=1S/C11H14ClNO/c1-14-9-5-6-10(12)11(7-9)13-8-3-2-4-8/h5-8,13H,2-4H2,1H3",1,1,5,0,0,0,0,0,0,0,0,0,0,0,0,0,0,0,0,0,1,0,0,0,0,0,0,0,0,0,0,0,0,0,0,1,0,1,0,0,0,6,0,0,0,0,0,0,0,0,0,0,2,0,0,0,2,5,4,17,8,0,17,0,0,1,4,0,2,4,1,0,0,0,0,0,0,0,0,0,0,0,0,0,0,0,0,6,1,0,1,0,2,1,0,0,0,1,0,0,0,0,1,0,0,0,0,0,0,2,0,6,6,0,0,0,0,0,0,3,0,0,1,0,0,0,0,1,1,0,0,1,1,2,0,0,0,0,0,0,0,0,10,0,1,0,1,0,0,0,0,0,22,0,0,0,0
"InChI=1S/C11H14ClNO/c1-9(14)10-4-2-5-11(8-10)13-7-3-6-12/h2,4-5,8,13H,3,6-7H2,1H3",1,1,4,0,0,0,0,0,0,0,0,0,0,0,0,0,0,0,0,0,1,0,0,0,0,0,0,0,0,0,0,0,0,6,0,0,0,1,0,0,0,3,0,0,0,0,0,0,0,0,0,0,2,0,0,1,0,3,0,18,0,0,18,0,0,1,4,0,2,2,1,0,0,0,0,0,0,0,0,0,0,0,0,0,0,0,3,3,1,0,1,1,0,0,0,0,0,1,0,0,0,0,0,0,0,0,0,0,0,0,0,6,6,0,0,0,0,0,0,18,3,0,1,0,0,0,0,1,1,0,0,1,3,0,0,0,0,0,0,0,0,0,6,0,0,0,1,0,0,0,0,0,6,0,0,0,0
"InChI=1S/C11H14ClNO/c1-11(2,10(14)13-3)8-4-6-9(12)7-5-8/h4-7H,1-3H3,(H,13,14)",1,1,4,0,0,0,0,0,0,0,0,0,0,0,0,0,0,0,0,0,0,0,0,0,0,0,0,0,0,0,0,0,0,0,0,1,0,1,0,0,0,0,0,0,0,0,0,0,1,0,0,1,1,0,0,0,1,0,0,0,0,0,0,0,0,1,4,1,0,0,0,0,0,0,0,0,0,0,0,0,0,0,1,0,0,0,0,0,0,0,1,0,0,1,0,0,0,0,1,1,0,0,0,0,0,0,0,0,0,0,0,6,6,0,0,0,0,0,0,0,0,0,3,0,0,0,1,3,1,0,0,1,1,2,0,0,0,0,0,0,0,1,6,0,0,0,1,0,0,0,0,0,6,0,0,0,0
"InChI=1S/C11H14ClNO/c12-10-3-1-9(2-4-10)7-13-11-5-6-14-8-11/h1-4,11,13H,5-8H2",1,1,5,0,0,0,0,0,0,0,0,0,0,0,0,0,0,0,0,0,1,0,1,0,0,0,0,0,0,0,0,0,0,9,0,0,0,1,0,0,0,6,0,0,0,0,0,0,0,0,0,0,2,0,0,0,2,3,3,9,32,13,9,0,1,1,6,0,0,2,1,0,0,0,0,0,0,0,0,0,0,0,0,1,0,0,3,6,1,0,1,0,0,0,0,0,0,0,0,0,0,0,1,0,0,0,0,6,3,0,1,6,6,0,0,0,0,1,0,9,3,1,0,0,0,0,0,0,1,0,0,1,1,2,0,0,0,0,0,0,0,0,11,0,0,1,1,0,0,0,0,0,18,0,0,0,0
"InChI=1S/C11H14ClNO/c1-8-7-10(5-6-12)3-4-11(8)13-9(2)14/h3-4,7H,5-6H2,1-2H3,(H,13,14)",1,1,4,0,0,0,0,0,0,0,0,0,0,0,0,0,0,0,0,0,0,0,0,0,0,0,0,0,0,0,0,0,0,3,0,0,0,1,0,0,0,0,0,0,0,0,0,0,0,0,0,1,1,0,0,0,1,0,0,9,0,0,9,0,0,1,2,1,2,2,0,0,0,0,0,0,0,0,0,0,0,0,1,0,0,0,0,0,0,0,1,0,0,1,0,0,0,0,1,1,0,0,0,0,0,0,0,0,0,0,0,6,6,0,0,0,0,0,0,12,0,0,2,0,0,3,0,2,1,0,0,1,3,0,0,0,0,0,0,0,0,1,6,0,0,0,1,0,0,0,0,0,6,0,0,0,0
"InChI=1S/C11H14ClNO/c1-2-3-6-14-11-5-4-10(12)7-9(11)8-13/h2,4-5,7H,1,3,6,8,13H2",1,1,3,0,0,0,0,0,0,0,0,0,0,0,0,0,0,0,0,0,1,0,0,0,0,0,0,0,0,0,0,0,0,6,0,0,0,1,0,0,0,0,0,1,2,0,0,0,0,0,0,0,1,0,0,0,2,0,0,9,6,9,9,0,0,1,3,0,0,0,1,0,0,0,0,0,0,0,0,0,0,0,0,0,0,0,3,0,1,0,1,0,2,1,0,0,0,1,0,0,0,0,1,0,0,0,0,3,3,2,0,6,6,0,0,0,0,0,1,21,3,0,0,0,0,0,0,0,1,0,0,1,1,2,0,0,0,0,0,0,1,0,6,0,0,0,1,0,0,0,0,0,6,0,0,0,0
"InChI=1S/C11H14ClNO/c12-11-4-2-1-3-9(11)7-13-10-5-6-14-8-10/h1-4,10,13H,5-8H2",1,1,5,0,0,0,0,0,0,0,0,0,0,0,0,0,0,0,0,0,1,0,1,0,0,0,0,0,0,0,0,0,0,9,0,0,0,1,0,0,0,6,0,0,0,0,0,0,0,0,0,0,2,0,0,0,2,3,3,9,32,13,9,0,1,1,6,0,0,2,1,0,0,0,0,0,0,0,0,0,0,0,0,1,0,0,3,6,1,0,1,0,0,0,0,0,0,0,0,0,0,0,1,0,0,0,0,6,3,0,1,6,6,0,0,0,0,1,0,9,3,1,0,0,0,0,0,0,1,0,0,1,1,2,0,0,0,0,0,0,0,0,11,0,0,1,1,0,0,0,0,0,18,0,0,0,0
"InChI=1S/C11H14ClNO/c12-11-4-2-1-3-9(11)7-10-8-13-5-6-14-10/h1-4,10,13H,5-8H2",1,1,5,0,0,0,0,0,0,0,0,0,0,0,0,0,0,0,0,0,1,0,0,0,0,0,0,0,0,0,0,0,0,9,0,0,0,1,0,0,0,3,0,0,0,0,0,0,0,0,0,0,2,0,0,0,2,3,3,9,26,26,9,0,2,1,6,0,0,0,1,2,0,0,0,0,0,0,0,0,0,0,0,2,0,0,6,3,1,1,1,0,0,0,0,0,0,1,0,0,0,0,0,0,0,0,0,3,9,0,1,6,6,0,0,0,0,2,0,9,6,1,0,0,0,0,0,0,1,0,0,1,1,2,0,0,0,0,0,0,0,0,12,0,0,0,2,0,0,0,1,0,18,0,0,0,0
"InChI=1S/C11H14ClNO/c1-5-6(2)11(13)9(8(4)14)7(3)10(5)12/h13H2,1-4H3",1,1,4,0,0,0,0,0,0,0,0,0,0,0,0,0,0,0,0,0,1,0,0,0,0,0,0,0,0,0,0,0,0,0,0,0,0,1,0,0,0,0,0,0,0,0,0,0,0,0,0,0,1,0,0,1,0,0,0,0,0,0,0,0,0,1,1,0,2,2,1,0,0,0,0,0,0,0,0,0,0,0,0,0,0,0,0,0,1,0,1,1,0,0,0,0,0,1,0,0,0,0,1,0,0,0,0,0,0,0,0,6,6,0,0,0,0,0,0,0,0,0,4,0,0,0,0,4,1,0,0,1,1,2,0,0,0,0,0,0,1,0,6,0,0,0,1,0,0,0,0,0,6,0,0,0,0
"InChI=1S/C11H14ClNO/c1-8-9(3-2-4-10(8)12)11-7-13-5-6-14-11/h2-4,11,13H,5-7H2,1H3",1,1,5,0,0,0,0,0,0,0,0,0,0,0,0,0,0,0,0,0,1,0,0,0,0,0,0,0,0,0,0,0,0,9,0,0,0,1,0,0,0,3,0,0,0,0,0,0,0,0,0,0,2,0,0,0,2,0,3,9,17,8,9,0,2,1,6,0,0,0,1,2,0,0,0,0,0,0,0,0,0,0,0,2,0,0,6,3,1,1,1,0,0,0,0,0,0,1,0,0,0,0,0,0,0,0,0,3,6,0,1,6,6,0,0,0,0,2,0,3,6,1,1,0,0,3,0,1,1,0,0,1,1,2,0,0,0,0,0,0,0,0,12,0,0,0,2,0,0,0,1,1,18,0,0,0,0
"InChI=1S/C11H14ClNO/c1-3-11(13-14-4-2)9-5-7-10(12)8-6-9/h5-8H,3-4H2,1-2H3",1,1,4,0,0,0,0,0,0,0,0,0,0,0,0,0,0,0,0,0,0,0,0,0,0,1,0,0,0,0,1,0,1,3,0,0,0,0,0,0,0,0,0,0,0,0,0,0,0,0,0,1,0,0,0,0,1,0,0,0,0,9,0,0,0,1,1,1,0,0,0,0,0,0,0,0,0,0,0,0,0,1,0,0,0,1,0,6,0,0,1,0,0,1,0,0,0,0,0,0,0,0,0,0,0,0,0,3,0,0,0,6,6,0,0,0,0,0,0,12,0,0,2,6,0,0,0,2,1,0,0,1,1,2,0,0,0,0,0,0,0,0,6,0,0,0,1,0,0,0,0,0,6,0,0,0,0
"InChI=1S/C11H14ClNO/c1-8-5-6-9(7-10(8)12)3-2-4-11(13)14/h5-7H,2-4H2,1H3,(H2,13,14)",1,1,4,0,0,0,0,0,0,0,0,0,0,0,0,0,0,0,0,0,0,0,0,0,0,0,0,0,0,0,0,0,0,0,0,0,0,2,0,0,0,6,0,0,0,0,0,0,0,0,0,1,0,0,0,0,1,6,6,18,0,0,18,0,0,1,1,1,0,0,0,0,0,0,0,0,0,0,0,0,0,0,1,0,0,0,0,3,1,0,1,0,0,1,0,0,0,0,1,1,0,0,0,0,0,0,0,0,3,0,0,6,6,0,0,0,1,0,0,18,0,0,1,0,0,0,0,1,1,0,0,1,1,2,0,0,0,0,0,0,0,1,6,0,0,0,1,0,0,0,0,0,6,0,0,0,0
"InChI=1S/C11H14ClNO/c1-2-9-5-3-4-6-10(9)13-11(14)7-8-12/h3-6H,2,7-8H2,1H3,(H,13,14)",1,1,4,0,0,0,0,0,0,0,0,0,0,0,0,0,0,0,0,0,0,0,0,0,0,0,0,0,0,0,0,0,0,3,0,0,0,1,0,0,0,3,0,0,0,0,0,0,0,0,0,1,1,0,0,0,1,3,0,9,0,0,9,0,0,1,2,1,2,2,0,0,0,0,0,0,0,0,0,0,0,0,1,0,0,0,0,3,0,0,1,0,0,1,0,0,0,0,1,1,0,0,0,0,0,0,0,0,3,0,0,6,6,0,0,0,0,0,0,18,0,0,1,3,0,0,0,1,1,0,0,1,3,0,0,0,0,0,0,0,0,1,6,0,0,0,1,0,0,0,0,0,6,0,0,0,0
"InChI=1S/C11H14ClNO/c1-9(2)13(11(12)14)8-10-6-4-3-5-7-10/h3-7,9H,8H2,1-2H3",1,1,4,0,0,0,0,0,0,0,0,0,0,0,0,0,0,0,0,0,1,0,0,0,0,0,1,0,0,0,0,0,0,3,0,0,0,0,0,0,0,0,0,0,0,0,0,0,0,0,0,0,3,0,1,1,0,0,0,0,0,0,0,6,0,1,7,0,0,0,1,0,0,0,0,0,0,0,0,0,0,0,1,0,0,0,3,0,0,0,1,1,0,0,0,0,0,0,1,0,0,0,0,0,0,0,0,0,0,0,0,6,6,0,0,0,0,0,0,6,0,0,2,0,0,0,1,2,1,0,0,1,1,0,0,0,0,0,0,0,0,0,6,0,0,0,1,0,0,0,0,0,6,0,0,0,0
"InChI=1S/C11H14ClNO/c1-8(2)9-5-3-4-6-10(9)13-11(14)7-12/h3-6,8H,7H2,1-2H3,(H,13,14)",1,1,4,0,0,0,0,0,0,0,0,0,0,0,0,0,0,0,0,0,0,0,0,0,0,0,0,0,0,0,0,0,0,3,0,0,0,1,0,0,0,3,0,0,0,0,0,0,1,0,0,1,1,0,0,0,1,0,0,0,0,0,0,0,0,1,2,1,2,2,0,0,0,0,0,0,0,0,0,0,0,0,1,0,0,0,0,3,0,0,1,0,0,1,0,0,0,0,1,1,0,0,0,0,0,0,0,0,3,0,0,6,6,0,0,0,0,0,0,6,0,0,2,0,0,0,1,2,1,0,0,1,3,0,0,0,0,0,0,0,0,1,6,0,0,0,1,0,0,0,0,0,6,0,0,0,0
"InChI=1S/C11H14ClNO/c1-14-11-5-4-9(12)6-10(11)13-7-8-2-3-8/h4-6,8,13H,2-3,7H2,1H3",1,1,5,0,0,0,0,0,0,0,0,0,0,0,0,0,0,0,0,0,1,0,0,0,0,0,0,0,0,0,0,0,0,3,0,1,0,1,0,0,0,0,0,0,0,0,0,0,1,0,0,0,2,0,0,0,2,5,4,8,12,0,8,0,0,1,4,0,2,2,1,0,0,0,0,0,0,0,0,0,0,0,0,1,0,0,3,0,1,0,1,0,2,1,0,0,0,1,0,0,0,0,0,0,0,0,0,0,0,2,0,6,6,0,0,0,0,0,0,8,3,0,1,0,0,0,0,1,1,0,0,1,1,2,0,0,0,0,0,0,0,0,9,1,0,0,1,0,0,0,0,0,18,0,0,0,0
"InChI=1S/C11H14ClNO/c1-2-13-11(14)10(12)8-9-6-4-3-5-7-9/h3-7,10H,2,8H2,1H3,(H,13,14)",1,1,4,0,0,0,0,0,0,0,0,0,0,0,0,0,0,0,0,0,0,0,0,0,0,0,0,0,0,0,0,0,0,3,0,0,0,1,0,0,0,0,0,0,0,0,0,0,0,0,0,1,1,0,0,0,1,6,0,0,0,9,0,0,0,1,4,1,0,0,0,0,0,0,0,0,0,0,0,0,0,0,1,0,0,0,3,0,0,0,1,0,0,1,0,0,0,0,1,1,0,0,0,0,0,0,0,0,0,0,0,6,6,0,0,0,0,0,0,12,0,0,1,3,0,0,0,1,1,0,0,1,3,0,0,0,0,0,0,0,0,1,6,0,0,0,1,0,0,0,0,0,6,0,0,0,0
"InChI=1S/C11H14ClNO/c1-2-3-8-4-5-10(13)9(6-8)11(14)7-12/h4-6H,2-3,7,13H2,1H3",1,1,4,0,0,0,0,0,0,0,0,0,0,0,0,0,0,0,0,0,1,0,0,0,0,0,0,0,0,0,0,0,0,3,0,0,0,1,0,0,0,0,0,0,0,0,0,0,0,0,0,0,1,0,0,1,0,0,3,9,0,0,9,0,0,1,1,0,2,2,1,0,0,0,0,0,0,0,0,0,0,0,0,0,0,0,0,0,1,0,1,1,0,0,0,0,0,1,0,0,0,0,1,0,0,0,0,0,3,0,0,6,6,0,0,0,0,0,0,18,0,0,1,3,3,0,0,1,1,0,0,1,3,0,0,0,0,0,0,0,1,0,6,0,0,0,1,0,0,0,0,0,6,0,0,0,0
"InChI=1S/C11H14ClNO/c1-9(12)7-13-11-6-4-3-5-10(11)8-14-2/h3-6,13H,1,7-8H2,2H3",1,1,3,0,0,0,0,0,0,0,0,0,0,0,0,0,0,0,0,0,1,0,0,0,0,0,0,0,0,0,0,0,0,6,0,1,0,1,0,0,0,0,0,1,2,0,0,0,0,0,0,0,2,0,0,0,2,5,0,0,0,9,0,0,0,1,4,0,2,2,1,0,0,0,0,0,0,0,0,0,0,0,0,0,0,0,3,0,1,0,1,0,0,1,0,0,0,0,0,0,0,0,1,0,0,0,0,3,0,0,0,6,6,0,0,0,0,0,1,15,3,1,1,0,3,0,0,1,1,0,0,1,1,0,0,0,0,0,0,0,0,0,6,0,0,0,1,0,0,0,0,0,6,0,0,0,0
"InChI=1S/C11H14ClNO/c12-10-3-1-2-9(6-10)7-11-8-13-4-5-14-11/h1-3,6,11,13H,4-5,7-8H2",1,1,5,0,0,0,0,0,0,0,0,0,0,0,0,0,0,0,0,0,1,0,0,0,0,0,0,0,0,0,0,0,0,9,0,0,0,1,0,0,0,3,0,0,0,0,0,0,0,0,0,0,2,0,0,0,2,3,3,9,26,26,9,0,2,1,6,0,0,0,1,2,0,0,0,0,0,0,0,0,0,0,0,2,0,0,6,3,1,1,1,0,0,0,0,0,0,1,0,0,0,0,0,0,0,0,0,3,9,0,1,6,6,0,0,0,0,2,0,9,6,1,0,0,0,0,0,0,1,0,0,1,1,2,0,0,0,0,0,0,0,0,12,0,0,0,2,0,0,0,1,0,18,0,0,0,0
"InChI=1S/C11H14ClNO/c12-10-3-1-2-9(6-10)7-13-11-4-5-14-8-11/h1-3,6,11,13H,4-5,7-8H2",1,1,5,0,0,0,0,0,0,0,0,0,0,0,0,0,0,0,0,0,1,0,1,0,0,0,0,0,0,0,0,0,0,9,0,0,0,1,0,0,0,6,0,0,0,0,0,0,0,0,0,0,2,0,0,0,2,3,3,9,32,13,9,0,1,1,6,0,0,2,1,0,0,0,0,0,0,0,0,0,0,0,0,1,0,0,3,6,1,0,1,0,0,0,0,0,0,0,0,0,0,0,1,0,0,0,0,6,3,0,1,6,6,0,0,0,0,1,0,9,3,1,0,0,0,0,0,0,1,0,0,1,1,2,0,0,0,0,0,0,0,0,11,0,0,1,1,0,0,0,0,0,18,0,0,0,0
"InChI=1S/C11H14ClNO/c12-10-3-1-2-8(4-10)11-6-13-5-9(11)7-14/h1-4,9,11,13-14H,5-7H2",1,1,5,0,0,0,0,0,0,0,0,0,0,0,0,0,0,0,0,0,1,0,1,0,0,0,0,0,0,0,0,0,0,9,0,0,0,2,0,0,1,0,0,0,0,0,0,0,2,0,0,0,2,0,0,0,1,5,9,0,17,9,0,0,1,1,6,0,0,0,1,2,0,0,0,0,0,0,0,0,0,0,0,0,0,0,6,0,1,1,1,0,0,1,0,0,0,0,0,0,0,0,1,0,0,0,0,3,0,0,0,6,6,0,0,0,0,1,0,8,9,1,0,0,0,0,0,0,1,0,0,1,1,2,0,0,0,0,0,0,0,1,11,0,0,1,1,0,0,0,0,1,22,0,0,0,0
"InChI=1S/C11H14ClNO/c1-3-6-13-8-9-7-10(12)4-5-11(9)14-2/h3-5,7,13H,1,6,8H2,2H3",1,1,3,0,0,0,0,0,0,0,0,0,0,0,0,0,0,0,0,0,1,0,0,0,0,0,0,0,0,0,0,0,0,6,0,1,0,1,0,0,0,0,0,1,2,0,0,0,0,0,0,0,2,0,0,0,2,2,0,0,0,6,0,0,0,1,6,0,0,0,1,0,0,0,0,0,0,0,0,0,0,0,0,0,0,0,6,0,1,0,1,0,2,1,0,0,0,1,0,0,0,0,1,0,0,0,0,0,0,2,0,6,6,0,0,0,0,0,1,15,6,1,1,0,0,3,0,1,1,0,0,1,1,2,0,0,0,0,0,0,0,0,6,0,0,0,1,0,0,0,0,0,6,0,0,0,0
"InChI=1S/C11H14ClNO/c1-9-5-2-3-6-10(9)13-11(14)7-4-8-12/h2-3,5-6H,4,7-8H2,1H3,(H,13,14)",1,1,4,0,0,0,0,0,0,0,0,0,0,0,0,0,0,0,0,0,0,0,0,0,0,0,0,0,0,0,0,0,0,3,0,0,0,1,0,0,0,3,0,0,0,0,0,0,0,0,0,1,1,0,0,0,1,3,3,18,0,0,18,0,0,1,2,1,2,2,0,0,0,0,0,0,0,0,0,0,0,0,1,0,0,0,0,3,0,0,1,0,0,1,0,0,0,0,1,1,0,0,0,0,0,0,0,0,3,0,0,6,6,0,0,0,0,0,0,18,0,0,1,0,0,0,0,1,1,0,0,1,3,0,0,0,0,0,0,0,0,1,6,0,0,0,1,0,0,0,0,0,6,0,0,0,0
"InChI=1S/C11H14ClNO/c1-8(2)9-4-3-5-10(6-9)13-11(14)7-12/h3-6,8H,7H2,1-2H3,(H,13,14)",1,1,4,0,0,0,0,0,0,0,0,0,0,0,0,0,0,0,0,0,0,0,0,0,0,0,0,0,0,0,0,0,0,3,0,0,0,1,0,0,0,3,0,0,0,0,0,0,1,0,0,1,1,0,0,0,1,0,0,0,0,0,0,0,0,1,2,1,2,2,0,0,0,0,0,0,0,0,0,0,0,0,1,0,0,0,0,3,0,0,1,0,0,1,0,0,0,0,1,1,0,0,0,0,0,0,0,0,3,0,0,6,6,0,0,0,0,0,0,6,0,0,2,0,0,0,1,2,1,0,0,1,3,0,0,0,0,0,0,0,0,1,6,0,0,0,1,0,0,0,0,0,6,0,0,0,0
"InChI=1S/C11H14ClNO/c1-2-10(14)5-3-4-9-6-7-13-8-11(9)12/h6-8H,2-5H2,1H3",1,1,5,0,0,0,0,0,0,0,0,0,0,0,0,0,0,0,0,0,0,0,0,0,0,0,0,0,0,0,0,0,0,0,0,0,0,0,0,0,0,0,0,0,0,0,0,0,0,0,0,0,0,0,0,1,0,0,0,18,9,9,18,3,1,1,2,0,0,0,0,0,0,0,0,0,0,0,0,0,0,0,0,0,0,0,0,0,0,1,1,1,0,0,0,0,0,1,0,0,0,0,0,0,0,0,0,0,6,0,0,6,4,0,0,0,0,1,0,24,0,0,1,3,0,3,0,1,1,0,0,1,1,2,0,0,0,0,0,2,0,0,6,0,0,0,1,0,0,0,1,0,4,0,0,0,0
"InChI=1S/C11H14ClNO/c1-7-4-5-8(2)10(6-7)13-11(14)9(3)12/h4-6,9H,1-3H3,(H,13,14)",1,1,4,0,0,0,0,0,0,0,0,0,0,0,0,0,0,0,0,0,0,0,0,0,0,0,0,0,0,0,0,0,0,0,0,0,0,1,0,0,0,0,0,0,0,0,0,0,0,0,0,1,1,0,0,0,1,0,0,0,0,0,0,0,0,1,2,1,2,2,0,0,0,0,0,0,0,0,0,0,0,0,1,0,0,0,0,0,0,0,1,0,0,1,0,0,0,0,1,1,0,0,0,0,0,0,0,0,0,0,0,6,6,0,0,0,0,0,0,0,0,0,3,0,0,0,0,3,1,0,0,1,3,0,0,0,0,0,0,0,0,1,6,0,0,0,1,0,0,0,0,0,6,0,0,0,0
"InChI=1S/C11H14ClNO/c1-2-10(12)11(14)13-8-9-6-4-3-5-7-9/h3-7,10H,2,8H2,1H3,(H,13,14)",1,1,4,0,0,0,0,0,0,0,0,0,0,0,0,0,0,0,0,0,0,0,0,0,0,0,0,0,0,0,0,0,0,3,0,0,0,1,0,0,0,0,0,0,0,0,0,0,0,0,0,1,1,0,0,0,1,6,0,0,0,9,0,0,0,1,4,1,0,0,0,0,0,0,0,0,0,0,0,0,0,0,1,0,0,0,3,0,0,0,1,0,0,1,0,0,0,0,1,1,0,0,0,0,0,0,0,0,0,0,0,6,6,0,0,0,0,0,0,12,0,0,1,3,0,0,0,1,1,0,0,1,3,0,0,0,0,0,0,0,0,1,6,0,0,0,1,0,0,0,0,0,6,0,0,0,0
"InChI=1S/C11H14ClNO/c1-2-3-10(14)5-4-9-6-7-13-8-11(9)12/h6-8H,2-5H2,1H3",1,1,5,0,0,0,0,0,0,0,0,0,0,0,0,0,0,0,0,0,0,0,0,0,0,0,0,0,0,0,0,0,0,0,0,0,0,0,0,0,0,0,0,0,0,0,0,0,0,0,0,0,0,0,0,1,0,0,0,18,18,9,18,0,1,1,2,0,0,0,0,0,0,0,0,0,0,0,0,0,0,0,0,0,0,0,0,0,0,1,1,1,0,0,0,0,0,1,0,0,0,0,0,0,0,0,0,0,6,0,0,6,4,0,0,0,0,1,0,24,0,0,1,3,3,3,0,1,1,0,0,1,1,2,0,0,0,0,0,2,0,0,6,0,0,0,1,0,0,0,1,0,4,0,0,0,0
"InChI=1S/C11H14ClNO/c1-8-6-4-5-7-9(8)10(12)11(14)13(2)3/h4-7,10H,1-3H3",1,1,4,0,0,0,0,0,0,0,0,0,0,0,0,0,0,0,0,0,1,0,0,0,0,0,0,0,0,0,0,0,0,0,0,2,0,0,0,0,0,0,0,0,0,0,0,0,0,0,0,0,3,0,1,1,0,0,0,0,0,0,0,0,0,1,7,0,0,0,1,0,0,0,0,0,0,0,0,0,0,0,1,0,0,0,0,0,0,0,1,1,0,0,0,0,0,0,1,1,0,0,0,0,0,0,0,0,0,0,0,6,6,0,0,0,0,0,0,0,0,1,3,0,0,0,1,3,1,0,0,1,3,0,0,0,0,0,0,0,0,0,6,0,0,0,1,0,0,0,0,0,6,0,0,0,0
"InChI=1S/C11H14ClNO/c1-13-8-2-3-11(14-13)9-4-6-10(12)7-5-9/h4-7,11H,2-3,8H2,1H3",1,1,5,0,0,0,0,0,0,0,0,0,0,0,0,0,0,0,0,0,1,0,0,0,0,1,0,0,0,0,1,0,1,3,0,1,0,0,0,0,0,0,0,0,0,0,0,0,0,0,0,0,2,0,0,0,1,0,0,18,0,8,18,3,2,1,6,0,0,0,1,2,0,0,0,0,0,0,0,0,0,1,0,0,0,1,3,3,0,1,1,0,0,0,0,0,0,1,0,0,0,0,0,1,0,0,0,0,6,0,1,6,6,0,0,0,0,2,0,3,0,1,1,0,3,6,0,1,1,0,0,1,1,2,0,0,0,0,0,0,0,0,12,0,0,0,2,0,0,0,1,1,20,0,0,0,0
"InChI=1S/C11H14ClNO/c12-10-7-5-9(6-8-10)3-1-2-4-11(13)14/h5-8H,1-4H2,(H2,13,14)",1,1,4,0,0,0,0,0,0,0,0,0,0,0,0,0,0,0,0,0,0,0,0,0,0,0,0,0,0,0,0,0,0,0,0,0,0,2,0,0,0,6,0,0,0,0,0,0,0,0,0,1,0,0,0,0,1,6,6,27,9,0,27,0,0,1,1,1,0,0,0,0,0,0,0,0,0,0,0,0,0,0,1,0,0,0,0,3,1,0,1,0,0,1,0,0,0,0,1,1,0,0,0,0,0,0,0,0,3,0,0,6,6,0,0,0,1,0,0,24,0,0,0,0,0,0,0,0,1,0,0,1,1,2,0,0,0,0,0,0,0,1,6,0,0,0,1,0,0,0,0,0,6,0,0,0,0
"InChI=1S/C11H14ClNO/c1-2-8-5-9(12)3-4-11(8)14-10-6-13-7-10/h3-5,10,13H,2,6-7H2,1H3",1,1,5,0,0,0,0,0,0,0,0,0,0,0,0,0,0,0,0,0,1,1,0,0,0,0,0,0,0,0,0,0,0,6,0,0,0,1,0,0,0,0,0,0,0,0,0,0,0,0,0,0,2,0,0,0,2,4,0,0,0,0,0,0,1,1,6,0,0,0,1,2,0,0,0,0,0,0,0,0,0,0,0,2,0,0,6,0,1,1,1,0,2,1,0,0,0,2,0,0,0,0,0,0,0,0,0,0,6,4,0,6,6,0,0,0,0,1,0,8,6,1,1,3,0,0,0,1,1,0,0,1,1,2,0,0,0,0,0,0,0,0,10,0,1,0,1,0,0,0,0,0,18,0,0,0,0
"InChI=1S/C11H14ClNO/c1-9(12)7-8-11(14)13-10-5-3-2-4-6-10/h2-6,9H,7-8H2,1H3,(H,13,14)",1,1,4,0,0,0,0,0,0,0,0,0,0,0,0,0,0,0,0,0,0,0,0,0,0,0,0,0,0,0,0,0,0,0,0,0,0,1,0,0,0,3,0,0,0,0,0,0,0,0,0,1,1,0,0,0,1,3,0,9,0,0,9,3,0,1,2,1,2,2,0,0,0,0,0,0,0,0,0,0,0,0,1,0,0,0,0,3,0,0,1,0,0,1,0,0,0,0,1,1,0,0,0,0,0,0,0,0,3,0,0,6,6,0,0,0,0,0,0,12,0,0,1,0,3,0,0,1,1,0,0,1,3,0,0,0,0,0,0,0,0,1,6,0,0,0,1,0,0,0,0,0,6,0,0,0,0
"InChI=1S/C11H14ClNO/c1-10(14)13(8-7-12)9-11-5-3-2-4-6-11/h2-6H,7-9H2,1H3",1,1,4,0,0,0,0,0,0,0,0,0,0,0,0,0,0,0,0,0,1,0,0,0,0,0,0,0,0,0,0,0,0,9,0,0,0,0,0,0,0,0,0,0,0,0,0,0,0,0,0,0,3,0,1,1,0,0,0,9,9,0,9,6,0,1,7,0,0,0,1,0,0,0,0,0,0,0,0,0,0,0,1,0,0,0,6,3,0,0,1,1,0,0,0,0,0,0,1,1,0,0,0,0,0,0,0,0,0,0,0,6,6,0,0,0,0,0,0,18,0,1,1,0,0,3,0,1,1,0,0,1,3,0,0,0,0,0,0,0,0,0,6,0,0,0,1,0,0,0,0,0,6,0,0,0,0
"InChI=1S/C11H14ClNO/c1-3-11(13-14-4-2)9-6-5-7-10(12)8-9/h5-8H,3-4H2,1-2H3",1,1,4,0,0,0,0,0,0,0,0,0,0,0,0,0,0,0,0,0,0,0,0,0,0,1,0,0,0,0,1,0,1,3,0,0,0,0,0,0,0,0,0,0,0,0,0,0,0,0,0,1,0,0,0,0,1,0,0,0,0,9,0,0,0,1,1,1,0,0,0,0,0,0,0,0,0,0,0,0,0,1,0,0,0,1,0,6,0,0,1,0,0,1,0,0,0,0,0,0,0,0,0,0,0,0,0,3,0,0,0,6,6,0,0,0,0,0,0,12,0,0,2,6,0,0,0,2,1,0,0,1,1,2,0,0,0,0,0,0,0,0,6,0,0,0,1,0,0,0,0,0,6,0,0,0,0
"InChI=1S/C11H14ClNO/c1-2-5-9-6-3-4-7-10(9)13-11(14)8-12/h3-4,6-7H,2,5,8H2,1H3,(H,13,14)",1,1,4,0,0,0,0,0,0,0,0,0,0,0,0,0,0,0,0,0,0,0,0,0,0,0,0,0,0,0,0,0,0,3,0,0,0,1,0,0,0,3,0,0,0,0,0,0,0,0,0,1,1,0,0,0,1,0,0,9,0,0,9,0,0,1,2,1,2,2,0,0,0,0,0,0,0,0,0,0,0,0,1,0,0,0,0,3,0,0,1,0,0,1,0,0,0,0,1,1,0,0,0,0,0,0,0,0,3,0,0,6,6,0,0,0,0,0,0,18,0,0,1,3,3,0,0,1,1,0,0,1,3,0,0,0,0,0,0,0,0,1,6,0,0,0,1,0,0,0,0,0,6,0,0,0,0
"InChI=1S/C11H14ClNO/c12-9-5-3-8(4-6-9)11(13)10-2-1-7-14-10/h3-6,10-11H,1-2,7,13H2",1,1,5,0,0,0,0,0,0,0,0,0,0,0,0,0,0,0,0,0,1,0,1,0,0,0,0,0,0,0,0,0,0,3,0,0,0,1,0,0,0,0,0,0,0,0,0,0,0,0,0,0,1,0,0,0,2,3,6,18,8,8,18,0,1,1,3,0,0,0,1,0,0,0,0,0,0,0,0,0,0,0,0,1,0,0,0,0,1,0,1,0,0,0,0,0,0,1,0,0,0,0,0,0,0,0,0,3,6,0,1,6,6,0,0,0,0,1,0,3,0,0,0,0,0,0,0,0,1,0,0,1,1,2,0,0,0,0,0,0,1,0,11,0,0,1,1,0,0,0,0,0,18,0,0,0,0
"InChI=1S/C11H14ClNO/c1-14-9-4-5-10(12)11(6-9)13-7-8-2-3-8/h4-6,8,13H,2-3,7H2,1H3",1,1,5,0,0,0,0,0,0,0,0,0,0,0,0,0,0,0,0,0,1,0,0,0,0,0,0,0,0,0,0,0,0,3,0,1,0,1,0,0,0,0,0,0,0,0,0,0,1,0,0,0,2,0,0,0,2,5,4,8,12,0,8,0,0,1,4,0,2,2,1,0,0,0,0,0,0,0,0,0,0,0,0,0,0,0,3,0,1,0,1,0,2,1,0,0,0,1,0,0,0,0,1,0,0,0,0,0,0,2,0,6,6,0,0,0,0,0,0,8,3,0,1,0,0,0,0,1,1,0,0,1,1,2,0,0,0,0,0,0,0,0,9,1,0,0,1,0,0,0,0,0,18,0,0,0,0
"InChI=1S/C11H14ClNO/c1-3-13(2)11(14)10-6-4-9(8-12)5-7-10/h4-7H,3,8H2,1-2H3",1,1,4,0,0,0,0,0,0,0,0,0,0,0,0,0,0,0,0,0,1,0,0,0,0,0,0,0,0,0,0,0,0,6,0,1,0,0,0,0,0,0,0,0,0,0,0,0,0,0,0,0,3,0,1,1,0,0,0,0,0,0,0,0,0,1,7,0,0,0,1,0,0,0,0,0,0,0,0,0,0,0,1,0,0,0,3,0,0,0,1,1,0,0,0,0,0,0,1,1,0,0,0,0,0,0,0,0,0,0,0,6,6,0,0,0,0,0,0,12,0,1,2,3,3,0,0,2,1,0,0,1,3,0,0,0,0,0,0,0,0,0,6,0,0,0,1,0,0,0,0,0,6,0,0,0,0
"InChI=1S/C11H14ClNO/c1-2-9-4-3-5-10(8-9)13-11(14)6-7-12/h3-5,8H,2,6-7H2,1H3,(H,13,14)",1,1,4,0,0,0,0,0,0,0,0,0,0,0,0,0,0,0,0,0,0,0,0,0,0,0,0,0,0,0,0,0,0,3,0,0,0,1,0,0,0,3,0,0,0,0,0,0,0,0,0,1,1,0,0,0,1,3,0,9,0,0,9,0,0,1,2,1,2,2,0,0,0,0,0,0,0,0,0,0,0,0,1,0,0,0,0,3,0,0,1,0,0,1,0,0,0,0,1,1,0,0,0,0,0,0,0,0,3,0,0,6,6,0,0,0,0,0,0,18,0,0,1,3,0,0,0,1,1,0,0,1,3,0,0,0,0,0,0,0,0,1,6,0,0,0,1,0,0,0,0,0,6,0,0,0,0
"InChI=1S/C11H14ClNO/c12-9-5-3-8(4-6-9)11-10(14)2-1-7-13-11/h3-6,10-11,13-14H,1-2,7H2",1,1,5,0,0,0,0,0,0,0,0,0,0,0,0,0,0,0,0,0,1,0,0,0,0,0,0,0,0,0,0,0,0,3,0,0,0,2,0,1,0,6,0,0,0,0,0,0,0,0,0,0,2,0,0,0,1,9,9,18,0,8,18,0,1,1,6,0,0,0,1,2,0,0,0,0,0,0,0,0,0,0,0,1,0,0,3,3,1,1,1,0,0,1,0,0,0,1,0,0,0,0,0,0,0,0,0,0,3,2,0,6,6,0,0,0,0,1,0,3,3,0,0,0,0,0,0,0,1,0,0,1,1,2,0,0,0,0,0,0,0,1,12,0,0,0,2,0,0,0,1,1,26,0,0,0,0
"InChI=1S/C11H14ClNO/c12-10-3-1-9(2-4-10)8-14-11-5-6-13-7-11/h1-4,11,13H,5-8H2",1,1,5,0,0,0,0,0,0,0,0,0,0,0,0,0,0,0,0,0,1,0,1,0,0,0,0,0,0,0,0,0,0,9,0,0,0,1,0,0,0,3,0,0,0,0,0,0,0,0,0,0,2,0,0,0,2,3,7,9,32,13,9,0,1,1,6,0,0,0,1,2,0,0,0,0,0,0,0,0,0,0,0,1,0,0,6,3,1,1,1,0,0,1,0,0,0,1,0,0,0,0,1,0,0,0,0,3,6,2,0,6,6,0,0,0,0,1,0,9,6,1,0,0,0,0,0,0,1,0,0,1,1,2,0,0,0,0,0,0,0,0,11,0,0,1,1,0,0,0,0,0,22,0,0,0,0
"InChI=1S/C11H14ClNO/c1-3-8-5-9(10(14)6-12)4-7(2)11(8)13/h4-5H,3,6,13H2,1-2H3",1,1,4,0,0,0,0,0,0,0,0,0,0,0,0,0,0,0,0,0,1,0,0,0,0,0,0,0,0,0,0,0,0,3,0,0,0,1,0,0,0,0,0,0,0,0,0,0,0,0,0,0,1,0,0,1,0,3,0,0,0,0,0,0,0,1,1,0,2,2,1,0,0,0,0,0,0,0,0,0,0,0,0,0,0,0,0,0,1,0,1,1,0,0,0,0,0,1,0,0,0,0,0,0,0,0,0,0,3,0,0,6,6,0,0,0,0,0,0,12,0,0,2,3,0,3,0,2,1,0,0,1,3,0,0,0,0,0,0,0,1,0,6,0,0,0,1,0,0,0,0,0,6,0,0,0,0
"InChI=1S/C11H14ClNO/c12-9-10-3-1-2-4-11(10)13-5-7-14-8-6-13/h1-4H,5-9H2",1,1,5,0,0,0,0,0,0,0,0,0,0,0,0,0,0,0,0,0,1,0,0,0,0,0,0,0,0,0,0,0,0,15,0,0,0,0,0,0,0,0,0,0,0,0,0,0,0,0,0,0,3,0,1,0,2,0,0,18,33,34,18,0,2,1,7,0,2,2,1,2,0,0,0,0,0,0,0,0,0,0,0,2,0,0,6,6,0,1,1,0,0,0,0,0,0,0,0,0,0,0,0,0,0,0,0,6,6,0,1,6,6,0,0,0,0,2,0,10,0,2,0,0,0,0,0,0,1,0,0,1,3,0,0,0,0,0,0,0,0,0,12,0,0,0,2,0,0,0,1,1,18,0,0,0,0
"InChI=1S/C11H14ClNO/c12-9-4-5-11(14)8(6-9)7-13-10-2-1-3-10/h4-6,10,13-14H,1-3,7H2",1,1,5,0,0,0,0,0,0,0,0,0,0,0,0,0,0,0,0,0,1,0,0,0,0,0,0,0,0,0,0,0,0,3,0,0,0,2,0,0,1,6,0,0,0,0,0,0,0,0,0,0,2,0,0,0,1,8,4,17,26,15,17,0,0,1,6,0,0,2,1,0,0,0,0,0,0,0,0,0,0,0,0,0,0,0,3,6,1,0,1,0,2,1,0,0,0,1,0,0,0,0,1,0,0,0,0,0,0,2,0,6,6,0,0,0,0,0,0,9,3,0,0,0,0,0,0,0,1,0,0,1,1,2,0,0,0,0,0,0,0,1,10,0,1,0,1,0,0,0,0,0,22,0,0,0,0
"InChI=1S/C11H14ClNO/c1-9(12)8-13(2)11(14)10-6-4-3-5-7-10/h3-7,9H,8H2,1-2H3",1,1,4,0,0,0,0,0,0,0,0,0,0,0,0,0,0,0,0,0,1,0,0,0,0,0,0,0,0,0,0,0,0,3,0,1,0,0,0,0,0,0,0,0,0,0,0,0,0,0,0,0,3,0,1,1,0,0,0,0,0,0,0,0,0,1,7,0,0,0,1,0,0,0,0,0,0,0,0,0,0,0,1,0,0,0,3,0,0,0,1,1,0,0,0,0,0,0,1,1,0,0,0,0,0,0,0,0,0,0,0,6,6,0,0,0,0,0,0,6,0,1,2,0,6,0,0,2,1,0,0,1,3,0,0,0,0,0,0,0,0,0,6,0,0,0,1,0,0,0,0,0,6,0,0,0,0
"InChI=1S/C11H14ClNO/c1-3-13-11(14)10(12)9-6-4-8(2)5-7-9/h4-7,10H,3H2,1-2H3,(H,13,14)",1,1,4,0,0,0,0,0,0,0,0,0,0,0,0,0,0,0,0,0,0,0,0,0,0,0,0,0,0,0,0,0,0,3,0,0,0,1,0,0,0,0,0,0,0,0,0,0,0,0,0,1,1,0,0,0,1,3,0,0,0,0,0,0,0,1,4,1,0,0,0,0,0,0,0,0,0,0,0,0,0,0,1,0,0,0,3,0,0,0,1,0,0,1,0,0,0,0,1,1,0,0,0,0,0,0,0,0,0,0,0,6,6,0,0,0,0,0,0,6,0,0,2,3,0,0,0,2,1,0,0,1,3,0,0,0,0,0,0,0,0,1,6,0,0,0,1,0,0,0,0,0,6,0,0,0,0
"InChI=1S/C11H14ClNO/c12-11-4-2-1-3-9(11)10-6-13-5-8(10)7-14/h1-4,8,10,13-14H,5-7H2",1,1,5,0,0,0,0,0,0,0,0,0,0,0,0,0,0,0,0,0,1,0,1,0,0,0,0,0,0,0,0,0,0,9,0,0,0,2,0,0,1,0,0,0,0,0,0,0,2,0,0,0,2,0,0,0,1,5,9,0,17,9,0,0,1,1,6,0,0,0,1,2,0,0,0,0,0,0,0,0,0,0,0,0,0,0,6,0,1,1,1,0,0,1,0,0,0,0,0,0,0,0,1,0,0,0,0,3,0,0,0,6,6,0,0,0,0,1,0,8,9,1,0,0,0,0,0,0,1,0,0,1,1,2,0,0,0,0,0,0,0,1,11,0,0,1,1,0,0,0,0,1,22,0,0,0,0
"InChI=1S/C11H14ClNO/c1-3-13-10-7(2)14-11-8(10)5-4-6-9(11)12/h4-7,10,13H,3H2,1-2H3",1,1,5,0,0,0,0,0,0,0,0,0,0,0,0,0,0,0,0,0,1,0,1,0,0,0,0,0,0,0,0,0,0,3,0,0,0,1,0,0,0,0,0,0,0,0,0,0,0,0,0,0,2,0,0,0,2,0,0,0,0,0,0,0,1,1,6,0,0,2,1,0,0,0,0,0,0,0,0,0,0,0,0,1,0,0,3,0,1,0,1,0,2,0,0,0,0,2,0,0,0,0,1,0,0,0,0,0,0,0,1,6,6,0,0,0,0,1,0,6,3,0,2,3,0,3,0,2,1,0,0,1,1,2,0,0,0,0,0,0,0,0,9,0,0,1,1,0,0,0,0,0,7,2,0,0,0
"InChI=1S/C11H14ClNO/c1-7(2)10(8(3)14)11-9(12)5-4-6-13-11/h4-7,10H,1-3H3",1,1,5,0,0,0,0,0,0,0,0,0,0,0,0,0,0,0,0,0,0,0,0,0,0,0,0,0,0,0,0,0,0,0,0,0,0,0,0,0,0,0,0,0,0,0,0,0,2,0,0,0,0,0,0,1,0,0,0,0,0,0,0,0,1,1,2,0,0,0,0,0,0,0,0,0,0,0,0,0,0,0,0,0,0,0,0,0,0,1,1,1,0,0,0,0,0,1,0,0,0,0,1,0,0,0,0,0,0,0,0,6,4,0,0,0,0,1,0,0,0,0,3,0,0,0,1,3,1,0,0,1,1,2,0,0,0,0,0,2,0,0,6,0,0,0,1,0,0,0,1,0,4,0,0,0,0
"InChI=1S/C11H14ClNO/c1-8(2)7-14-11-4-3-10(12)5-9(11)6-13/h3-5H,1,6-7,13H2,2H3",1,1,3,0,0,0,0,0,0,0,0,0,0,0,0,0,0,0,0,0,1,0,0,0,0,0,0,0,0,0,0,0,0,6,0,0,0,1,0,0,0,0,0,1,2,0,0,0,0,1,0,0,1,0,0,0,2,0,0,0,0,9,0,0,0,1,3,0,0,0,1,0,0,0,0,0,0,0,0,0,0,0,0,0,0,0,3,0,1,0,1,0,2,1,0,0,0,1,0,0,0,0,1,0,0,0,0,3,0,2,0,6,6,0,0,0,0,0,1,15,3,0,1,0,5,0,0,1,1,0,0,1,1,2,0,0,0,0,0,0,1,0,6,0,0,0,1,0,0,0,0,0,6,0,0,0,0
"InChI=1S/C11H14ClNO/c1-11(7-10(13-2)14-11)8-3-5-9(12)6-4-8/h3-6,10,13H,7H2,1-2H3",1,1,5,0,0,0,0,0,0,0,0,0,0,0,0,0,0,0,0,0,1,1,0,0,0,0,0,0,0,0,0,0,0,0,0,1,0,1,0,0,0,3,0,0,0,0,0,0,1,0,0,0,2,0,0,0,2,0,2,0,0,0,0,3,1,1,6,0,0,2,1,0,0,0,0,0,0,0,0,0,0,0,1,0,0,0,0,3,1,0,1,0,0,0,0,0,0,3,1,1,0,0,1,0,0,0,0,0,5,0,1,6,6,0,0,0,0,1,0,1,0,0,2,0,3,2,0,2,1,0,0,1,1,2,0,0,0,0,0,0,0,0,10,0,1,0,1,0,0,0,0,1,14,0,0,0,0
"InChI=1S/C11H14ClNO/c12-11-4-2-1-3-9(11)8-14-10-5-6-13-7-10/h1-4,10,13H,5-8H2",1,1,5,0,0,0,0,0,0,0,0,0,0,0,0,0,0,0,0,0,1,0,1,0,0,0,0,0,0,0,0,0,0,9,0,0,0,1,0,0,0,3,0,0,0,0,0,0,0,0,0,0,2,0,0,0,2,3,7,9,32,13,9,0,1,1,6,0,0,0,1,2,0,0,0,0,0,0,0,0,0,0,0,1,0,0,6,3,1,1,1,0,0,1,0,0,0,1,0,0,0,0,1,0,0,0,0,3,6,2,0,6,6,0,0,0,0,1,0,9,6,1,0,0,0,0,0,0,1,0,0,1,1,2,0,0,0,0,0,0,0,0,11,0,0,1,1,0,0,0,0,0,22,0,0,0,0
"InChI=1S/C11H14ClNO/c1-7-4-3-5-10(12)9(7)6-8(2)11(13)14/h3-5,8H,6H2,1-2H3,(H2,13,14)",1,1,4,0,0,0,0,0,0,0,0,0,0,0,0,0,0,0,0,0,0,0,0,0,0,0,0,0,0,0,0,0,0,0,0,0,0,2,0,0,0,0,0,0,0,0,0,0,1,0,0,1,0,0,0,0,1,6,0,0,0,0,0,3,0,1,1,1,0,0,0,0,0,0,0,0,0,0,0,0,0,0,1,0,0,0,0,0,1,0,1,0,0,1,0,0,0,0,1,1,0,0,0,0,0,0,0,0,0,0,0,6,6,0,0,0,1,0,0,6,0,0,2,0,3,0,0,2,1,0,0,1,1,2,0,0,0,0,0,0,0,1,6,0,0,0,1,0,0,0,0,0,6,0,0,0,0
"InChI=1S/C11H14ClNO/c1-14-11-5-2-9(12)6-8(11)7-13-10-3-4-10/h2,5-6,10,13H,3-4,7H2,1H3",1,1,5,0,0,0,0,0,0,0,0,0,0,0,0,0,0,0,0,0,1,0,0,0,0,0,0,0,0,0,0,0,0,3,0,1,0,1,0,0,0,5,0,0,0,0,0,0,0,0,0,0,2,0,0,0,2,4,0,8,15,12,8,0,0,1,6,0,0,2,1,0,0,0,0,0,0,0,0,0,0,0,0,0,0,0,3,5,1,0,1,0,2,1,0,0,0,1,0,0,0,0,1,0,0,0,0,0,0,2,0,6,6,0,0,0,0,0,0,8,3,0,1,0,0,3,0,1,1,0,0,1,1,2,0,0,0,0,0,0,0,0,9,1,0,0,1,0,0,0,0,0,18,0,0,0,0
"InChI=1S/C11H14ClNO/c1-9-4-2-5-10(8-9)13-11(14)6-3-7-12/h2,4-5,8H,3,6-7H2,1H3,(H,13,14)",1,1,4,0,0,0,0,0,0,0,0,0,0,0,0,0,0,0,0,0,0,0,0,0,0,0,0,0,0,0,0,0,0,3,0,0,0,1,0,0,0,3,0,0,0,0,0,0,0,0,0,1,1,0,0,0,1,3,3,18,0,0,18,0,0,1,2,1,2,2,0,0,0,0,0,0,0,0,0,0,0,0,1,0,0,0,0,3,0,0,1,0,0,1,0,0,0,0,1,1,0,0,0,0,0,0,0,0,3,0,0,6,6,0,0,0,0,0,0,18,0,0,1,0,0,0,0,1,1,0,0,1,3,0,0,0,0,0,0,0,0,1,6,0,0,0,1,0,0,0,0,0,6,0,0,0,0
"InChI=1S/C11H14ClNO/c1-7-2-3-8(12)4-11(7)14-10-5-9(13)6-10/h2-4,9-10H,5-6,13H2,1H3",1,1,5,0,0,0,0,0,0,0,0,0,0,0,0,0,0,0,0,0,1,0,0,0,0,0,0,0,0,0,0,0,0,0,0,0,0,1,0,0,0,6,0,0,0,0,0,0,0,0,0,0,1,0,0,0,2,0,4,0,0,0,0,0,0,1,3,0,0,2,1,0,0,0,0,0,0,0,0,0,0,0,0,0,0,0,0,6,1,0,1,0,2,1,0,0,0,2,0,0,0,0,2,0,0,0,0,0,6,4,0,6,6,0,0,0,0,0,0,2,0,0,1,0,0,0,0,1,1,0,0,1,1,2,0,0,0,0,0,0,1,0,10,0,1,0,1,0,0,0,0,0,22,0,0,0,0
"InChI=1S/C11H14ClNO/c1-2-8-13-11(14)10(12)9-6-4-3-5-7-9/h3-7,10H,2,8H2,1H3,(H,13,14)",1,1,4,0,0,0,0,0,0,0,0,0,0,0,0,0,0,0,0,0,0,0,0,0,0,0,0,0,0,0,0,0,0,3,0,0,0,1,0,0,0,0,0,0,0,0,0,0,0,0,0,1,1,0,0,0,1,3,3,9,0,0,9,0,0,1,4,1,0,0,0,0,0,0,0,0,0,0,0,0,0,0,1,0,0,0,3,3,0,0,1,0,0,1,0,0,0,0,1,1,0,0,0,0,0,0,0,0,0,0,0,6,6,0,0,0,0,0,0,12,0,0,1,3,3,0,0,1,1,0,0,1,3,0,0,0,0,0,0,0,0,1,6,0,0,0,1,0,0,0,0,0,6,0,0,0,0
"InChI=1S/C11H14ClNO/c1-7-4-8(12)2-3-11(7)14-10-5-9(13)6-10/h2-4,9-10H,5-6,13H2,1H3",1,1,5,0,0,0,0,0,0,0,0,0,0,0,0,0,0,0,0,0,1,0,0,0,0,0,0,0,0,0,0,0,0,0,0,0,0,1,0,0,0,6,0,0,0,0,0,0,0,0,0,0,1,0,0,0,2,0,4,0,0,0,0,0,0,1,3,0,0,2,1,0,0,0,0,0,0,0,0,0,0,0,0,0,0,0,0,6,1,0,1,0,2,1,0,0,0,2,0,0,0,0,2,0,0,0,0,0,6,4,0,6,6,0,0,0,0,0,0,2,0,0,1,0,0,0,0,1,1,0,0,1,1,2,0,0,0,0,0,0,1,0,10,0,1,0,1,0,0,0,0,0,22,0,0,0,0
"InChI=1S/C11H14ClNO/c1-7-5-4-6-8(2)10(7)13-11(14)9(3)12/h4-6,9H,1-3H3,(H,13,14)",1,1,4,0,0,0,0,0,0,0,0,0,0,0,0,0,0,0,0,0,0,0,0,0,0,0,0,0,0,0,0,0,0,0,0,0,0,1,0,0,0,0,0,0,0,0,0,0,0,0,0,1,1,0,0,0,1,0,0,0,0,0,0,0,0,1,2,1,2,2,0,0,0,0,0,0,0,0,0,0,0,0,1,0,0,0,0,0,0,0,1,0,0,1,0,0,0,0,1,1,0,0,0,0,0,0,0,0,0,0,0,6,6,0,0,0,0,0,0,0,0,0,3,0,0,0,0,3,1,0,0,1,3,0,0,0,0,0,0,0,0,1,6,0,0,0,1,0,0,0,0,0,6,0,0,0,0
"InChI=1S/C11H14ClNO/c1-8(5-9(2)14)6-10-3-4-13-7-11(10)12/h3-4,7-8H,5-6H2,1-2H3",1,1,5,0,0,0,0,0,0,0,0,0,0,0,0,0,0,0,0,0,0,0,0,0,0,0,0,0,0,0,0,0,0,0,0,0,0,0,0,0,0,0,0,0,0,0,0,0,1,0,0,0,0,0,0,1,0,0,0,0,0,0,0,0,1,1,2,0,0,0,0,0,0,0,0,0,0,0,0,0,0,0,0,0,0,0,0,0,0,1,1,1,0,0,0,0,0,1,0,0,0,0,0,0,0,0,0,0,3,0,0,6,4,0,0,0,0,1,0,12,0,0,2,0,9,3,0,2,1,0,0,1,1,2,0,0,0,0,0,2,0,0,6,0,0,0,1,0,0,0,1,0,4,0,0,0,0
"InChI=1S/C11H14ClNO/c12-10-3-1-2-9(6-10)8-14-11-4-5-13-7-11/h1-3,6,11,13H,4-5,7-8H2",1,1,5,0,0,0,0,0,0,0,0,0,0,0,0,0,0,0,0,0,1,0,1,0,0,0,0,0,0,0,0,0,0,9,0,0,0,1,0,0,0,3,0,0,0,0,0,0,0,0,0,0,2,0,0,0,2,3,7,9,32,13,9,0,1,1,6,0,0,0,1,2,0,0,0,0,0,0,0,0,0,0,0,1,0,0,6,3,1,1,1,0,0,1,0,0,0,1,0,0,0,0,1,0,0,0,0,3,6,2,0,6,6,0,0,0,0,1,0,9,6,1,0,0,0,0,0,0,1,0,0,1,1,2,0,0,0,0,0,0,0,0,11,0,0,1,1,0,0,0,0,0,22,0,0,0,0
"InChI=1S/C11H14ClNO/c1-8-3-4-10(7-9(8)2)13-11(14)5-6-12/h3-4,7H,5-6H2,1-2H3,(H,13,14)",1,1,4,0,0,0,0,0,0,0,0,0,0,0,0,0,0,0,0,0,1,0,0,0,0,0,0,0,0,0,0,0,0,3,0,0,0,1,0,0,0,3,0,0,0,0,0,0,0,0,0,0,2,0,0,1,0,3,0,9,0,0,9,0,0,1,2,0,2,2,1,0,0,0,0,0,0,0,0,0,0,0,1,0,0,0,0,3,1,0,1,1,0,0,0,0,0,0,1,1,0,0,0,0,0,0,0,0,3,0,0,6,6,0,0,0,0,0,0,12,0,0,2,0,0,0,0,2,1,0,0,1,3,0,0,0,0,0,0,0,0,0,6,0,0,0,1,0,0,0,0,0,6,0,0,0,0
"InChI=1S/C11H14ClNO/c1-8-4-2-5-9(11(8)13)10(14)6-3-7-12/h2,4-5H,3,6-7,13H2,1H3",1,1,4,0,0,0,0,0,0,0,0,0,0,0,0,0,0,0,0,0,1,0,0,0,0,0,0,0,0,0,0,0,0,3,0,0,0,1,0,0,0,0,0,0,0,0,0,0,0,0,0,0,1,0,0,1,0,0,3,18,0,0,18,0,0,1,1,0,2,2,1,0,0,0,0,0,0,0,0,0,0,0,0,0,0,0,0,0,1,0,1,1,0,0,0,0,0,1,0,0,0,0,1,0,0,0,0,0,3,0,0,6,6,0,0,0,0,0,0,18,0,0,1,0,0,0,0,1,1,0,0,1,3,0,0,0,0,0,0,0,1,0,6,0,0,0,1,0,0,0,0,0,6,0,0,0,0
"InChI=1S/C11H14ClNO/c1-3-9(8(2)14)6-10-4-5-13-7-11(10)12/h4-5,7,9H,3,6H2,1-2H3",1,1,5,0,0,0,0,0,0,0,0,0,0,0,0,0,0,0,0,0,0,0,0,0,0,0,0,0,0,0,0,0,0,0,0,0,0,0,0,0,0,0,0,0,0,0,0,0,1,0,0,0,0,0,0,1,0,0,0,0,0,0,0,9,1,1,2,0,0,0,0,0,0,0,0,0,0,0,0,0,0,0,0,0,0,0,0,0,0,1,1,1,0,0,0,0,0,1,0,0,0,0,0,0,0,0,0,0,0,0,0,6,4,0,0,0,0,1,0,12,0,0,2,3,0,0,0,2,1,0,0,1,1,2,0,0,0,0,0,2,0,0,6,0,0,0,1,0,0,0,1,0,4,0,0,0,0
"InChI=1S/C11H14ClNO/c12-11(14)6-8-13(9-7-11)10-4-2-1-3-5-10/h1-5,14H,6-9H2",1,1,5,0,0,0,0,0,0,0,0,0,0,0,0,0,0,0,0,0,1,0,0,0,0,0,0,0,0,0,0,0,0,6,0,0,0,1,0,0,0,6,0,0,0,0,0,0,0,0,0,0,3,0,1,0,1,6,0,18,33,16,18,0,1,1,7,0,2,2,1,2,0,0,0,0,0,0,0,0,0,0,0,0,0,0,6,6,0,1,1,0,0,1,0,0,0,1,0,0,0,0,2,0,0,0,0,0,6,2,0,6,6,0,0,0,0,1,0,4,0,1,0,0,0,0,0,0,1,0,0,1,3,2,0,0,0,0,0,0,0,1,12,0,0,0,2,0,0,0,1,1,26,0,0,0,0
"InChI=1S/C11H14ClNO/c1-3-6-14-11-5-4-10(12)7-9(11)8-13-2/h3-5,7,13H,1,6,8H2,2H3",1,1,3,0,0,0,0,0,0,0,0,0,0,0,0,0,0,0,0,0,1,0,0,0,0,0,0,0,0,0,0,0,0,6,0,1,0,1,0,0,0,0,0,1,2,0,0,0,0,0,0,0,2,0,0,0,2,0,0,0,0,9,0,0,0,1,6,0,0,0,1,0,0,0,0,0,0,0,0,0,0,0,0,0,0,0,3,0,1,0,1,0,2,1,0,0,0,1,0,0,0,0,1,0,0,0,0,3,0,2,0,6,6,0,0,0,0,0,1,15,3,1,1,0,3,0,0,1,1,0,0,1,1,2,0,0,0,0,0,0,0,0,6,0,0,0,1,0,0,0,0,0,6,0,0,0,0
"InChI=1S/C11H14ClNO/c1-3-8-4-6-9(7-5-8)10(12)11(14)13-2/h4-7,10H,3H2,1-2H3,(H,13,14)",1,1,4,0,0,0,0,0,0,0,0,0,0,0,0,0,0,0,0,0,0,0,0,0,0,0,0,0,0,0,0,0,0,0,0,1,0,1,0,0,0,0,0,0,0,0,0,0,0,0,0,1,1,0,0,0,1,0,0,0,0,0,0,0,0,1,4,1,0,0,0,0,0,0,0,0,0,0,0,0,0,0,1,0,0,0,0,0,0,0,1,0,0,1,0,0,0,0,1,1,0,0,0,0,0,0,0,0,0,0,0,6,6,0,0,0,0,0,0,6,0,0,2,3,0,0,0,2,1,0,0,1,3,0,0,0,0,0,0,0,0,1,6,0,0,0,1,0,0,0,0,0,6,0,0,0,0
"InChI=1S/C11H14ClNO/c1-8-5-3-4-6-10(8)13-11(14)9(2)7-12/h3-6,9H,7H2,1-2H3,(H,13,14)",1,1,4,0,0,0,0,0,0,0,0,0,0,0,0,0,0,0,0,0,0,0,0,0,0,0,0,0,0,0,0,0,0,3,0,0,0,1,0,0,0,0,0,0,0,0,0,0,1,0,0,1,1,0,0,0,1,3,0,0,0,0,0,0,0,1,2,1,2,2,0,0,0,0,0,0,0,0,0,0,0,0,1,0,0,0,0,0,0,0,1,0,0,1,0,0,0,0,1,1,0,0,0,0,0,0,0,0,0,0,0,6,6,0,0,0,0,0,0,6,0,0,2,0,3,0,0,2,1,0,0,1,3,0,0,0,0,0,0,0,0,1,6,0,0,0,1,0,0,0,0,0,6,0,0,0,0
"InChI=1S/C11H14ClNO/c12-9-4-1-3-8(7-9)11(13)10-5-2-6-14-10/h1,3-4,7,10-11H,2,5-6,13H2",1,1,5,0,0,0,0,0,0,0,0,0,0,0,0,0,0,0,0,0,1,0,1,0,0,0,0,0,0,0,0,0,0,3,0,0,0,1,0,0,0,0,0,0,0,0,0,0,0,0,0,0,1,0,0,0,2,3,6,18,8,8,18,0,1,1,3,0,0,0,1,0,0,0,0,0,0,0,0,0,0,0,0,1,0,0,0,0,1,0,1,0,0,0,0,0,0,1,0,0,0,0,0,0,0,0,0,3,6,0,1,6,6,0,0,0,0,1,0,3,0,0,0,0,0,0,0,0,1,0,0,1,1,2,0,0,0,0,0,0,1,0,11,0,0,1,1,0,0,0,0,0,18,0,0,0,0
"InChI=1S/C11H14ClNO/c1-7-4-8(2)6-10(5-7)13-11(14)9(3)12/h4-6,9H,1-3H3,(H,13,14)",1,1,4,0,0,0,0,0,0,0,0,0,0,0,0,0,0,0,0,0,0,0,0,0,0,0,0,0,0,0,0,0,0,0,0,0,0,1,0,0,0,0,0,0,0,0,0,0,0,0,0,1,1,0,0,0,1,0,0,0,0,0,0,0,0,1,2,1,2,2,0,0,0,0,0,0,0,0,0,0,0,0,1,0,0,0,0,0,0,0,1,0,0,1,0,0,0,0,1,1,0,0,0,0,0,0,0,0,0,0,0,6,6,0,0,0,0,0,0,0,0,0,3,0,0,0,0,3,1,0,0,1,3,0,0,0,0,0,0,0,0,1,6,0,0,0,1,0,0,0,0,0,6,0,0,0,0
"InChI=1S/C11H14ClNO/c12-9-5-2-1-4-8(9)11(13)10-6-3-7-14-10/h1-2,4-5,10-11H,3,6-7,13H2",1,1,5,0,0,0,0,0,0,0,0,0,0,0,0,0,0,0,0,0,1,0,1,0,0,0,0,0,0,0,0,0,0,3,0,0,0,1,0,0,0,0,0,0,0,0,0,0,0,0,0,0,1,0,0,0,2,3,6,18,8,8,18,0,1,1,3,0,0,0,1,0,0,0,0,0,0,0,0,0,0,0,0,1,0,0,0,0,1,0,1,0,0,0,0,0,0,1,0,0,0,0,0,0,0,0,0,3,6,0,1,6,6,0,0,0,0,1,0,3,0,0,0,0,0,0,0,0,1,0,0,1,1,2,0,0,0,0,0,0,1,0,11,0,0,1,1,0,0,0,0,0,18,0,0,0,0
"InChI=1S/C11H14ClNO/c12-10-7-9(13)3-4-11(10)14-6-5-8-1-2-8/h3-4,7-8H,1-2,5-6,13H2",1,1,5,0,0,0,0,0,0,0,0,0,0,0,0,0,0,0,0,0,1,0,0,0,0,0,0,0,0,0,0,0,0,3,0,0,0,1,0,0,0,0,0,0,0,0,0,0,1,0,0,0,1,0,0,0,2,0,0,17,27,12,17,0,0,1,1,0,2,2,1,0,0,0,0,0,0,0,0,0,0,0,0,0,0,0,0,0,1,0,1,0,2,1,0,0,0,1,0,0,0,0,0,0,0,0,0,3,3,2,0,6,6,0,0,0,0,0,0,14,0,0,0,0,0,0,0,0,1,0,0,1,1,2,0,0,0,0,0,0,1,0,9,1,0,0,1,0,0,0,0,0,18,0,0,0,0
"InChI=1S/C11H14ClNO/c1-14-11-6-9(12)3-2-8(11)7-13-10-4-5-10/h2-3,6,10,13H,4-5,7H2,1H3",1,1,5,0,0,0,0,0,0,0,0,0,0,0,0,0,0,0,0,0,1,0,0,0,0,0,0,0,0,0,0,0,0,3,0,1,0,1,0,0,0,5,0,0,0,0,0,0,0,0,0,0,2,0,0,0,2,4,0,8,15,12,8,0,0,1,6,0,0,2,1,0,0,0,0,0,0,0,0,0,0,0,0,0,0,0,3,5,1,0,1,0,2,1,0,0,0,1,0,0,0,0,1,0,0,0,0,0,0,2,0,6,6,0,0,0,0,0,0,8,3,0,1,0,0,3,0,1,1,0,0,1,1,2,0,0,0,0,0,0,0,0,9,1,0,0,1,0,0,0,0,0,18,0,0,0,0
"InChI=1S/C11H14ClNO/c12-10-7-9(3-4-11(10)13)14-6-5-8-1-2-8/h3-4,7-8H,1-2,5-6,13H2",1,1,5,0,0,0,0,0,0,0,0,0,0,0,0,0,0,0,0,0,1,0,0,0,0,0,0,0,0,0,0,0,0,3,0,0,0,1,0,0,0,0,0,0,0,0,0,0,1,0,0,0,1,0,0,0,2,0,0,17,27,12,17,0,0,1,1,0,2,2,1,0,0,0,0,0,0,0,0,0,0,0,0,0,0,0,0,0,1,0,1,0,2,1,0,0,0,1,0,0,0,0,0,0,0,0,0,3,3,2,0,6,6,0,0,0,0,0,0,14,0,0,0,0,0,0,0,0,1,0,0,1,1,2,0,0,0,0,0,0,1,0,9,1,0,0,1,0,0,0,0,0,18,0,0,0,0
"InChI=1S/C11H14ClNO/c1-2-10(13-11(14)8-12)9-6-4-3-5-7-9/h3-7,10H,2,8H2,1H3,(H,13,14)",1,1,4,0,0,0,0,0,0,0,0,0,0,0,0,0,0,0,0,0,0,0,0,0,0,0,0,0,0,0,0,0,0,3,0,0,0,1,0,0,0,3,0,0,0,0,0,0,0,0,0,1,1,0,0,0,1,0,3,0,0,9,0,0,0,1,4,1,0,0,0,0,0,0,0,0,0,0,0,0,0,0,1,0,0,0,0,6,0,0,1,0,0,1,0,0,0,0,1,1,0,0,0,0,0,0,0,0,3,0,0,6,6,0,0,0,0,0,0,12,0,0,1,3,0,0,0,1,1,0,0,1,3,0,0,0,0,0,0,0,0,1,6,0,0,0,1,0,0,0,0,0,6,0,0,0,0
"InChI=1S/C11H14ClNO/c1-9(8-12)7-11(14)13-10-5-3-2-4-6-10/h2-6,9H,7-8H2,1H3,(H,13,14)",1,1,4,0,0,0,0,0,0,0,0,0,0,0,0,0,0,0,0,0,0,0,0,0,0,0,0,0,0,0,0,0,0,3,0,0,0,1,0,0,0,3,0,0,0,0,0,0,1,0,0,1,1,0,0,0,1,0,3,0,0,0,0,0,0,1,2,1,2,2,0,0,0,0,0,0,0,0,0,0,0,0,1,0,0,0,0,3,0,0,1,0,0,1,0,0,0,0,1,1,0,0,0,0,0,0,0,0,3,0,0,6,6,0,0,0,0,0,0,12,0,0,1,0,6,0,0,1,1,0,0,1,3,0,0,0,0,0,0,0,0,1,6,0,0,0,1,0,0,0,0,0,6,0,0,0,0
"InChI=1S/C11H14ClNO/c1-2-3-9-13(12)11(14)10-7-5-4-6-8-10/h4-8H,2-3,9H2,1H3",1,1,4,0,0,0,0,0,0,0,0,0,0,0,0,0,0,0,0,0,1,0,0,0,0,1,0,0,0,0,1,0,0,3,0,0,1,0,0,0,0,0,0,0,0,0,0,0,0,0,0,0,2,0,0,1,0,0,0,18,0,0,18,3,0,1,4,0,0,0,1,0,0,0,0,0,0,0,0,0,0,0,1,0,0,0,3,3,0,0,1,1,0,0,0,0,0,0,1,1,0,0,0,0,0,0,0,0,0,0,0,6,6,0,0,0,0,0,0,18,0,0,1,3,3,0,0,1,1,0,0,1,1,0,0,0,0,0,0,0,0,0,6,0,0,0,1,0,0,0,0,0,6,0,0,0,0
"InChI=1S/C11H14ClNO/c1-9(12)11(14)13(2)8-10-6-4-3-5-7-10/h3-7,9H,8H2,1-2H3",1,1,4,0,0,0,0,0,0,0,0,0,0,0,0,0,0,0,0,0,1,0,0,0,0,0,0,0,0,0,0,0,0,3,0,1,0,0,0,0,0,0,0,0,0,0,0,0,0,0,0,0,3,0,1,1,0,0,0,0,0,0,0,0,0,1,7,0,0,0,1,0,0,0,0,0,0,0,0,0,0,0,1,0,0,0,3,0,0,0,1,1,0,0,0,0,0,0,1,1,0,0,0,0,0,0,0,0,0,0,0,6,6,0,0,0,0,0,0,6,0,1,2,0,3,3,0,2,1,0,0,1,3,0,0,0,0,0,0,0,0,0,6,0,0,0,1,0,0,0,0,0,6,0,0,0,0
"InChI=1S/C11H14ClNO/c12-9-4-1-3-8(7-9)11-10(14)5-2-6-13-11/h1,3-4,7,10-11,13-14H,2,5-6H2",1,1,5,0,0,0,0,0,0,0,0,0,0,0,0,0,0,0,0,0,1,0,0,0,0,0,0,0,0,0,0,0,0,3,0,0,0,2,0,1,0,6,0,0,0,0,0,0,0,0,0,0,2,0,0,0,1,9,9,18,0,8,18,0,1,1,6,0,0,0,1,2,0,0,0,0,0,0,0,0,0,0,0,1,0,0,3,3,1,1,1,0,0,1,0,0,0,1,0,0,0,0,0,0,0,0,0,0,3,2,0,6,6,0,0,0,0,1,0,3,3,0,0,0,0,0,0,0,1,0,0,1,1,2,0,0,0,0,0,0,0,1,12,0,0,0,2,0,0,0,1,1,26,0,0,0,0
"InChI=1S/C11H14ClNO/c12-10-6-9(13)4-5-11(10)14-7-8-2-1-3-8/h4-6,8H,1-3,7,13H2",1,1,5,0,0,0,0,0,0,0,0,0,0,0,0,0,0,0,0,0,1,0,0,0,0,0,0,0,0,0,0,0,0,3,0,0,0,1,0,0,0,0,0,0,0,0,0,0,1,0,0,0,1,0,0,0,2,0,0,17,23,12,17,0,0,1,1,0,2,2,1,0,0,0,0,0,0,0,0,0,0,0,0,0,0,0,0,0,1,0,1,0,2,1,0,0,0,1,0,0,0,0,0,0,0,0,0,3,0,2,0,6,6,0,0,0,0,0,0,9,0,0,0,0,0,0,0,0,1,0,0,1,1,2,0,0,0,0,0,0,1,0,10,0,1,0,1,0,0,0,0,0,22,0,0,0,0
"InChI=1S/C11H14ClNO/c1-8(2)5-10(14)6-9-3-4-13-7-11(9)12/h3-4,7-8H,5-6H2,1-2H3",1,1,5,0,0,0,0,0,0,0,0,0,0,0,0,0,0,0,0,0,0,0,0,0,0,0,0,0,0,0,0,0,0,0,0,0,0,0,0,0,0,0,0,0,0,0,0,0,1,0,0,0,0,0,0,1,0,0,0,0,0,0,0,0,1,1,2,0,0,0,0,0,0,0,0,0,0,0,0,0,0,0,0,0,0,0,0,0,0,1,1,1,0,0,0,0,0,1,0,0,0,0,0,0,0,0,0,0,6,0,0,6,4,0,0,0,0,1,0,12,0,0,2,0,6,6,1,2,1,0,0,1,1,2,0,0,0,0,0,2,0,0,6,0,0,0,1,0,0,0,1,0,4,0,0,0,0
"InChI=1S/C11H14ClNO/c12-9-10-2-1-3-11(8-10)13-4-6-14-7-5-13/h1-3,8H,4-7,9H2",1,1,5,0,0,0,0,0,0,0,0,0,0,0,0,0,0,0,0,0,1,0,0,0,0,0,0,0,0,0,0,0,0,15,0,0,0,0,0,0,0,0,0,0,0,0,0,0,0,0,0,0,3,0,1,0,2,0,0,18,33,16,18,0,2,1,7,0,2,2,1,2,0,0,0,0,0,0,0,0,0,0,0,2,0,0,6,6,0,1,1,0,0,0,0,0,0,0,0,0,0,0,0,0,0,0,0,6,6,0,1,6,6,0,0,0,0,2,0,10,0,2,0,0,0,0,0,0,1,0,0,1,3,0,0,0,0,0,0,0,0,0,12,0,0,0,2,0,0,0,1,1,18,0,0,0,0
"InChI=1S/C11H14ClNO/c12-10-6-9(4-5-11(10)13)14-7-8-2-1-3-8/h4-6,8H,1-3,7,13H2",1,1,5,0,0,0,0,0,0,0,0,0,0,0,0,0,0,0,0,0,1,0,0,0,0,0,0,0,0,0,0,0,0,3,0,0,0,1,0,0,0,0,0,0,0,0,0,0,1,0,0,0,1,0,0,0,2,0,0,17,23,12,17,0,0,1,1,0,2,2,1,0,0,0,0,0,0,0,0,0,0,0,0,0,0,0,0,0,1,0,1,0,2,1,0,0,0,1,0,0,0,0,0,0,0,0,0,3,0,2,0,6,6,0,0,0,0,0,0,9,0,0,0,0,0,0,0,0,1,0,0,1,1,2,0,0,0,0,0,0,1,0,10,0,1,0,1,0,0,0,0,0,22,0,0,0,0
"InChI=1S/C11H14ClNO/c1-11(2,10(13)14)7-8-3-5-9(12)6-4-8/h3-6H,7H2,1-2H3,(H2,13,14)",1,1,4,0,0,0,0,0,0,0,0,0,0,0,0,0,0,0,0,0,0,0,0,0,0,0,0,0,0,0,0,0,0,0,0,0,0,2,0,0,0,0,0,0,0,0,0,0,1,0,0,1,0,0,0,0,1,6,0,0,0,0,0,0,0,1,1,1,0,0,0,0,0,0,0,0,0,0,0,0,0,0,1,0,0,0,0,0,1,0,1,0,0,1,0,0,0,0,1,1,0,0,0,0,0,0,0,0,0,0,0,6,6,0,0,0,1,0,0,6,0,0,2,0,6,0,1,2,1,0,0,1,1,2,0,0,0,0,0,0,0,1,6,0,0,0,1,0,0,0,0,0,6,0,0,0,0
"InChI=1S/C11H14ClNO/c1-3-13-11(2,12)10(14)9-7-5-4-6-8-9/h4-8,13H,3H2,1-2H3",1,1,4,0,0,0,0,0,0,0,0,0,0,0,0,0,0,0,0,0,1,0,0,0,0,0,0,0,0,0,0,0,0,3,0,0,0,1,0,0,0,0,0,0,0,0,0,0,0,0,0,0,2,0,0,1,0,0,0,0,0,0,0,3,0,1,6,0,0,0,1,0,0,0,0,0,0,0,0,0,0,0,0,1,0,0,3,0,1,0,1,1,0,0,0,0,0,1,0,0,0,0,0,0,0,0,0,0,0,0,0,6,6,0,0,0,0,0,0,6,3,0,2,3,0,0,0,2,1,0,0,1,3,0,0,0,0,0,0,0,0,0,6,0,0,0,1,0,0,0,0,0,6,0,0,0,0
"InChI=1S/C11H14ClNO/c1-7(2)13-10-6-14-11-8(10)4-3-5-9(11)12/h3-5,7,10,13H,6H2,1-2H3",1,1,5,0,0,0,0,0,0,0,0,0,0,0,0,0,0,0,0,0,1,0,1,0,0,0,0,0,0,0,0,0,0,3,0,0,0,1,0,0,0,3,0,0,0,0,0,0,0,0,0,0,2,0,0,0,2,0,0,0,0,0,0,0,1,1,6,0,0,2,1,0,0,0,0,0,0,0,0,0,0,0,0,1,0,0,0,3,1,0,1,0,2,0,0,0,0,1,0,0,0,0,1,0,0,0,0,3,0,0,1,6,6,0,0,0,0,1,0,1,0,0,2,0,0,6,1,2,1,0,0,1,1,2,0,0,0,0,0,0,0,0,9,0,0,1,1,0,0,0,0,0,7,2,0,0,0
"InChI=1S/C11H14ClNO/c1-9(14)13-11(8-12)7-10-5-3-2-4-6-10/h2-6,11H,7-8H2,1H3,(H,13,14)",1,1,4,0,0,0,0,0,0,0,0,0,0,0,0,0,0,0,0,0,0,0,0,0,0,0,0,0,0,0,0,0,0,3,0,0,0,1,0,0,0,0,0,0,0,0,0,0,0,0,0,1,1,0,0,0,1,0,6,0,0,0,0,0,0,1,4,1,0,0,0,0,0,0,0,0,0,0,0,0,0,0,1,0,0,0,0,6,0,0,1,0,0,1,0,0,0,0,1,1,0,0,0,0,0,0,0,0,0,0,0,6,6,0,0,0,0,0,0,12,0,0,1,0,0,6,0,1,1,0,0,1,3,0,0,0,0,0,0,0,0,1,6,0,0,0,1,0,0,0,0,0,6,0,0,0,0
"InChI=1S/C11H14ClNO/c1-7-5-4-6-10(8(7)2)13-11(14)9(3)12/h4-6,9H,1-3H3,(H,13,14)",1,1,4,0,0,0,0,0,0,0,0,0,0,0,0,0,0,0,0,0,0,0,0,0,0,0,0,0,0,0,0,0,0,0,0,0,0,1,0,0,0,0,0,0,0,0,0,0,0,0,0,1,1,0,0,0,1,0,0,0,0,0,0,0,0,1,2,1,2,2,0,0,0,0,0,0,0,0,0,0,0,0,1,0,0,0,0,0,0,0,1,0,0,1,0,0,0,0,1,1,0,0,0,0,0,0,0,0,0,0,0,6,6,0,0,0,0,0,0,0,0,0,3,0,0,0,0,3,1,0,0,1,3,0,0,0,0,0,0,0,0,1,6,0,0,0,1,0,0,0,0,0,6,0,0,0,0
"InChI=1S/C11H14ClNO/c1-3-13-11(14)10(12)9-7-5-4-6-8(9)2/h4-7,10H,3H2,1-2H3,(H,13,14)",1,1,4,0,0,0,0,0,0,0,0,0,0,0,0,0,0,0,0,0,0,0,0,0,0,0,0,0,0,0,0,0,0,3,0,0,0,1,0,0,0,0,0,0,0,0,0,0,0,0,0,1,1,0,0,0,1,3,0,0,0,0,0,0,0,1,4,1,0,0,0,0,0,0,0,0,0,0,0,0,0,0,1,0,0,0,3,0,0,0,1,0,0,1,0,0,0,0,1,1,0,0,0,0,0,0,0,0,0,0,0,6,6,0,0,0,0,0,0,6,0,0,2,3,0,0,0,2,1,0,0,1,3,0,0,0,0,0,0,0,0,1,6,0,0,0,1,0,0,0,0,0,6,0,0,0,0
"InChI=1S/C11H14ClNO/c1-3-13-11-7(2)14-10-5-4-8(12)6-9(10)11/h4-7,11,13H,3H2,1-2H3",1,1,5,0,0,0,0,0,0,0,0,0,0,0,0,0,0,0,0,0,1,0,1,0,0,0,0,0,0,0,0,0,0,3,0,0,0,1,0,0,0,0,0,0,0,0,0,0,0,0,0,0,2,0,0,0,2,0,0,0,0,0,0,0,1,1,6,0,0,2,1,0,0,0,0,0,0,0,0,0,0,0,0,1,0,0,3,0,1,0,1,0,2,0,0,0,0,2,0,0,0,0,1,0,0,0,0,0,0,0,1,6,6,0,0,0,0,1,0,6,3,0,2,3,0,3,0,2,1,0,0,1,1,2,0,0,0,0,0,0,0,0,9,0,0,1,1,0,0,0,0,0,7,2,0,0,0
"InChI=1S/C11H14ClNO/c12-11-7-10(14)4-3-9(11)8-13-5-1-2-6-13/h3-4,7,14H,1-2,5-6,8H2",1,1,5,0,0,0,0,0,0,0,0,0,0,0,0,0,0,0,0,0,1,0,1,0,0,0,0,0,0,0,0,0,0,9,0,0,0,1,0,0,0,0,0,0,0,0,0,0,0,0,0,0,3,0,1,0,1,0,0,27,38,27,27,0,1,1,9,0,0,0,1,2,0,0,0,0,0,0,0,0,0,0,0,0,0,0,9,6,0,1,1,0,2,1,0,0,0,1,0,0,0,0,0,0,0,0,0,0,0,2,0,6,6,0,0,0,0,1,0,10,0,3,0,0,0,0,0,0,1,0,0,1,1,2,0,0,0,0,0,0,0,1,11,0,0,1,1,0,0,0,0,0,22,0,0,0,0
"InChI=1S/C11H14ClNO/c12-10-3-4-11(14)9(5-10)7-13-6-8-1-2-8/h3-5,8,13-14H,1-2,6-7H2",1,1,5,0,0,0,0,0,0,0,0,0,0,0,0,0,0,0,0,0,1,0,0,0,0,0,0,0,0,0,0,0,0,6,0,0,0,2,0,0,1,0,0,0,0,0,0,0,1,0,0,0,2,0,0,0,1,8,4,8,12,15,8,0,0,1,6,0,0,0,1,0,0,0,0,0,0,0,0,0,0,0,0,0,0,0,6,0,1,0,1,0,2,1,0,0,0,1,0,0,0,0,1,0,0,0,0,0,0,2,0,6,6,0,0,0,0,0,0,14,6,1,0,0,0,0,0,0,1,0,0,1,1,2,0,0,0,0,0,0,0,1,9,1,0,0,1,0,0,0,0,0,18,0,0,0,0
"InChI=1S/C11H14ClNO/c12-10-4-3-9(13)7-11(10)14-6-5-8-1-2-8/h3-4,7-8H,1-2,5-6,13H2",1,1,5,0,0,0,0,0,0,0,0,0,0,0,0,0,0,0,0,0,1,0,0,0,0,0,0,0,0,0,0,0,0,3,0,0,0,1,0,0,0,0,0,0,0,0,0,0,1,0,0,0,1,0,0,0,2,0,0,17,27,12,17,0,0,1,1,0,2,2,1,0,0,0,0,0,0,0,0,0,0,0,0,0,0,0,0,0,1,0,1,0,2,1,0,0,0,1,0,0,0,0,1,0,0,0,0,3,3,2,0,6,6,0,0,0,0,0,0,14,0,0,0,0,0,0,0,0,1,0,0,1,1,2,0,0,0,0,0,0,1,0,9,1,0,0,1,0,0,0,0,0,18,0,0,0,0
"InChI=1S/C11H14ClNO/c12-9-3-1-8(2-4-9)10-5-11(10,6-13)7-14/h1-4,10,14H,5-7,13H2",1,1,5,0,0,0,0,0,0,0,0,0,0,0,0,0,0,0,0,0,1,0,0,0,0,0,0,0,0,0,0,0,0,6,0,0,0,2,0,0,1,0,0,0,0,0,0,0,2,0,0,0,1,0,0,0,1,11,4,0,12,0,0,0,0,1,3,0,0,0,1,0,0,0,0,0,0,0,0,0,0,0,0,0,0,0,3,0,1,0,1,0,0,1,0,0,0,0,0,0,0,0,1,0,0,0,0,3,0,0,0,6,6,0,0,0,0,0,0,13,6,0,0,0,0,0,0,0,1,0,0,1,1,2,0,0,0,0,0,0,1,1,9,1,0,0,1,0,0,0,0,1,18,0,0,0,0
"InChI=1S/C11H14ClNO/c1-2-13(9-8-12)11(14)10-6-4-3-5-7-10/h3-7H,2,8-9H2,1H3",1,1,4,0,0,0,0,0,0,0,0,0,0,0,0,0,0,0,0,0,1,0,0,0,0,0,0,0,0,0,0,0,0,9,0,0,0,0,0,0,0,0,0,0,0,0,0,0,0,0,0,0,3,0,1,1,0,0,0,9,9,0,9,3,0,1,7,0,0,0,1,0,0,0,0,0,0,0,0,0,0,0,1,0,0,0,6,3,0,0,1,1,0,0,0,0,0,0,1,1,0,0,0,0,0,0,0,0,0,0,0,6,6,0,0,0,0,0,0,18,0,1,1,3,0,3,0,1,1,0,0,1,3,0,0,0,0,0,0,0,0,0,6,0,0,0,1,0,0,0,0,0,6,0,0,0,0
"InChI=1S/C11H14ClNO/c1-11(2,3)7-5-4-6-8(12)9(7)10(13)14/h4-6H,1-3H3,(H2,13,14)",1,1,4,0,0,0,0,0,0,0,0,0,0,0,0,0,0,0,0,0,0,0,0,0,0,0,0,0,0,0,0,0,0,0,0,0,0,2,0,0,0,0,0,0,0,0,0,0,1,0,0,1,0,0,0,0,1,0,0,0,0,0,0,0,0,1,1,1,0,0,0,0,0,0,0,0,0,0,0,0,0,0,1,0,0,0,0,0,1,0,1,0,0,1,0,0,0,0,1,1,0,0,0,0,0,0,0,0,0,0,0,6,6,0,0,0,1,0,0,0,0,0,3,0,0,0,3,3,1,0,0,1,1,2,0,0,0,0,0,0,0,1,6,0,0,0,1,0,0,0,0,0,6,0,0,0,0
"InChI=1S/C11H14ClNO/c1-8-3-5-10(6-4-8)7-13-11(14)9(2)12/h3-6,9H,7H2,1-2H3,(H,13,14)",1,1,4,0,0,0,0,0,0,0,0,0,0,0,0,0,0,0,0,0,0,0,0,0,0,0,0,0,0,0,0,0,0,3,0,0,0,1,0,0,0,0,0,0,0,0,0,0,0,0,0,1,1,0,0,0,1,3,0,0,0,0,0,0,0,1,4,1,0,0,0,0,0,0,0,0,0,0,0,0,0,0,1,0,0,0,3,0,0,0,1,0,0,1,0,0,0,0,1,1,0,0,0,0,0,0,0,0,0,0,0,6,6,0,0,0,0,0,0,6,0,0,2,0,0,3,0,2,1,0,0,1,3,0,0,0,0,0,0,0,0,1,6,0,0,0,1,0,0,0,0,0,6,0,0,0,0
"InChI=1S/C11H14ClNO/c1-8-4-3-5-10(6-8)13-11(14)9(2)7-12/h3-6,9H,7H2,1-2H3,(H,13,14)",1,1,4,0,0,0,0,0,0,0,0,0,0,0,0,0,0,0,0,0,0,0,0,0,0,0,0,0,0,0,0,0,0,3,0,0,0,1,0,0,0,0,0,0,0,0,0,0,1,0,0,1,1,0,0,0,1,3,0,0,0,0,0,0,0,1,2,1,2,2,0,0,0,0,0,0,0,0,0,0,0,0,1,0,0,0,0,0,0,0,1,0,0,1,0,0,0,0,1,1,0,0,0,0,0,0,0,0,0,0,0,6,6,0,0,0,0,0,0,6,0,0,2,0,3,0,0,2,1,0,0,1,3,0,0,0,0,0,0,0,0,1,6,0,0,0,1,0,0,0,0,0,6,0,0,0,0
"InChI=1S/C11H14ClNO/c1-7-9(12)5-4-8(11(7)14)10-3-2-6-13-10/h4-5,10,13-14H,2-3,6H2,1H3",1,1,5,0,0,0,0,0,0,0,0,0,0,0,0,0,0,0,0,0,1,0,1,0,0,0,0,0,0,0,0,0,0,3,0,0,0,2,0,0,1,6,0,0,0,0,0,0,0,0,0,0,2,0,0,0,1,5,5,18,8,8,18,0,1,1,6,0,0,0,1,2,0,0,0,0,0,0,0,0,0,0,0,0,0,0,3,6,1,1,1,0,2,1,0,0,0,1,0,0,0,0,1,0,0,0,0,0,0,2,0,6,6,0,0,0,0,1,0,3,3,0,1,0,0,0,0,1,1,0,0,1,1,2,0,0,0,0,0,0,0,1,11,0,0,1,1,0,0,0,0,1,22,0,0,0,0
"InChI=1S/C11H14ClNO/c1-7-4-5-8(12)10(11(7)14)9-3-2-6-13-9/h4-5,9,13-14H,2-3,6H2,1H3",1,1,5,0,0,0,0,0,0,0,0,0,0,0,0,0,0,0,0,0,1,0,1,0,0,0,0,0,0,0,0,0,0,3,0,0,0,2,0,0,1,6,0,0,0,0,0,0,0,0,0,0,2,0,0,0,1,5,5,18,8,8,18,0,1,1,6,0,0,0,1,2,0,0,0,0,0,0,0,0,0,0,0,0,0,0,3,6,1,1,1,0,2,1,0,0,0,1,0,0,0,0,1,0,0,0,0,0,0,2,0,6,6,0,0,0,0,1,0,3,3,0,1,0,0,0,0,1,1,0,0,1,1,2,0,0,0,0,0,0,0,1,11,0,0,1,1,0,0,0,0,1,22,0,0,0,0
"InChI=1S/C11H14ClNO/c1-9(12)7-13-11(8-14)10-5-3-2-4-6-10/h2-6,11,13-14H,1,7-8H2",1,1,3,0,0,0,0,0,0,0,0,0,0,0,0,0,0,0,0,0,1,0,0,0,0,0,0,0,0,0,0,0,0,6,0,0,0,2,0,1,0,3,0,1,2,0,0,0,0,0,0,0,2,0,0,0,1,2,3,0,9,0,0,0,0,1,6,0,0,0,1,0,0,0,0,0,0,0,0,0,0,0,0,1,0,0,3,3,1,0,1,0,0,1,0,0,0,0,0,0,0,0,0,0,0,0,0,3,0,0,0,6,6,0,0,0,0,0,1,15,6,0,0,0,0,0,0,0,1,0,0,1,1,0,0,0,0,0,0,0,0,1,6,0,0,0,1,0,0,0,0,0,6,0,0,0,0
"InChI=1S/C11H14ClNO/c1-13(8-7-11(12)14)9-10-5-3-2-4-6-10/h2-6H,7-9H2,1H3",1,1,4,0,0,0,0,0,0,0,0,0,0,0,0,0,0,0,0,0,1,0,0,0,0,0,0,0,0,0,0,0,0,6,0,1,0,0,0,0,0,0,0,0,0,0,0,0,0,0,0,0,3,0,1,1,0,0,0,9,9,0,9,3,0,1,9,0,0,0,1,0,0,0,0,0,0,0,0,0,0,0,0,0,0,0,6,3,0,0,1,1,0,0,0,0,0,0,0,0,0,0,1,0,0,0,0,0,3,0,0,6,6,0,0,0,0,0,0,18,0,3,1,0,6,0,0,1,1,0,0,1,1,0,0,0,0,0,0,0,0,0,6,0,0,0,1,0,0,0,0,0,6,0,0,0,0
"InChI=1S/C11H14ClNO/c12-9-5-2-1-4-8(9)11-10(14)6-3-7-13-11/h1-2,4-5,10-11,13-14H,3,6-7H2",1,1,5,0,0,0,0,0,0,0,0,0,0,0,0,0,0,0,0,0,1,0,0,0,0,0,0,0,0,0,0,0,0,3,0,0,0,2,0,1,0,6,0,0,0,0,0,0,0,0,0,0,2,0,0,0,1,9,9,18,0,8,18,0,1,1,6,0,0,0,1,2,0,0,0,0,0,0,0,0,0,0,0,1,0,0,3,3,1,1,1,0,0,1,0,0,0,1,0,0,0,0,0,0,0,0,0,0,3,2,0,6,6,0,0,0,0,1,0,3,3,0,0,0,0,0,0,0,1,0,0,1,1,2,0,0,0,0,0,0,0,1,12,0,0,0,2,0,0,0,1,1,26,0,0,0,0
"InChI=1S/C11H14ClNO/c12-10-5-4-9(13)6-11(10)14-7-8-2-1-3-8/h4-6,8H,1-3,7,13H2",1,1,5,0,0,0,0,0,0,0,0,0,0,0,0,0,0,0,0,0,1,0,0,0,0,0,0,0,0,0,0,0,0,3,0,0,0,1,0,0,0,0,0,0,0,0,0,0,1,0,0,0,1,0,0,0,2,0,0,17,23,12,17,0,0,1,1,0,2,2,1,0,0,0,0,0,0,0,0,0,0,0,0,0,0,0,0,0,1,0,1,0,2,1,0,0,0,1,0,0,0,0,1,0,0,0,0,3,0,2,0,6,6,0,0,0,0,0,0,9,0,0,0,0,0,0,0,0,1,0,0,1,1,2,0,0,0,0,0,0,1,0,10,0,1,0,1,0,0,0,0,0,22,0,0,0,0
"InChI=1S/C11H14ClNO/c1-2-4-8-5-3-6-9(11(8)13)10(14)7-12/h3,5-6H,2,4,7,13H2,1H3",1,1,4,0,0,0,0,0,0,0,0,0,0,0,0,0,0,0,0,0,1,0,0,0,0,0,0,0,0,0,0,0,0,3,0,0,0,1,0,0,0,0,0,0,0,0,0,0,0,0,0,0,1,0,0,1,0,3,6,9,0,0,9,0,0,1,1,0,2,2,1,0,0,0,0,0,0,0,0,0,0,0,0,0,0,0,0,0,1,0,1,1,0,0,0,0,0,1,0,0,0,0,1,0,0,0,0,0,3,0,0,6,6,0,0,0,0,0,0,18,0,0,1,3,3,0,0,1,1,0,0,1,3,0,0,0,0,0,0,0,1,0,6,0,0,0,1,0,0,0,0,0,6,0,0,0,0
"InChI=1S/C11H14ClNO/c1-7-4-10(7)13-6-8-5-9(12)2-3-11(8)14/h2-3,5,7,10,13-14H,4,6H2,1H3",1,1,5,0,0,0,0,0,0,0,0,0,0,0,0,0,0,0,0,0,1,0,0,0,0,0,0,0,0,0,0,0,0,3,0,0,0,2,0,0,1,3,0,0,0,0,0,0,1,0,0,0,2,0,0,0,1,5,0,0,9,6,0,2,0,1,6,0,0,2,1,0,0,0,0,0,0,0,0,0,0,0,0,0,0,0,3,3,1,0,1,0,2,1,0,0,0,1,0,0,0,0,1,0,0,0,0,0,0,2,0,6,6,0,0,0,0,0,0,7,3,0,1,0,3,3,0,1,1,0,0,1,1,2,0,0,0,0,0,0,0,1,9,1,0,0,1,0,0,0,0,0,18,0,0,0,0
"InChI=1S/C11H14ClNO/c1-3-13(2)11(14)10-6-4-5-9(7-10)8-12/h4-7H,3,8H2,1-2H3",1,1,4,0,0,0,0,0,0,0,0,0,0,0,0,0,0,0,0,0,1,0,0,0,0,0,0,0,0,0,0,0,0,6,0,1,0,0,0,0,0,0,0,0,0,0,0,0,0,0,0,0,3,0,1,1,0,0,0,0,0,0,0,0,0,1,7,0,0,0,1,0,0,0,0,0,0,0,0,0,0,0,1,0,0,0,3,0,0,0,1,1,0,0,0,0,0,0,1,1,0,0,0,0,0,0,0,0,0,0,0,6,6,0,0,0,0,0,0,12,0,1,2,3,3,0,0,2,1,0,0,1,3,0,0,0,0,0,0,0,0,0,6,0,0,0,1,0,0,0,0,0,6,0,0,0,0
"InChI=1S/C11H14ClNO/c1-8(2)11(14)4-3-9-5-6-13-7-10(9)12/h5-8H,3-4H2,1-2H3",1,1,5,0,0,0,0,0,0,0,0,0,0,0,0,0,0,0,0,0,0,0,0,0,0,0,0,0,0,0,0,0,0,0,0,0,0,0,0,0,0,0,0,0,0,0,0,0,1,0,0,0,0,0,0,1,0,0,0,9,0,0,9,6,1,1,2,0,0,0,0,0,0,0,0,0,0,0,0,0,0,0,0,0,0,0,0,0,0,1,1,1,0,0,0,0,0,1,0,0,0,0,0,0,0,0,0,0,3,0,0,6,4,0,0,0,0,1,0,12,0,0,2,0,0,6,1,2,1,0,0,1,1,2,0,0,0,0,0,2,0,0,6,0,0,0,1,0,0,0,1,0,4,0,0,0,0
"InChI=1S/C11H14ClNO/c1-7(2)11(8(3)14)10-5-4-9(12)6-13-10/h4-7,11H,1-3H3",1,1,5,0,0,0,0,0,0,0,0,0,0,0,0,0,0,0,0,0,0,0,0,0,0,0,0,0,0,0,0,0,0,0,0,0,0,0,0,0,0,0,0,0,0,0,0,0,2,0,0,0,0,0,0,1,0,0,0,0,0,0,0,0,1,1,2,0,0,0,0,0,0,0,0,0,0,0,0,0,0,0,0,0,0,0,0,0,0,1,1,1,0,0,0,0,0,1,0,0,0,0,1,0,0,0,0,0,0,0,0,6,4,0,0,0,0,1,0,0,0,0,3,0,0,0,1,3,1,0,0,1,1,2,0,0,0,0,0,2,0,0,6,0,0,0,1,0,0,0,1,0,4,0,0,0,0
"InChI=1S/C11H14ClNO/c1-13-7-6-11(14,8-13)9-2-4-10(12)5-3-9/h2-5,14H,6-8H2,1H3",1,1,5,0,0,0,0,0,0,0,0,0,0,0,0,0,0,0,0,0,1,0,1,0,0,0,0,0,0,0,0,0,0,6,0,1,0,1,0,0,0,6,0,0,0,0,0,0,1,0,0,0,3,0,1,0,1,3,3,9,14,4,9,3,1,1,9,0,0,0,1,2,0,0,0,0,0,0,0,0,0,0,0,1,0,0,6,3,0,1,1,0,0,1,0,0,0,3,0,0,0,0,1,0,0,0,0,0,6,2,0,6,6,0,0,0,0,1,0,3,0,3,1,0,6,3,0,1,1,0,0,1,1,2,0,0,0,0,0,0,0,1,11,0,0,1,1,0,0,0,0,1,22,0,0,0,0
"InChI=1S/C11H14ClNO/c1-4-9-5-6-10(7-8(9)2)13(3)11(12)14/h5-7H,4H2,1-3H3",1,1,4,0,0,0,0,0,0,0,0,0,0,0,0,0,0,0,0,0,1,0,0,0,0,0,1,0,0,0,0,0,0,0,0,1,0,0,0,0,0,0,0,0,0,0,0,0,0,0,0,0,3,0,1,1,0,0,0,0,0,0,0,3,0,1,5,0,2,2,1,0,0,0,0,0,0,0,0,0,0,0,1,0,0,0,0,0,0,0,1,1,0,0,0,0,0,0,1,0,0,0,0,0,0,0,0,0,0,0,0,6,6,0,0,0,0,0,0,6,0,0,3,3,0,0,0,3,1,0,0,1,1,0,0,0,0,0,0,0,0,0,6,0,0,0,1,0,0,0,0,0,6,0,0,0,0
"InChI=1S/C11H14ClNO/c12-8-11-9-13(6-7-14-11)10-4-2-1-3-5-10/h1-5,11H,6-9H2",1,1,5,0,0,0,0,0,0,0,0,0,0,0,0,0,0,0,0,0,1,0,0,0,0,0,0,0,0,0,0,0,0,12,0,0,0,0,0,0,0,0,0,0,0,0,0,0,0,0,0,0,3,0,1,0,2,0,0,9,26,26,9,0,2,1,7,0,2,2,1,2,0,0,0,0,0,0,0,0,0,0,0,2,0,0,6,3,0,1,1,0,0,0,0,0,0,1,0,0,0,0,0,0,0,0,0,3,9,0,1,6,6,0,0,0,0,2,0,9,0,1,0,0,0,0,0,0,1,0,0,1,3,0,0,0,0,0,0,0,0,0,12,0,0,0,2,0,0,0,1,1,18,0,0,0,0
"InChI=1S/C11H14ClNO/c1-8(12)2-3-9-4-6-10(7-5-9)11(13)14/h4-8H,2-3H2,1H3,(H2,13,14)",1,1,4,0,0,0,0,0,0,0,0,0,0,0,0,0,0,0,0,0,1,0,0,0,0,0,0,0,0,0,0,0,0,0,0,0,0,1,0,0,0,0,0,0,0,0,0,0,0,0,0,0,1,0,0,1,0,0,0,9,0,0,9,3,0,1,1,0,0,0,1,0,0,0,0,0,0,0,0,0,0,0,1,0,0,0,0,0,1,0,1,1,0,0,0,0,0,0,1,1,0,0,0,0,0,0,0,0,0,0,0,6,6,0,0,0,0,0,0,12,0,0,1,0,3,0,0,1,1,0,0,1,3,0,0,0,0,0,0,0,1,0,6,0,0,0,1,0,0,0,0,0,6,0,0,0,0
"InChI=1S/C11H14ClNO/c12-10-3-1-9(2-4-10)11(13)5-7-14-8-6-11/h1-4H,5-8,13H2",1,1,5,0,0,0,0,0,0,0,0,0,0,0,0,0,0,0,0,0,1,0,0,0,0,0,0,0,0,0,0,0,0,6,0,0,0,1,0,0,0,6,0,0,0,0,0,0,1,0,0,0,1,0,0,0,2,6,0,18,33,16,18,0,1,1,3,0,0,2,1,0,0,0,0,0,0,0,0,0,0,0,0,0,0,0,0,6,1,0,1,0,0,0,0,0,0,0,0,0,0,0,2,0,0,0,0,6,6,0,1,6,6,0,0,0,0,1,0,4,0,1,0,0,0,0,0,0,1,0,0,1,1,2,0,0,0,0,0,0,1,0,12,0,0,0,2,0,0,0,1,1,22,0,0,0,0
"InChI=1S/C11H14ClNO/c1-13-7-6-11(14,8-13)9-4-2-3-5-10(9)12/h2-5,14H,6-8H2,1H3",1,1,5,0,0,0,0,0,0,0,0,0,0,0,0,0,0,0,0,0,1,0,1,0,0,0,0,0,0,0,0,0,0,6,0,1,0,1,0,0,0,6,0,0,0,0,0,0,1,0,0,0,3,0,1,0,1,3,3,9,14,4,9,3,1,1,9,0,0,0,1,2,0,0,0,0,0,0,0,0,0,0,0,1,0,0,6,3,0,1,1,0,0,1,0,0,0,3,0,0,0,0,1,0,0,0,0,0,6,2,0,6,6,0,0,0,0,1,0,3,0,3,1,0,6,3,0,1,1,0,0,1,1,2,0,0,0,0,0,0,0,1,11,0,0,1,1,0,0,0,0,1,22,0,0,0,0
"InChI=1S/C11H14ClNO/c12-10-6-8(7-13)4-5-11(10)14-9-2-1-3-9/h4-6,9H,1-3,7,13H2",1,1,5,0,0,0,0,0,0,0,0,0,0,0,0,0,0,0,0,0,1,0,0,0,0,0,0,0,0,0,0,0,0,3,0,0,0,1,0,0,0,0,0,0,0,0,0,0,0,0,0,0,1,0,0,0,2,0,0,17,8,0,17,0,0,1,3,0,0,0,1,0,0,0,0,0,0,0,0,0,0,0,0,0,0,0,3,0,1,0,1,0,2,1,0,0,0,2,0,0,0,0,0,0,0,0,0,0,6,4,0,6,6,0,0,0,0,0,0,9,3,0,0,0,0,0,0,0,1,0,0,1,1,2,0,0,0,0,0,0,1,0,10,0,1,0,1,0,0,0,0,0,22,0,0,0,0
"InChI=1S/C11H14ClNO/c1-11(2)7-14-10(13-11)8-3-5-9(12)6-4-8/h3-6,10,13H,7H2,1-2H3",1,1,5,0,0,0,0,0,0,0,0,0,0,0,0,0,0,0,0,0,1,0,1,0,0,0,0,0,0,0,0,0,0,3,0,0,0,1,0,0,0,3,0,0,0,0,0,0,1,0,0,0,2,0,0,0,2,3,0,0,0,0,0,0,2,1,6,0,0,0,1,2,0,0,0,0,0,0,0,0,0,0,1,1,0,0,0,3,1,1,1,0,0,0,0,0,0,0,1,1,0,0,0,0,0,0,0,3,0,0,1,6,6,0,0,0,0,2,0,1,0,0,2,0,6,0,1,2,1,0,0,1,1,2,0,0,0,0,0,0,0,0,11,0,0,1,1,0,0,0,0,1,14,0,0,0,0
"InChI=1S/C11H14ClNO/c1-9(12)7-11(14)13-8-10-5-3-2-4-6-10/h2-6,9H,7-8H2,1H3,(H,13,14)",1,1,4,0,0,0,0,0,0,0,0,0,0,0,0,0,0,0,0,0,0,0,0,0,0,0,0,0,0,0,0,0,0,3,0,0,0,1,0,0,0,3,0,0,0,0,0,0,0,0,0,1,1,0,0,0,1,3,0,0,9,0,0,0,0,1,4,1,0,0,0,0,0,0,0,0,0,0,0,0,0,0,1,0,0,0,3,3,0,0,1,0,0,1,0,0,0,0,1,1,0,0,0,0,0,0,0,0,3,0,0,6,6,0,0,0,0,0,0,12,0,0,1,0,3,0,0,1,1,0,0,1,3,0,0,0,0,0,0,0,0,1,6,0,0,0,1,0,0,0,0,0,6,0,0,0,0
"InChI=1S/C11H14ClNO/c1-3-8-6-4-5-7-9(8)10(12)11(14)13-2/h4-7,10H,3H2,1-2H3,(H,13,14)",1,1,4,0,0,0,0,0,0,0,0,0,0,0,0,0,0,0,0,0,0,0,0,0,0,0,0,0,0,0,0,0,0,0,0,1,0,1,0,0,0,0,0,0,0,0,0,0,0,0,0,1,1,0,0,0,1,0,0,0,0,0,0,0,0,1,4,1,0,0,0,0,0,0,0,0,0,0,0,0,0,0,1,0,0,0,0,0,0,0,1,0,0,1,0,0,0,0,1,1,0,0,0,0,0,0,0,0,0,0,0,6,6,0,0,0,0,0,0,6,0,0,2,3,0,0,0,2,1,0,0,1,3,0,0,0,0,0,0,0,0,1,6,0,0,0,1,0,0,0,0,0,6,0,0,0,0
"InChI=1S/C11H14ClNO/c1-9(13-11(14)7-8-12)10-5-3-2-4-6-10/h2-6,9H,7-8H2,1H3,(H,13,14)",1,1,4,0,0,0,0,0,0,0,0,0,0,0,0,0,0,0,0,0,0,0,0,0,0,0,0,0,0,0,0,0,0,3,0,0,0,1,0,0,0,3,0,0,0,0,0,0,0,0,0,1,1,0,0,0,1,3,0,9,0,0,9,0,0,1,4,1,0,0,0,0,0,0,0,0,0,0,0,0,0,0,1,0,0,0,0,3,0,0,1,0,0,1,0,0,0,0,1,1,0,0,0,0,0,0,0,0,3,0,0,6,6,0,0,0,0,0,0,12,0,0,1,0,0,3,0,1,1,0,0,1,3,0,0,0,0,0,0,0,0,1,6,0,0,0,1,0,0,0,0,0,6,0,0,0,0
"InChI=1S/C11H14ClNO/c12-9-3-4-11(10(13)7-9)14-6-5-8-1-2-8/h3-4,7-8H,1-2,5-6,13H2",1,1,5,0,0,0,0,0,0,0,0,0,0,0,0,0,0,0,0,0,1,0,0,0,0,0,0,0,0,0,0,0,0,3,0,0,0,1,0,0,0,0,0,0,0,0,0,0,1,0,0,0,1,0,0,0,2,0,3,17,27,12,17,0,0,1,1,0,2,2,1,0,0,0,0,0,0,0,0,0,0,0,0,1,0,0,0,0,1,0,1,0,2,1,0,0,0,1,0,0,0,0,0,0,0,0,0,3,3,2,0,6,6,0,0,0,0,0,0,14,0,0,0,0,0,0,0,0,1,0,0,1,1,2,0,0,0,0,0,0,1,0,9,1,0,0,1,0,0,0,0,0,18,0,0,0,0
"InChI=1S/C11H14ClNO/c1-8(12)9(2)13-11(14)10-6-4-3-5-7-10/h3-9H,1-2H3,(H,13,14)",1,1,4,0,0,0,0,0,0,0,0,0,0,0,0,0,0,0,0,0,0,0,0,0,0,0,0,0,0,0,0,0,0,0,0,0,0,1,0,0,0,0,0,0,0,0,0,0,0,0,0,1,1,0,0,0,1,0,0,0,0,0,0,0,0,1,4,1,0,0,0,0,0,0,0,0,0,0,0,0,0,0,1,0,0,0,0,0,0,0,1,0,0,1,0,0,0,0,1,1,0,0,0,0,0,0,0,0,0,0,0,6,6,0,0,0,0,0,0,0,0,0,2,0,0,0,0,2,1,0,0,1,3,0,0,0,0,0,0,0,0,1,6,0,0,0,1,0,0,0,0,0,6,0,0,0,0
"InChI=1S/C11H14ClNO/c1-9(12)7-13-11-5-3-4-10(6-11)8-14-2/h3-6,13H,1,7-8H2,2H3",1,1,3,0,0,0,0,0,0,0,0,0,0,0,0,0,0,0,0,0,1,0,0,0,0,0,0,0,0,0,0,0,0,6,0,1,0,1,0,0,0,0,0,1,2,0,0,0,0,0,0,0,2,0,0,0,2,2,3,0,0,0,0,0,0,1,4,0,2,2,1,0,0,0,0,0,0,0,0,0,0,0,0,0,0,0,3,0,1,0,1,0,0,1,0,0,0,0,0,0,0,0,0,0,0,0,0,3,0,0,0,6,6,0,0,0,0,0,1,15,3,1,1,0,3,0,0,1,1,0,0,1,1,0,0,0,0,0,0,0,0,0,6,0,0,0,1,0,0,0,0,0,6,0,0,0,0
"InChI=1S/C11H14ClNO/c1-2-4-8-5-3-6-9(7-8)10(14)11(12)13/h3,5-7,11H,2,4,13H2,1H3",1,1,4,0,0,0,0,0,0,0,0,0,0,0,0,0,0,0,0,0,1,0,0,0,0,0,0,0,0,0,0,0,0,0,0,0,0,1,0,0,0,0,0,0,0,0,0,0,0,0,0,0,1,0,0,1,0,0,0,9,0,0,9,0,0,1,3,0,0,0,1,0,0,0,0,0,0,0,0,0,0,0,0,1,0,0,0,0,1,0,1,1,0,0,0,0,0,1,0,0,0,0,0,0,0,0,0,0,0,0,0,6,6,0,0,0,0,0,0,12,0,0,1,3,3,0,0,1,1,0,0,1,3,0,0,0,0,0,0,0,1,0,6,0,0,0,1,0,0,0,0,0,6,0,0,0,0
"InChI=1S/C11H14ClNO/c12-10-4-2-1-3-9(10)11(13)5-7-14-8-6-11/h1-4H,5-8,13H2",1,1,5,0,0,0,0,0,0,0,0,0,0,0,0,0,0,0,0,0,1,0,0,0,0,0,0,0,0,0,0,0,0,6,0,0,0,1,0,0,0,6,0,0,0,0,0,0,1,0,0,0,1,0,0,0,2,6,0,18,33,16,18,0,1,1,3,0,0,2,1,0,0,0,0,0,0,0,0,0,0,0,0,0,0,0,0,6,1,0,1,0,0,0,0,0,0,0,0,0,0,0,2,0,0,0,0,6,6,0,1,6,6,0,0,0,0,1,0,4,0,1,0,0,0,0,0,0,1,0,0,1,1,2,0,0,0,0,0,0,1,0,12,0,0,0,2,0,0,0,1,1,22,0,0,0,0
"InChI=1S/C11H14ClNO/c12-9-4-5-11(10(13)6-9)14-7-8-2-1-3-8/h4-6,8H,1-3,7,13H2",1,1,5,0,0,0,0,0,0,0,0,0,0,0,0,0,0,0,0,0,1,0,0,0,0,0,0,0,0,0,0,0,0,3,0,0,0,1,0,0,0,0,0,0,0,0,0,0,1,0,0,0,1,0,0,0,2,0,3,17,23,12,17,0,0,1,1,0,2,2,1,0,0,0,0,0,0,0,0,0,0,0,0,1,0,0,0,0,1,0,1,0,2,1,0,0,0,1,0,0,0,0,0,0,0,0,0,3,0,2,0,6,6,0,0,0,0,0,0,9,0,0,0,0,0,0,0,0,1,0,0,1,1,2,0,0,0,0,0,0,1,0,10,0,1,0,1,0,0,0,0,0,22,0,0,0,0
"InChI=1S/C11H14ClNO/c1-8(2)13-11(14)10-5-3-4-9(6-10)7-12/h3-6,8H,7H2,1-2H3,(H,13,14)",1,1,4,0,0,0,0,0,0,0,0,0,0,0,0,0,0,0,0,0,0,0,0,0,0,0,0,0,0,0,0,0,0,3,0,0,0,1,0,0,0,0,0,0,0,0,0,0,0,0,0,1,1,0,0,0,1,0,0,0,0,0,0,0,0,1,4,1,0,0,0,0,0,0,0,0,0,0,0,0,0,0,1,0,0,0,0,0,0,0,1,0,0,1,0,0,0,0,1,1,0,0,0,0,0,0,0,0,0,0,0,6,6,0,0,0,0,0,0,6,0,0,2,0,0,0,1,2,1,0,0,1,3,0,0,0,0,0,0,0,0,1,6,0,0,0,1,0,0,0,0,0,6,0,0,0,0
"InChI=1S/C11H14ClNO/c12-10-7-8(1-4-11(10)14)5-6-13-9-2-3-9/h1,4,7,9,13-14H,2-3,5-6H2",1,1,5,0,0,0,0,0,0,0,0,0,0,0,0,0,0,0,0,0,1,0,0,0,0,0,0,0,0,0,0,0,0,3,0,0,0,2,0,0,0,8,0,0,0,0,0,0,0,0,0,0,2,0,0,0,1,4,0,17,15,27,17,0,0,1,6,0,0,2,1,0,0,0,0,0,0,0,0,0,0,0,0,0,0,0,3,8,1,0,1,0,2,1,0,0,0,1,0,0,0,0,0,0,0,0,0,0,0,2,0,6,6,0,0,0,0,0,0,14,3,0,0,0,0,0,0,0,1,0,0,1,1,2,0,0,0,0,0,0,0,1,9,1,0,0,1,0,0,0,0,0,18,0,0,0,0
"InChI=1S/C11H14ClNO/c1-3-13-11(14)10(12)9-6-4-5-8(2)7-9/h4-7,10H,3H2,1-2H3,(H,13,14)",1,1,4,0,0,0,0,0,0,0,0,0,0,0,0,0,0,0,0,0,0,0,0,0,0,0,0,0,0,0,0,0,0,3,0,0,0,1,0,0,0,0,0,0,0,0,0,0,0,0,0,1,1,0,0,0,1,3,0,0,0,0,0,0,0,1,4,1,0,0,0,0,0,0,0,0,0,0,0,0,0,0,1,0,0,0,3,0,0,0,1,0,0,1,0,0,0,0,1,1,0,0,0,0,0,0,0,0,0,0,0,6,6,0,0,0,0,0,0,6,0,0,2,3,0,0,0,2,1,0,0,1,3,0,0,0,0,0,0,0,0,1,6,0,0,0,1,0,0,0,0,0,6,0,0,0,0
"InChI=1S/C11H14ClNO/c1-9-4-5-10(12)8-11(9)14-7-3-2-6-13/h2-5,8H,6-7,13H2,1H3",1,1,3,0,0,0,0,0,0,0,0,0,0,0,0,0,0,0,0,0,1,0,0,0,0,0,0,0,0,0,0,0,0,6,0,0,0,1,0,0,0,0,0,1,2,0,0,0,0,0,0,0,1,0,0,0,2,0,3,0,9,0,0,0,0,1,3,0,0,0,1,0,0,0,0,0,0,0,0,0,0,0,0,0,0,0,3,0,1,0,1,0,2,1,0,0,0,1,0,0,0,0,0,0,0,0,0,3,0,2,0,6,6,0,0,0,0,0,0,12,3,0,1,0,0,3,0,1,1,0,0,1,1,2,0,0,0,0,0,0,1,0,6,0,0,0,1,0,0,0,0,0,6,0,0,0,0
"InChI=1S/C11H14ClNO/c1-9-8-10(12)4-5-11(9)14-7-3-2-6-13/h2-5,8H,6-7,13H2,1H3",1,1,3,0,0,0,0,0,0,0,0,0,0,0,0,0,0,0,0,0,1,0,0,0,0,0,0,0,0,0,0,0,0,6,0,0,0,1,0,0,0,0,0,1,2,0,0,0,0,0,0,0,1,0,0,0,2,0,3,0,9,0,0,0,0,1,3,0,0,0,1,0,0,0,0,0,0,0,0,0,0,0,0,0,0,0,3,0,1,0,1,0,2,1,0,0,0,1,0,0,0,0,0,0,0,0,0,3,0,2,0,6,6,0,0,0,0,0,0,12,3,0,1,0,0,3,0,1,1,0,0,1,1,2,0,0,0,0,0,0,1,0,6,0,0,0,1,0,0,0,0,0,6,0,0,0,0
"InChI=1S/C11H14ClNO/c1-11(2)7-14-10(13-11)8-4-3-5-9(12)6-8/h3-6,10,13H,7H2,1-2H3",1,1,5,0,0,0,0,0,0,0,0,0,0,0,0,0,0,0,0,0,1,0,1,0,0,0,0,0,0,0,0,0,0,3,0,0,0,1,0,0,0,3,0,0,0,0,0,0,1,0,0,0,2,0,0,0,2,3,0,0,0,0,0,0,2,1,6,0,0,0,1,2,0,0,0,0,0,0,0,0,0,0,1,1,0,0,0,3,1,1,1,0,0,0,0,0,0,0,1,1,0,0,0,0,0,0,0,3,0,0,1,6,6,0,0,0,0,2,0,1,0,0,2,0,6,0,1,2,1,0,0,1,1,2,0,0,0,0,0,0,0,0,11,0,0,1,1,0,0,0,0,1,14,0,0,0,0
"InChI=1S/C11H14ClNO/c1-13-6-5-11(14,8-13)9-3-2-4-10(12)7-9/h2-4,7,14H,5-6,8H2,1H3",1,1,5,0,0,0,0,0,0,0,0,0,0,0,0,0,0,0,0,0,1,0,1,0,0,0,0,0,0,0,0,0,0,6,0,1,0,1,0,0,0,6,0,0,0,0,0,0,1,0,0,0,3,0,1,0,1,3,3,9,14,4,9,3,1,1,9,0,0,0,1,2,0,0,0,0,0,0,0,0,0,0,0,1,0,0,6,3,0,1,1,0,0,1,0,0,0,3,0,0,0,0,1,0,0,0,0,0,6,2,0,6,6,0,0,0,0,1,0,3,0,3,1,0,6,3,0,1,1,0,0,1,1,2,0,0,0,0,0,0,0,1,11,0,0,1,1,0,0,0,0,1,22,0,0,0,0
"InChI=1S/C11H14ClNO/c1-11(2)7-14-10(13-11)8-5-3-4-6-9(8)12/h3-6,10,13H,7H2,1-2H3",1,1,5,0,0,0,0,0,0,0,0,0,0,0,0,0,0,0,0,0,1,0,1,0,0,0,0,0,0,0,0,0,0,3,0,0,0,1,0,0,0,3,0,0,0,0,0,0,1,0,0,0,2,0,0,0,2,3,0,0,0,0,0,0,2,1,6,0,0,0,1,2,0,0,0,0,0,0,0,0,0,0,1,1,0,0,0,3,1,1,1,0,0,0,0,0,0,0,1,1,0,0,0,0,0,0,0,3,0,0,1,6,6,0,0,0,0,2,0,1,0,0,2,0,6,0,1,2,1,0,0,1,1,2,0,0,0,0,0,0,0,0,11,0,0,1,1,0,0,0,0,1,14,0,0,0,0
"InChI=1S/C11H14ClNO/c1-7(2)13-10-6-14-11-4-3-8(12)5-9(10)11/h3-5,7,10,13H,6H2,1-2H3",1,1,5,0,0,0,0,0,0,0,0,0,0,0,0,0,0,0,0,0,1,0,1,0,0,0,0,0,0,0,0,0,0,3,0,0,0,1,0,0,0,3,0,0,0,0,0,0,0,0,0,0,2,0,0,0,2,0,0,0,0,0,0,0,1,1,6,0,0,2,1,0,0,0,0,0,0,0,0,0,0,0,0,1,0,0,0,3,1,0,1,0,2,0,0,0,0,1,0,0,0,0,1,0,0,0,0,3,0,0,1,6,6,0,0,0,0,1,0,1,0,0,2,0,0,6,1,2,1,0,0,1,1,2,0,0,0,0,0,0,0,0,9,0,0,1,1,0,0,0,0,0,7,2,0,0,0
"InChI=1S/C11H14ClNO/c12-11-6-10(5-4-8(11)7-13)14-9-2-1-3-9/h4-6,9H,1-3,7,13H2",1,1,5,0,0,0,0,0,0,0,0,0,0,0,0,0,0,0,0,0,1,0,0,0,0,0,0,0,0,0,0,0,0,3,0,0,0,1,0,0,0,0,0,0,0,0,0,0,0,0,0,0,1,0,0,0,2,0,0,17,8,0,17,0,0,1,3,0,0,0,1,0,0,0,0,0,0,0,0,0,0,0,0,0,0,0,3,0,1,0,1,0,2,1,0,0,0,2,0,0,0,0,0,0,0,0,0,0,6,4,0,6,6,0,0,0,0,0,0,9,3,0,0,0,0,0,0,0,1,0,0,1,1,2,0,0,0,0,0,0,1,0,10,0,1,0,1,0,0,0,0,0,22,0,0,0,0
"InChI=1S/C11H14ClNO/c12-9-3-1-8(2-4-9)11(7-13)5-10(14)6-11/h1-4,10,14H,5-7,13H2",1,1,5,0,0,0,0,0,0,0,0,0,0,0,0,0,0,0,0,0,1,0,0,0,0,0,0,0,0,0,0,0,0,3,0,0,0,2,0,0,0,6,0,0,0,0,0,0,1,0,0,0,1,0,0,0,1,6,10,0,0,12,0,0,0,1,3,0,0,0,1,0,0,0,0,0,0,0,0,0,0,0,0,0,0,0,3,0,1,0,1,0,0,1,0,0,0,1,0,0,0,0,0,0,0,0,0,0,6,2,0,6,6,0,0,0,0,0,0,8,3,0,0,0,0,0,0,0,1,0,0,1,1,2,0,0,0,0,0,0,1,1,10,0,1,0,1,0,0,0,0,1,22,0,0,0,0
"InChI=1S/C11H14ClNO/c1-2-3-6-14-11-5-4-9(8-13)7-10(11)12/h2-5,7H,6,8,13H2,1H3",1,1,3,0,0,0,0,0,0,0,0,0,0,0,0,0,0,0,0,0,1,0,0,0,0,0,0,0,0,0,0,0,0,6,0,0,0,1,0,0,0,0,0,1,2,0,0,0,0,0,0,0,1,0,0,0,2,0,0,0,0,0,0,3,0,1,3,0,0,0,1,0,0,0,0,0,0,0,0,0,0,0,0,0,0,0,3,0,1,0,1,0,2,1,0,0,0,1,0,0,0,0,0,0,0,0,0,3,0,2,0,6,6,0,0,0,0,0,0,12,3,0,1,0,0,0,0,1,1,0,0,1,1,2,0,0,0,0,0,0,1,0,6,0,0,0,1,0,0,0,0,0,6,0,0,0,0
"InChI=1S/C11H14ClNO/c1-7-2-3-11(10(12)4-7)14-9-5-8(13)6-9/h2-4,8-9H,5-6,13H2,1H3",1,1,5,0,0,0,0,0,0,0,0,0,0,0,0,0,0,0,0,0,1,0,0,0,0,0,0,0,0,0,0,0,0,0,0,0,0,1,0,0,0,6,0,0,0,0,0,0,0,0,0,0,1,0,0,0,2,0,4,0,0,0,0,0,0,1,3,0,0,2,1,0,0,0,0,0,0,0,0,0,0,0,0,0,0,0,0,6,1,0,1,0,2,1,0,0,0,2,0,0,0,0,2,0,0,0,0,0,6,4,0,6,6,0,0,0,0,0,0,2,0,0,1,0,0,0,0,1,1,0,0,1,1,2,0,0,0,0,0,0,1,0,10,0,1,0,1,0,0,0,0,0,22,0,0,0,0
"InChI=1S/C11H14ClNO/c1-13(2)11(14)10(12)8-9-6-4-3-5-7-9/h3-7,10H,8H2,1-2H3",1,1,4,0,0,0,0,0,0,0,0,0,0,0,0,0,0,0,0,0,1,0,0,0,0,0,0,0,0,0,0,0,0,0,0,2,0,0,0,0,0,0,0,0,0,0,0,0,0,0,0,0,3,0,1,1,0,0,0,0,0,0,0,0,0,1,7,0,0,0,1,0,0,0,0,0,0,0,0,0,0,0,1,0,0,0,0,0,0,0,1,1,0,0,0,0,0,0,1,1,0,0,0,0,0,0,0,0,0,0,0,6,6,0,0,0,0,0,0,6,0,1,2,0,0,6,1,2,1,0,0,1,3,0,0,0,0,0,0,0,0,0,6,0,0,0,1,0,0,0,0,0,6,0,0,0,0
"InChI=1S/C11H14ClNO/c12-10-3-1-2-9(8-10)11(13)4-6-14-7-5-11/h1-3,8H,4-7,13H2",1,1,5,0,0,0,0,0,0,0,0,0,0,0,0,0,0,0,0,0,1,0,0,0,0,0,0,0,0,0,0,0,0,6,0,0,0,1,0,0,0,6,0,0,0,0,0,0,1,0,0,0,1,0,0,0,2,6,0,18,33,16,18,0,1,1,3,0,0,2,1,0,0,0,0,0,0,0,0,0,0,0,0,0,0,0,0,6,1,0,1,0,0,0,0,0,0,0,0,0,0,0,2,0,0,0,0,6,6,0,1,6,6,0,0,0,0,1,0,4,0,1,0,0,0,0,0,0,1,0,0,1,1,2,0,0,0,0,0,0,1,0,12,0,0,0,2,0,0,0,1,1,22,0,0,0,0
"InChI=1S/C11H14ClNO/c12-9-3-4-10(13)11(7-9)14-6-5-8-1-2-8/h3-4,7-8H,1-2,5-6,13H2",1,1,5,0,0,0,0,0,0,0,0,0,0,0,0,0,0,0,0,0,1,0,0,0,0,0,0,0,0,0,0,0,0,3,0,0,0,1,0,0,0,0,0,0,0,0,0,0,1,0,0,0,1,0,0,0,2,0,3,17,27,12,17,0,0,1,1,0,2,2,1,0,0,0,0,0,0,0,0,0,0,0,0,1,0,0,0,0,1,0,1,0,2,1,0,0,0,1,0,0,0,0,0,0,0,0,0,3,3,2,0,6,6,0,0,0,0,0,0,14,0,0,0,0,0,0,0,0,1,0,0,1,1,2,0,0,0,0,0,0,1,0,9,1,0,0,1,0,0,0,0,0,18,0,0,0,0
"InChI=1S/C11H14ClNO/c12-10-3-4-11(9(5-10)6-13)14-7-8-1-2-8/h3-5,8H,1-2,6-7,13H2",1,1,5,0,0,0,0,0,0,0,0,0,0,0,0,0,0,0,0,0,1,0,0,0,0,0,0,0,0,0,0,0,0,6,0,0,0,1,0,0,0,0,0,0,0,0,0,0,1,0,0,0,1,0,0,0,2,0,0,8,12,9,8,0,0,1,3,0,0,0,1,0,0,0,0,0,0,0,0,0,0,0,0,0,0,0,3,0,1,0,1,0,2,1,0,0,0,1,0,0,0,0,1,0,0,0,0,3,0,2,0,6,6,0,0,0,0,0,0,14,3,0,0,0,0,0,0,0,1,0,0,1,1,2,0,0,0,0,0,0,1,0,9,1,0,0,1,0,0,0,0,0,18,0,0,0,0
"InChI=1S/C11H14ClNO/c12-11-9(4-3-5-10(11)14)8-13-6-1-2-7-13/h3-5,14H,1-2,6-8H2",1,1,5,0,0,0,0,0,0,0,0,0,0,0,0,0,0,0,0,0,1,0,1,0,0,0,0,0,0,0,0,0,0,9,0,0,0,1,0,0,0,0,0,0,0,0,0,0,0,0,0,0,3,0,1,0,1,0,3,27,38,27,27,0,1,1,9,0,0,0,1,2,0,0,0,0,0,0,0,0,0,0,0,0,0,0,9,6,0,1,1,0,2,1,0,0,0,1,0,0,0,0,0,0,0,0,0,0,0,2,0,6,6,0,0,0,0,1,0,10,0,3,0,0,0,0,0,0,1,0,0,1,1,2,0,0,0,0,0,0,0,1,11,0,0,1,1,0,0,0,0,0,22,0,0,0,0
"InChI=1S/C11H14ClNO/c1-2-3-6-14-11-5-4-9(8-13)7-10(11)12/h2,4-5,7H,1,3,6,8,13H2",1,1,3,0,0,0,0,0,0,0,0,0,0,0,0,0,0,0,0,0,1,0,0,0,0,0,0,0,0,0,0,0,0,6,0,0,0,1,0,0,0,0,0,1,2,0,0,0,0,0,0,0,1,0,0,0,2,0,0,9,6,0,9,0,0,1,3,0,0,0,1,0,0,0,0,0,0,0,0,0,0,0,0,0,0,0,3,0,1,0,1,0,2,1,0,0,0,1,0,0,0,0,0,0,0,0,0,3,3,2,0,6,6,0,0,0,0,0,1,21,3,0,0,0,0,0,0,0,1,0,0,1,1,2,0,0,0,0,0,0,1,0,6,0,0,0,1,0,0,0,0,0,6,0,0,0,0
"InChI=1S/C11H14ClNO/c1-11(2,3)13(12)10(14)9-7-5-4-6-8-9/h4-8H,1-3H3",1,1,4,0,0,0,0,0,0,0,0,0,0,0,0,0,0,0,0,0,1,0,0,0,0,1,0,0,0,0,1,0,0,0,0,0,1,0,0,0,0,0,0,0,0,0,0,0,1,0,0,0,2,0,0,1,0,0,0,0,0,0,0,0,0,1,4,0,0,0,1,0,0,0,0,0,0,0,0,0,0,0,1,0,0,0,0,0,0,0,1,1,0,0,0,0,0,0,1,1,0,0,0,0,0,0,0,0,0,0,0,6,6,0,0,0,0,0,0,0,0,0,3,0,0,0,3,3,1,0,0,1,1,0,0,0,0,0,0,0,0,0,6,0,0,0,1,0,0,0,0,0,6,0,0,0,0
"InChI=1S/C11H14ClNO/c1-2-8-3-4-11(10(12)5-8)14-9-6-13-7-9/h3-5,9,13H,2,6-7H2,1H3",1,1,5,0,0,0,0,0,0,0,0,0,0,0,0,0,0,0,0,0,1,1,0,0,0,0,0,0,0,0,0,0,0,6,0,0,0,1,0,0,0,0,0,0,0,0,0,0,0,0,0,0,2,0,0,0,2,4,0,0,0,0,0,0,1,1,6,0,0,0,1,2,0,0,0,0,0,0,0,0,0,0,0,2,0,0,6,0,1,1,1,0,2,1,0,0,0,2,0,0,0,0,0,0,0,0,0,0,6,4,0,6,6,0,0,0,0,1,0,8,6,1,1,3,0,0,0,1,1,0,0,1,1,2,0,0,0,0,0,0,0,0,10,0,1,0,1,0,0,0,0,0,18,0,0,0,0
"InChI=1S/C11H14ClNO/c12-10-3-1-8(2-4-10)11(13)9-5-6-14-7-9/h1-4,9,11H,5-7,13H2",1,1,5,0,0,0,0,0,0,0,0,0,0,0,0,0,0,0,0,0,1,0,1,0,0,0,0,0,0,0,0,0,0,6,0,0,0,1,0,0,0,0,0,0,0,0,0,0,1,0,0,0,1,0,0,0,2,6,3,9,14,4,9,0,1,1,3,0,0,0,1,0,0,0,0,0,0,0,0,0,0,0,0,0,0,0,0,0,1,0,1,0,0,0,0,0,0,0,0,0,0,0,1,0,0,0,0,6,3,0,1,6,6,0,0,0,0,1,0,3,0,1,0,0,0,0,0,0,1,0,0,1,1,2,0,0,0,0,0,0,1,0,11,0,0,1,1,0,0,0,0,0,18,0,0,0,0
"InChI=1S/C11H14ClNO/c12-9-4-5-10(13)11(6-9)14-7-8-2-1-3-8/h4-6,8H,1-3,7,13H2",1,1,5,0,0,0,0,0,0,0,0,0,0,0,0,0,0,0,0,0,1,0,0,0,0,0,0,0,0,0,0,0,0,3,0,0,0,1,0,0,0,0,0,0,0,0,0,0,1,0,0,0,1,0,0,0,2,0,3,17,23,12,17,0,0,1,1,0,2,2,1,0,0,0,0,0,0,0,0,0,0,0,0,1,0,0,0,0,1,0,1,0,2,1,0,0,0,1,0,0,0,0,0,0,0,0,0,3,0,2,0,6,6,0,0,0,0,0,0,9,0,0,0,0,0,0,0,0,1,0,0,1,1,2,0,0,0,0,0,0,1,0,10,0,1,0,1,0,0,0,0,0,22,0,0,0,0
"InChI=1S/C11H14ClNO/c1-8-11(14,6-7-13-8)9-2-4-10(12)5-3-9/h2-5,8,13-14H,6-7H2,1H3",1,1,5,0,0,0,0,0,0,0,0,0,0,0,0,0,0,0,0,0,1,0,1,0,0,0,0,0,0,0,0,0,0,3,0,0,0,2,0,1,1,6,0,0,0,0,0,0,1,0,0,0,2,0,0,0,1,6,5,9,0,4,9,6,1,1,6,0,0,0,1,2,0,0,0,0,0,0,0,0,0,0,0,1,0,0,3,3,1,1,1,0,0,1,0,0,0,3,0,0,0,0,1,0,0,0,0,0,3,2,0,6,6,0,0,0,0,1,0,2,3,0,1,0,0,5,0,1,1,0,0,1,1,2,0,0,0,0,0,0,0,1,11,0,0,1,1,0,0,0,0,1,22,0,0,0,0
"InChI=1S/C11H14ClNO/c1-11(2,3)7-4-5-8(10(13)14)9(12)6-7/h4-6H,1-3H3,(H2,13,14)",1,1,4,0,0,0,0,0,0,0,0,0,0,0,0,0,0,0,0,0,0,0,0,0,0,0,0,0,0,0,0,0,0,0,0,0,0,2,0,0,0,0,0,0,0,0,0,0,1,0,0,1,0,0,0,0,1,0,0,0,0,0,0,0,0,1,1,1,0,0,0,0,0,0,0,0,0,0,0,0,0,0,1,0,0,0,0,0,1,0,1,0,0,1,0,0,0,0,1,1,0,0,0,0,0,0,0,0,0,0,0,6,6,0,0,0,1,0,0,0,0,0,3,0,0,0,3,3,1,0,0,1,1,2,0,0,0,0,0,0,0,1,6,0,0,0,1,0,0,0,0,0,6,0,0,0,0
"InChI=1S/C11H14ClNO/c1-8-5-4-6-9(7-8)13-10(14)11(2,3)12/h4-7H,1-3H3,(H,13,14)",1,1,4,0,0,0,0,0,0,0,0,0,0,0,0,0,0,0,0,0,0,0,0,0,0,0,0,0,0,0,0,0,0,0,0,0,0,1,0,0,0,0,0,0,0,0,0,0,1,0,0,1,1,0,0,0,1,0,0,0,0,0,0,0,0,1,2,1,2,2,0,0,0,0,0,0,0,0,0,0,0,0,1,0,0,0,0,0,0,0,1,0,0,1,0,0,0,0,1,1,0,0,0,0,0,0,0,0,0,0,0,6,6,0,0,0,0,0,0,0,0,0,3,0,0,0,1,3,1,0,0,1,3,0,0,0,0,0,0,0,0,1,6,0,0,0,1,0,0,0,0,0,6,0,0,0,0
"InChI=1S/C11H14ClNO/c12-10-2-1-3-11(9(10)6-13)14-7-8-4-5-8/h1-3,8H,4-7,13H2",1,1,5,0,0,0,0,0,0,0,0,0,0,0,0,0,0,0,0,0,1,0,0,0,0,0,0,0,0,0,0,0,0,6,0,0,0,1,0,0,0,0,0,0,0,0,0,0,1,0,0,0,1,0,0,0,2,0,0,8,12,9,8,0,0,1,3,0,0,0,1,0,0,0,0,0,0,0,0,0,0,0,0,0,0,0,3,0,1,0,1,0,2,1,0,0,0,1,0,0,0,0,1,0,0,0,0,3,0,2,0,6,6,0,0,0,0,0,0,14,3,0,0,0,0,0,0,0,1,0,0,1,1,2,0,0,0,0,0,0,1,0,9,1,0,0,1,0,0,0,0,0,18,0,0,0,0
"InChI=1S/C11H14ClNO/c1-3-11(14)13-10-6-4-5-8(2)9(10)7-12/h4-6H,3,7H2,1-2H3,(H,13,14)",1,1,4,0,0,0,0,0,0,0,0,0,0,0,0,0,0,0,0,0,0,0,0,0,0,0,0,0,0,0,0,0,0,3,0,0,0,1,0,0,0,3,0,0,0,0,0,0,0,0,0,1,1,0,0,0,1,0,0,0,0,0,0,3,0,1,2,1,2,2,0,0,0,0,0,0,0,0,0,0,0,0,1,0,0,0,0,3,0,0,1,0,0,1,0,0,0,0,1,1,0,0,0,0,0,0,0,0,3,0,0,6,6,0,0,0,0,0,0,12,0,0,2,3,0,0,0,2,1,0,0,1,3,0,0,0,0,0,0,0,0,1,6,0,0,0,1,0,0,0,0,0,6,0,0,0,0
"InChI=1S/C11H14ClNO/c12-9-3-1-8(2-4-9)11-6-5-10(7-13)14-11/h1-4,10-11H,5-7,13H2",1,1,5,0,0,0,0,0,0,0,0,0,0,0,0,0,0,0,0,0,1,0,1,0,0,0,0,0,0,0,0,0,0,3,0,0,0,1,0,0,0,0,0,0,0,0,0,0,0,0,0,0,1,0,0,0,2,3,3,9,9,13,9,0,1,1,3,0,0,0,1,0,0,0,0,0,0,0,0,0,0,0,0,1,0,0,3,0,1,0,1,0,0,0,0,0,0,2,0,0,0,0,0,0,0,0,0,0,9,0,1,6,6,0,0,0,0,1,0,8,3,0,0,0,0,0,0,0,1,0,0,1,1,2,0,0,0,0,0,0,1,0,11,0,0,1,1,0,0,0,0,1,18,0,0,0,0
"InChI=1S/C11H14ClNO/c1-11(2,3)8-5-4-7(10(13)14)6-9(8)12/h4-6H,1-3H3,(H2,13,14)",1,1,4,0,0,0,0,0,0,0,0,0,0,0,0,0,0,0,0,0,0,0,0,0,0,0,0,0,0,0,0,0,0,0,0,0,0,2,0,0,0,0,0,0,0,0,0,0,1,0,0,1,0,0,0,0,1,0,0,0,0,0,0,0,0,1,1,1,0,0,0,0,0,0,0,0,0,0,0,0,0,0,1,0,0,0,0,0,1,0,1,0,0,1,0,0,0,0,1,1,0,0,0,0,0,0,0,0,0,0,0,6,6,0,0,0,1,0,0,0,0,0,3,0,0,0,3,3,1,0,0,1,1,2,0,0,0,0,0,0,0,1,6,0,0,0,1,0,0,0,0,0,6,0,0,0,0
"InChI=1S/C11H14ClNO/c12-10-3-1-8(2-4-10)9-5-6-13-11(14)7-9/h1-4,9,11,13-14H,5-7H2",1,1,5,0,0,0,0,0,0,0,0,0,0,0,0,0,0,0,0,0,1,0,0,0,0,0,0,0,0,0,0,0,0,3,0,0,0,2,0,0,0,9,0,0,0,0,0,0,1,0,0,0,2,0,0,0,1,3,11,9,17,8,9,0,1,1,6,0,0,0,1,2,0,0,0,0,0,0,0,0,0,0,1,0,0,0,3,6,1,1,1,0,0,1,0,0,0,0,1,1,0,0,0,0,0,0,0,0,3,2,0,6,6,0,0,0,1,1,0,3,3,0,0,0,0,0,0,0,1,0,0,1,1,2,0,0,0,0,0,0,0,1,12,0,0,0,2,0,0,0,1,1,26,0,0,0,0
"InChI=1S/C11H14ClNO/c12-9-3-1-2-8(4-9)10-5-11(10,6-13)7-14/h1-4,10,14H,5-7,13H2",1,1,5,0,0,0,0,0,0,0,0,0,0,0,0,0,0,0,0,0,1,0,0,0,0,0,0,0,0,0,0,0,0,6,0,0,0,2,0,0,1,0,0,0,0,0,0,0,2,0,0,0,1,0,0,0,1,11,4,0,12,0,0,0,0,1,3,0,0,0,1,0,0,0,0,0,0,0,0,0,0,0,0,0,0,0,3,0,1,0,1,0,0,1,0,0,0,0,0,0,0,0,1,0,0,0,0,3,0,0,0,6,6,0,0,0,0,0,0,13,6,0,0,0,0,0,0,0,1,0,0,1,1,2,0,0,0,0,0,0,1,1,9,1,0,0,1,0,0,0,0,1,18,0,0,0,0
"InChI=1S/C11H14ClNO/c12-10-4-3-9(6-13)11(5-10)14-7-8-1-2-8/h3-5,8H,1-2,6-7,13H2",1,1,5,0,0,0,0,0,0,0,0,0,0,0,0,0,0,0,0,0,1,0,0,0,0,0,0,0,0,0,0,0,0,6,0,0,0,1,0,0,0,0,0,0,0,0,0,0,1,0,0,0,1,0,0,0,2,0,0,8,12,9,8,0,0,1,3,0,0,0,1,0,0,0,0,0,0,0,0,0,0,0,0,0,0,0,3,0,1,0,1,0,2,1,0,0,0,1,0,0,0,0,1,0,0,0,0,3,0,2,0,6,6,0,0,0,0,0,0,14,3,0,0,0,0,0,0,0,1,0,0,1,1,2,0,0,0,0,0,0,1,0,9,1,0,0,1,0,0,0,0,0,18,0,0,0,0
"InChI=1S/C11H14ClNO/c1-11(2,3)7-4-5-9(12)8(6-7)10(13)14/h4-6H,1-3H3,(H2,13,14)",1,1,4,0,0,0,0,0,0,0,0,0,0,0,0,0,0,0,0,0,0,0,0,0,0,0,0,0,0,0,0,0,0,0,0,0,0,2,0,0,0,0,0,0,0,0,0,0,1,0,0,1,0,0,0,0,1,0,0,0,0,0,0,0,0,1,1,1,0,0,0,0,0,0,0,0,0,0,0,0,0,0,1,0,0,0,0,0,1,0,1,0,0,1,0,0,0,0,1,1,0,0,0,0,0,0,0,0,0,0,0,6,6,0,0,0,1,0,0,0,0,0,3,0,0,0,3,3,1,0,0,1,1,2,0,0,0,0,0,0,0,1,6,0,0,0,1,0,0,0,0,0,6,0,0,0,0
"InChI=1S/C11H14ClNO/c1-3-9-6-4-5-8(2)11(9)13-10(14)7-12/h4-6H,3,7H2,1-2H3,(H,13,14)",1,1,4,0,0,0,0,0,0,0,0,0,0,0,0,0,0,0,0,0,0,0,0,0,0,0,0,0,0,0,0,0,0,3,0,0,0,1,0,0,0,3,0,0,0,0,0,0,0,0,0,1,1,0,0,0,1,0,0,0,0,0,0,0,0,1,2,1,2,2,0,0,0,0,0,0,0,0,0,0,0,0,1,0,0,0,0,3,0,0,1,0,0,1,0,0,0,0,1,1,0,0,0,0,0,0,0,0,3,0,0,6,6,0,0,0,0,0,0,12,0,0,2,3,0,3,0,2,1,0,0,1,3,0,0,0,0,0,0,0,0,1,6,0,0,0,1,0,0,0,0,0,6,0,0,0,0
"InChI=1S/C11H14ClNO/c1-9(12)7-13-8-11(14)10-5-3-2-4-6-10/h2-6,11,13-14H,1,7-8H2",1,1,3,0,0,0,0,0,0,0,0,0,0,0,0,0,0,0,0,0,1,0,0,0,0,0,0,0,0,0,0,0,0,6,0,0,0,2,0,1,0,3,0,1,2,0,0,0,0,0,0,0,2,0,0,0,1,2,3,0,0,6,0,0,0,1,6,0,0,0,1,0,0,0,0,0,0,0,0,0,0,0,0,1,0,0,6,0,1,0,1,0,0,1,0,0,0,1,0,0,0,0,0,0,0,0,0,0,3,0,0,6,6,0,0,0,0,0,1,15,6,1,0,0,0,0,0,0,1,0,0,1,1,0,0,0,0,0,0,0,0,1,6,0,0,0,1,0,0,0,0,0,6,0,0,0,0
"InChI=1S/C11H14ClNO/c1-2-7-14-11-4-3-10(12)8-9(11)5-6-13/h2-4,8H,1,5-7,13H2",1,1,3,0,0,0,0,0,0,0,0,0,0,0,0,0,0,0,0,0,1,0,0,0,0,0,0,0,0,0,0,0,0,6,0,0,0,1,0,0,0,3,0,1,2,0,0,0,0,0,0,0,1,0,0,0,2,0,0,9,0,9,9,0,0,1,3,0,0,0,1,0,0,0,0,0,0,0,0,0,0,0,0,0,0,0,3,3,1,0,1,0,2,1,0,0,0,1,0,0,0,0,0,0,0,0,0,3,0,2,0,6,6,0,0,0,0,0,1,21,3,0,0,0,0,0,0,0,1,0,0,1,1,2,0,0,0,0,0,0,1,0,6,0,0,0,1,0,0,0,0,0,6,0,0,0,0
"InChI=1S/C11H14ClNO/c1-11(2,8-14)13-7-9-5-3-4-6-10(9)12/h3-7,14H,8H2,1-2H3",1,1,4,0,0,0,0,0,0,0,0,0,0,0,0,0,0,0,0,0,0,0,0,0,0,0,0,0,0,0,0,0,0,3,0,0,0,1,0,0,0,0,0,0,0,0,0,0,1,0,0,1,1,0,0,0,1,0,0,0,0,0,0,0,0,1,4,1,0,0,0,0,0,0,0,0,0,0,0,0,0,0,0,1,0,0,0,3,0,0,1,0,0,1,0,0,0,0,0,0,0,0,0,0,0,0,0,3,0,0,0,6,6,0,0,0,0,0,0,6,3,0,2,0,6,0,1,2,1,0,0,1,1,2,0,0,0,0,0,0,0,1,6,0,0,0,1,0,0,0,0,0,6,0,0,0,0
"InChI=1S/C11H14ClNO/c1-7-4-8(2)11(9(3)5-7)13-10(14)6-12/h4-5H,6H2,1-3H3,(H,13,14)",1,1,4,0,0,0,0,0,0,0,0,0,0,0,0,0,0,0,0,0,0,0,0,0,0,0,0,0,0,0,0,0,0,3,0,0,0,1,0,0,0,3,0,0,0,0,0,0,0,0,0,1,1,0,0,0,1,0,0,0,0,0,0,0,0,1,2,1,2,2,0,0,0,0,0,0,0,0,0,0,0,0,1,0,0,0,0,3,0,0,1,0,0,1,0,0,0,0,1,1,0,0,0,0,0,0,0,0,3,0,0,6,6,0,0,0,0,0,0,6,0,0,3,0,0,0,0,3,1,0,0,1,3,0,0,0,0,0,0,0,0,1,6,0,0,0,1,0,0,0,0,0,6,0,0,0,0
"InChI=1S/C11H14ClNO/c1-8-4-3-5-10(6-8)7-13-11(14)9(2)12/h3-6,9H,7H2,1-2H3,(H,13,14)",1,1,4,0,0,0,0,0,0,0,0,0,0,0,0,0,0,0,0,0,0,0,0,0,0,0,0,0,0,0,0,0,0,3,0,0,0,1,0,0,0,0,0,0,0,0,0,0,0,0,0,1,1,0,0,0,1,3,0,0,0,0,0,0,0,1,4,1,0,0,0,0,0,0,0,0,0,0,0,0,0,0,1,0,0,0,3,0,0,0,1,0,0,1,0,0,0,0,1,1,0,0,0,0,0,0,0,0,0,0,0,6,6,0,0,0,0,0,0,6,0,0,2,0,0,6,0,2,1,0,0,1,3,0,0,0,0,0,0,0,0,1,6,0,0,0,1,0,0,0,0,0,6,0,0,0,0
"InChI=1S/C11H14ClNO/c1-3-8(4-2)11(14)9-5-6-13-7-10(9)12/h5-8H,3-4H2,1-2H3",1,1,5,0,0,0,0,0,0,0,0,0,0,0,0,0,0,0,0,0,0,0,0,0,0,0,0,0,0,0,0,0,0,0,0,0,0,0,0,0,0,0,0,0,0,0,0,0,1,0,0,0,0,0,0,1,0,0,0,0,0,0,0,5,1,1,2,0,0,0,0,0,0,0,0,0,0,0,0,0,0,0,0,0,0,0,0,0,0,1,1,1,0,0,0,0,0,1,0,0,0,0,0,0,0,0,0,0,0,0,0,6,4,0,0,0,0,1,0,12,0,0,2,6,0,0,0,2,1,0,0,1,1,2,0,0,0,0,0,2,0,0,6,0,0,0,1,0,0,0,1,0,4,0,0,0,0
"InChI=1S/C11H14ClNO/c12-9-5-3-8(4-6-9)11(14)10-2-1-7-13-10/h3-6,10-11,13-14H,1-2,7H2",1,1,5,0,0,0,0,0,0,0,0,0,0,0,0,0,0,0,0,0,1,0,1,0,0,0,0,0,0,0,0,0,0,3,0,0,0,2,0,1,0,6,0,0,0,0,0,0,0,0,0,0,2,0,0,0,1,8,8,18,8,8,18,0,1,1,6,0,0,0,1,2,0,0,0,0,0,0,0,0,0,0,0,1,0,0,3,6,1,1,1,0,0,1,0,0,0,1,0,0,0,0,0,0,0,0,0,0,0,0,0,6,6,0,0,0,0,1,0,3,3,0,0,0,0,0,0,0,1,0,0,1,1,2,0,0,0,0,0,0,0,1,11,0,0,1,1,0,0,0,0,0,22,0,0,0,0
"InChI=1S/C11H14ClNO/c1-3-11(14)8(2)6-9-4-5-13-7-10(9)12/h4-5,7-8H,3,6H2,1-2H3",1,1,5,0,0,0,0,0,0,0,0,0,0,0,0,0,0,0,0,0,0,0,0,0,0,0,0,0,0,0,0,0,0,0,0,0,0,0,0,0,0,0,0,0,0,0,0,0,1,0,0,0,0,0,0,1,0,0,0,0,9,0,0,3,1,1,2,0,0,0,0,0,0,0,0,0,0,0,0,0,0,0,0,0,0,0,0,0,0,1,1,1,0,0,0,0,0,1,0,0,0,0,0,0,0,0,0,0,3,0,0,6,4,0,0,0,0,1,0,12,0,0,2,3,3,3,0,2,1,0,0,1,1,2,0,0,0,0,0,2,0,0,6,0,0,0,1,0,0,0,1,0,4,0,0,0,0
"InChI=1S/C11H14ClNO/c12-9-2-3-10-8(7-9)1-4-11(10)13-5-6-14/h2-3,7,11,13-14H,1,4-6H2",1,1,5,0,0,0,0,0,0,0,0,0,0,0,0,0,0,0,0,0,1,0,0,0,0,0,0,0,0,0,0,0,0,6,0,0,0,2,0,1,0,8,0,0,0,0,0,0,0,0,0,0,2,0,0,0,1,3,3,18,9,22,18,0,0,1,6,0,0,2,1,0,0,0,0,0,0,0,0,0,0,0,0,1,0,0,3,6,1,0,1,0,0,1,0,0,0,0,0,0,0,0,0,0,0,0,0,3,3,0,0,6,6,0,0,0,0,0,0,14,6,0,0,0,0,0,0,0,1,0,0,1,1,2,0,0,0,0,0,0,0,1,9,0,0,1,1,0,0,0,0,0,11,2,0,0,0
"InChI=1S/C11H14ClNO/c1-3-8(4-2)11(14)9-5-6-13-10(12)7-9/h5-8H,3-4H2,1-2H3",1,1,5,0,0,0,0,0,0,0,0,0,0,0,0,0,0,0,0,0,0,0,0,0,0,0,0,0,0,0,0,0,0,0,0,0,0,0,0,0,0,0,0,0,0,0,0,0,1,0,0,0,0,0,0,1,0,0,0,0,0,0,0,5,1,1,2,0,0,0,0,0,0,0,0,0,0,0,0,0,0,0,0,0,0,0,0,0,0,1,1,1,0,0,0,0,0,1,0,0,0,0,0,0,0,0,0,0,0,0,0,6,4,0,0,0,0,1,0,12,0,0,2,6,0,0,0,2,1,0,0,1,1,2,0,0,0,0,0,2,0,0,6,0,0,0,1,0,0,0,1,0,4,0,0,0,0
"InChI=1S/C11H14ClNO/c1-9-4-5-11(10(12)8-9)14-7-3-2-6-13/h2-5,8H,6-7,13H2,1H3",1,1,3,0,0,0,0,0,0,0,0,0,0,0,0,0,0,0,0,0,1,0,0,0,0,0,0,0,0,0,0,0,0,6,0,0,0,1,0,0,0,0,0,1,2,0,0,0,0,0,0,0,1,0,0,0,2,0,3,0,9,0,0,0,0,1,3,0,0,0,1,0,0,0,0,0,0,0,0,0,0,0,0,0,0,0,3,0,1,0,1,0,2,1,0,0,0,1,0,0,0,0,0,0,0,0,0,3,0,2,0,6,6,0,0,0,0,0,0,12,3,0,1,0,0,0,0,1,1,0,0,1,1,2,0,0,0,0,0,0,1,0,6,0,0,0,1,0,0,0,0,0,6,0,0,0,0
"InChI=1S/C11H14ClNO/c12-9-5-4-8-11(14)13-10-6-2-1-3-7-10/h1-3,6-7H,4-5,8-9H2,(H,13,14)",1,1,4,0,0,0,0,0,0,0,0,0,0,0,0,0,0,0,0,0,0,0,0,0,0,0,0,0,0,0,0,0,0,3,0,0,0,1,0,0,0,3,0,0,0,0,0,0,0,0,0,1,1,0,0,0,1,3,3,27,9,0,27,0,0,1,2,1,2,2,0,0,0,0,0,0,0,0,0,0,0,0,1,0,0,0,0,3,0,0,1,0,0,1,0,0,0,0,1,1,0,0,0,0,0,0,0,0,3,0,0,6,6,0,0,0,0,0,0,24,0,0,0,0,0,0,0,0,1,0,0,1,3,0,0,0,0,0,0,0,0,1,6,0,0,0,1,0,0,0,0,0,6,0,0,0,0
"InChI=1S/C11H14ClNO/c1-13(8-7-12)11(14)9-10-5-3-2-4-6-10/h2-6H,7-9H2,1H3",1,1,4,0,0,0,0,0,0,0,0,0,0,0,0,0,0,0,0,0,1,0,0,0,0,0,0,0,0,0,0,0,0,6,0,1,0,0,0,0,0,0,0,0,0,0,0,0,0,0,0,0,3,0,1,1,0,0,0,9,9,9,9,6,0,1,7,0,0,0,1,0,0,0,0,0,0,0,0,0,0,0,1,0,0,0,3,6,0,0,1,1,0,0,0,0,0,0,1,1,0,0,0,0,0,0,0,0,3,0,0,6,6,0,0,0,0,0,0,18,0,1,1,0,3,0,0,1,1,0,0,1,3,0,0,0,0,0,0,0,0,0,6,0,0,0,1,0,0,0,0,0,6,0,0,0,0
"InChI=1S/C11H14ClNO/c1-11(2,3)8-6-7(10(13)14)4-5-9(8)12/h4-6H,1-3H3,(H2,13,14)",1,1,4,0,0,0,0,0,0,0,0,0,0,0,0,0,0,0,0,0,0,0,0,0,0,0,0,0,0,0,0,0,0,0,0,0,0,2,0,0,0,0,0,0,0,0,0,0,1,0,0,1,0,0,0,0,1,0,0,0,0,0,0,0,0,1,1,1,0,0,0,0,0,0,0,0,0,0,0,0,0,0,1,0,0,0,0,0,1,0,1,0,0,1,0,0,0,0,1,1,0,0,0,0,0,0,0,0,0,0,0,6,6,0,0,0,1,0,0,0,0,0,3,0,0,0,3,3,1,0,0,1,1,2,0,0,0,0,0,0,0,1,6,0,0,0,1,0,0,0,0,0,6,0,0,0,0
"InChI=1S/C11H14ClNO/c12-10-2-1-8-6-11(13-3-4-14)7-9(8)5-10/h1-2,5,11,13-14H,3-4,6-7H2",1,1,5,0,0,0,0,0,0,0,0,0,0,0,0,0,0,0,0,0,1,0,0,0,0,0,0,0,0,0,0,0,0,6,0,0,0,2,0,1,0,11,0,0,0,0,0,0,0,0,0,0,2,0,0,0,1,0,0,9,26,18,9,0,0,1,6,0,0,2,1,0,0,0,0,0,0,0,0,0,0,0,0,1,0,0,3,9,1,0,1,0,0,1,0,0,0,0,0,0,0,0,0,0,0,0,0,3,3,0,0,6,6,0,0,0,0,0,0,14,6,0,0,0,0,0,0,0,1,0,0,1,1,2,0,0,0,0,0,0,0,1,9,0,0,1,1,0,0,0,0,0,11,2,0,0,0
"InChI=1S/C11H14ClNO/c1-8-3-5-10(6-4-8)9(2)13-11(14)7-12/h3-6,9H,7H2,1-2H3,(H,13,14)",1,1,4,0,0,0,0,0,0,0,0,0,0,0,0,0,0,0,0,0,0,0,0,0,0,0,0,0,0,0,0,0,0,3,0,0,0,1,0,0,0,3,0,0,0,0,0,0,0,0,0,1,1,0,0,0,1,0,0,0,0,0,0,0,0,1,4,1,0,0,0,0,0,0,0,0,0,0,0,0,0,0,1,0,0,0,0,3,0,0,1,0,0,1,0,0,0,0,1,1,0,0,0,0,0,0,0,0,3,0,0,6,6,0,0,0,0,0,0,6,0,0,2,0,0,3,0,2,1,0,0,1,3,0,0,0,0,0,0,0,0,1,6,0,0,0,1,0,0,0,0,0,6,0,0,0,0
"InChI=1S/C11H14ClNO/c1-8-3-4-10(9(2)7-8)13-11(14)5-6-12/h3-4,7H,5-6H2,1-2H3,(H,13,14)",1,1,4,0,0,0,0,0,0,0,0,0,0,0,0,0,0,0,0,0,0,0,0,0,0,0,0,0,0,0,0,0,0,3,0,0,0,1,0,0,0,3,0,0,0,0,0,0,0,0,0,1,1,0,0,0,1,3,0,9,0,0,9,0,0,1,2,1,2,2,0,0,0,0,0,0,0,0,0,0,0,0,1,0,0,0,0,3,0,0,1,0,0,1,0,0,0,0,1,1,0,0,0,0,0,0,0,0,3,0,0,6,6,0,0,0,0,0,0,12,0,0,2,0,0,0,0,2,1,0,0,1,3,0,0,0,0,0,0,0,0,1,6,0,0,0,1,0,0,0,0,0,6,0,0,0,0
"InChI=1S/C11H14ClNO/c1-8-11(14,5-6-13-8)9-3-2-4-10(12)7-9/h2-4,7-8,13-14H,5-6H2,1H3",1,1,5,0,0,0,0,0,0,0,0,0,0,0,0,0,0,0,0,0,1,0,1,0,0,0,0,0,0,0,0,0,0,3,0,0,0,2,0,1,1,6,0,0,0,0,0,0,1,0,0,0,2,0,0,0,1,6,5,9,0,4,9,6,1,1,6,0,0,0,1,2,0,0,0,0,0,0,0,0,0,0,0,1,0,0,3,3,1,1,1,0,0,1,0,0,0,3,0,0,0,0,1,0,0,0,0,0,3,2,0,6,6,0,0,0,0,1,0,2,3,0,1,0,0,5,0,1,1,0,0,1,1,2,0,0,0,0,0,0,0,1,11,0,0,1,1,0,0,0,0,1,22,0,0,0,0
"InChI=1S/C11H14ClNO/c1-2-8-5-9(3-4-11(8)12)14-10-6-13-7-10/h3-5,10,13H,2,6-7H2,1H3",1,1,5,0,0,0,0,0,0,0,0,0,0,0,0,0,0,0,0,0,1,1,0,0,0,0,0,0,0,0,0,0,0,6,0,0,0,1,0,0,0,0,0,0,0,0,0,0,0,0,0,0,2,0,0,0,2,4,0,0,0,0,0,0,1,1,6,0,0,0,1,2,0,0,0,0,0,0,0,0,0,0,0,2,0,0,6,0,1,1,1,0,2,1,0,0,0,2,0,0,0,0,0,0,0,0,0,0,6,4,0,6,6,0,0,0,0,1,0,8,6,1,1,3,0,0,0,1,1,0,0,1,1,2,0,0,0,0,0,0,0,0,10,0,1,0,1,0,0,0,0,0,18,0,0,0,0
"InChI=1S/C11H14ClNO/c12-10-4-2-1-3-9(10)11(7-13)5-8(14)6-11/h1-4,8,14H,5-7,13H2",1,1,5,0,0,0,0,0,0,0,0,0,0,0,0,0,0,0,0,0,1,0,0,0,0,0,0,0,0,0,0,0,0,3,0,0,0,2,0,0,0,6,0,0,0,0,0,0,1,0,0,0,1,0,0,0,1,6,10,0,0,12,0,0,0,1,3,0,0,0,1,0,0,0,0,0,0,0,0,0,0,0,0,0,0,0,3,0,1,0,1,0,0,1,0,0,0,1,0,0,0,0,0,0,0,0,0,0,6,2,0,6,6,0,0,0,0,0,0,8,3,0,0,0,0,0,0,0,1,0,0,1,1,2,0,0,0,0,0,0,1,1,10,0,1,0,1,0,0,0,0,1,22,0,0,0,0
"InChI=1S/C11H14ClNO/c1-9-7-10(8-14)3-4-11(9)13(2)6-5-12/h3-4,7-8H,5-6H2,1-2H3",1,1,4,0,0,0,0,0,0,0,0,0,0,0,0,0,0,0,0,0,1,0,0,0,0,0,0,0,0,0,0,0,0,6,0,1,0,0,0,0,0,0,0,0,0,0,0,0,0,0,0,0,3,0,1,1,0,0,0,9,0,0,9,3,0,1,7,0,2,2,1,0,0,0,0,0,0,0,0,0,0,0,0,0,0,0,3,3,0,0,1,1,0,0,0,0,0,0,0,0,0,0,0,0,0,0,0,0,0,0,0,6,6,0,0,0,0,0,0,12,0,1,2,0,3,3,0,2,1,0,0,1,3,0,0,0,0,0,0,0,0,0,6,0,0,0,1,0,0,0,0,0,6,0,0,0,0
"InChI=1S/C11H14ClNO/c12-8-5-4-7-2-1-3-10(14)11(13)9(7)6-8/h4-6,10-11,14H,1-3,13H2",1,1,5,0,0,0,0,0,0,0,0,0,0,0,0,0,0,0,0,0,1,0,0,0,0,0,0,0,0,0,0,0,0,0,0,0,0,2,0,1,0,3,0,0,0,0,0,0,0,0,0,0,1,0,0,0,1,6,9,18,0,0,18,0,0,1,3,0,0,2,1,0,0,0,0,0,0,0,0,0,0,0,0,1,0,0,0,0,1,0,1,0,0,1,0,0,0,1,0,0,0,0,0,0,0,0,0,0,3,2,0,6,6,0,0,0,0,0,0,3,0,0,0,0,0,0,0,0,1,0,0,1,1,2,0,0,0,0,0,0,1,1,11,0,0,0,1,1,0,0,0,0,19,2,0,0,0
"InChI=1S/C11H14ClNO/c12-7-9-1-3-10(4-2-9)13-11-5-6-14-8-11/h1-4,11,13H,5-8H2",1,1,5,0,0,0,0,0,0,0,0,0,0,0,0,0,0,0,0,0,1,0,1,0,0,0,0,0,0,0,0,0,0,9,0,0,0,1,0,0,0,6,0,0,0,0,0,0,0,0,0,0,2,0,0,0,2,3,3,9,14,4,9,0,1,1,4,0,2,4,1,0,0,0,0,0,0,0,0,0,0,0,0,1,0,0,0,6,1,0,1,0,0,0,0,0,0,0,0,0,0,0,1,0,0,0,0,6,3,0,1,6,6,0,0,0,0,1,0,9,0,1,0,0,0,0,0,0,1,0,0,1,3,0,0,0,0,0,0,0,0,0,11,0,0,1,1,0,0,0,0,0,18,0,0,0,0
"InChI=1S/C11H14ClNO/c1-8-6-13(2)7-9-5-10(12)3-4-11(9)14-8/h3-5,8H,6-7H2,1-2H3",1,1,5,0,0,0,0,0,0,0,0,0,0,0,0,0,0,0,0,0,1,0,0,0,0,0,0,0,0,0,0,0,0,6,0,1,0,0,0,0,0,0,0,0,0,0,0,0,0,0,0,0,3,0,1,0,2,0,0,0,0,0,0,0,2,1,9,0,0,0,1,2,0,0,0,0,0,0,0,0,0,0,0,1,0,0,6,0,0,1,1,0,2,0,0,0,0,2,0,0,0,0,1,0,0,0,0,0,3,0,1,6,6,0,0,0,0,2,0,2,0,3,2,0,9,3,0,2,1,0,0,1,1,2,0,0,0,0,0,0,0,0,11,0,0,0,1,1,0,0,0,0,11,2,0,0,0
"InChI=1S/C11H14ClNO/c12-9-3-1-2-8(4-9)11(7-13)5-10(14)6-11/h1-4,10,14H,5-7,13H2",1,1,5,0,0,0,0,0,0,0,0,0,0,0,0,0,0,0,0,0,1,0,0,0,0,0,0,0,0,0,0,0,0,3,0,0,0,2,0,0,0,6,0,0,0,0,0,0,1,0,0,0,1,0,0,0,1,6,10,0,0,12,0,0,0,1,3,0,0,0,1,0,0,0,0,0,0,0,0,0,0,0,0,0,0,0,3,0,1,0,1,0,0,1,0,0,0,1,0,0,0,0,0,0,0,0,0,0,6,2,0,6,6,0,0,0,0,0,0,8,3,0,0,0,0,0,0,0,1,0,0,1,1,2,0,0,0,0,0,0,1,1,10,0,1,0,1,0,0,0,0,1,22,0,0,0,0
"InChI=1S/C11H14ClNO/c1-11(8-14-7-6-13-11)9-2-4-10(12)5-3-9/h2-5,13H,6-8H2,1H3",1,1,5,0,0,0,0,0,0,0,0,0,0,0,0,0,0,0,0,0,1,0,0,0,0,0,0,0,0,0,0,0,0,9,0,0,0,1,0,0,0,6,0,0,0,0,0,0,1,0,0,0,2,0,0,0,2,0,5,9,17,8,9,3,2,1,6,0,0,0,1,2,0,0,0,0,0,0,0,0,0,0,0,2,0,0,3,6,1,1,1,0,0,0,0,0,0,0,0,0,0,0,0,0,0,0,0,6,3,0,1,6,6,0,0,0,0,2,0,3,3,1,1,0,3,6,0,1,1,0,0,1,1,2,0,0,0,0,0,0,0,0,12,0,0,0,2,0,0,0,1,1,18,0,0,0,0
"InChI=1S/C11H14ClNO/c12-10-4-2-1-3-8(10)9-5-11(9,6-13)7-14/h1-4,9,14H,5-7,13H2",1,1,5,0,0,0,0,0,0,0,0,0,0,0,0,0,0,0,0,0,1,0,0,0,0,0,0,0,0,0,0,0,0,6,0,0,0,2,0,0,1,0,0,0,0,0,0,0,2,0,0,0,1,0,0,0,1,11,4,0,12,0,0,0,0,1,3,0,0,0,1,0,0,0,0,0,0,0,0,0,0,0,0,0,0,0,3,0,1,0,1,0,0,1,0,0,0,0,0,0,0,0,1,0,0,0,0,3,0,0,0,6,6,0,0,0,0,0,0,13,6,0,0,0,0,0,0,0,1,0,0,1,1,2,0,0,0,0,0,0,1,1,9,1,0,0,1,0,0,0,0,1,18,0,0,0,0
"InChI=1S/C11H14ClNO/c1-2-7-13-11(14)10-5-3-9(8-12)4-6-10/h3-6H,2,7-8H2,1H3,(H,13,14)",1,1,4,0,0,0,0,0,0,0,0,0,0,0,0,0,0,0,0,0,1,0,0,0,0,0,0,0,0,0,0,0,0,6,0,0,0,1,0,0,0,3,0,0,0,0,0,0,0,0,0,0,2,0,0,1,0,0,0,9,0,0,9,0,0,1,4,0,0,0,1,0,0,0,0,0,0,0,0,0,0,0,1,0,0,0,3,3,1,0,1,1,0,0,0,0,0,0,1,1,0,0,0,0,0,0,0,0,0,0,0,6,6,0,0,0,0,0,0,18,3,0,1,3,3,0,0,1,1,0,0,1,3,0,0,0,0,0,0,0,0,0,6,0,0,0,1,0,0,0,0,0,6,0,0,0,0
"InChI=1S/C11H14ClNO/c1-8(10(12)11(14)13-2)9-6-4-3-5-7-9/h3-8,10H,1-2H3,(H,13,14)",1,1,4,0,0,0,0,0,0,0,0,0,0,0,0,0,0,0,0,0,0,0,0,0,0,0,0,0,0,0,0,0,0,0,0,1,0,1,0,0,0,0,0,0,0,0,0,0,1,0,0,1,1,0,0,0,1,0,0,0,0,0,0,0,0,1,4,1,0,0,0,0,0,0,0,0,0,0,0,0,0,0,1,0,0,0,0,0,0,0,1,0,0,1,0,0,0,0,1,1,0,0,0,0,0,0,0,0,0,0,0,6,6,0,0,0,0,0,0,0,0,0,2,0,0,0,0,2,1,0,0,1,3,0,0,0,0,0,0,0,0,1,6,0,0,0,1,0,0,0,0,0,6,0,0,0,0
"InChI=1S/C11H14ClNO/c1-8(2)7-14-11-4-3-9(6-13)5-10(11)12/h3-5H,1,6-7,13H2,2H3",1,1,3,0,0,0,0,0,0,0,0,0,0,0,0,0,0,0,0,0,1,0,0,0,0,0,0,0,0,0,0,0,0,6,0,0,0,1,0,0,0,0,0,1,2,0,0,0,0,1,0,0,1,0,0,0,2,0,0,0,0,0,0,0,0,1,3,0,0,0,1,0,0,0,0,0,0,0,0,0,0,0,0,0,0,0,3,0,1,0,1,0,2,1,0,0,0,1,0,0,0,0,0,0,0,0,0,3,0,2,0,6,6,0,0,0,0,0,1,15,3,0,1,0,5,0,0,1,1,0,0,1,1,2,0,0,0,0,0,0,1,0,6,0,0,0,1,0,0,0,0,0,6,0,0,0,0
"InChI=1S/C11H14ClNO/c12-10-3-1-9(2-4-10)11(14)5-7-13-8-6-11/h1-4,13-14H,5-8H2",1,1,5,0,0,0,0,0,0,0,0,0,0,0,0,0,0,0,0,0,1,0,0,0,0,0,0,0,0,0,0,0,0,6,0,0,0,2,0,0,2,12,0,0,0,0,0,0,1,0,0,0,2,0,0,0,1,6,5,18,33,16,18,0,1,1,6,0,0,0,1,2,0,0,0,0,0,0,0,0,0,0,0,0,0,0,6,6,1,1,1,0,0,1,0,0,0,3,0,0,0,0,2,0,0,0,0,0,6,2,0,6,6,0,0,0,0,1,0,4,6,1,0,0,0,0,0,0,1,0,0,1,1,2,0,0,0,0,0,0,0,1,12,0,0,0,2,0,0,0,1,1,26,0,0,0,0
"InChI=1S/C11H14ClNO/c1-11(2,8-14)13-7-9-3-5-10(12)6-4-9/h3-7,14H,8H2,1-2H3",1,1,4,0,0,0,0,0,0,0,0,0,0,0,0,0,0,0,0,0,0,0,0,0,0,0,0,0,0,0,0,0,0,3,0,0,0,1,0,0,0,0,0,0,0,0,0,0,1,0,0,1,1,0,0,0,1,0,0,0,0,0,0,0,0,1,4,1,0,0,0,0,0,0,0,0,0,0,0,0,0,0,0,1,0,0,0,3,0,0,1,0,0,1,0,0,0,0,0,0,0,0,0,0,0,0,0,3,0,0,0,6,6,0,0,0,0,0,0,6,3,0,2,0,6,0,1,2,1,0,0,1,1,2,0,0,0,0,0,0,0,1,6,0,0,0,1,0,0,0,0,0,6,0,0,0,0
"InChI=1S/C11H14ClNO/c12-10-6-2-3-7-11(10)14-13-8-4-1-5-9-13/h2-3,6-7H,1,4-5,8-9H2",1,1,5,0,0,0,0,0,0,0,0,0,0,0,0,0,0,0,0,0,1,0,0,0,0,1,0,0,0,0,1,0,1,6,0,0,0,0,0,0,0,0,0,0,0,0,0,0,0,0,0,0,2,0,0,0,1,0,0,36,33,26,36,0,1,1,6,0,0,0,1,2,0,0,0,0,0,0,0,0,0,1,0,0,0,1,6,6,0,1,1,0,2,1,0,0,0,1,0,0,0,0,0,1,0,0,0,0,6,4,0,6,6,0,0,0,0,1,0,5,0,1,0,0,0,0,0,0,1,0,0,1,1,2,0,0,0,0,0,0,0,0,12,0,0,0,2,0,0,0,1,0,26,0,0,0,0
"InChI=1S/C11H14ClNO/c1-3-6-13-8-9-4-5-11(14-2)10(12)7-9/h3-5,7,13H,1,6,8H2,2H3",1,1,3,0,0,0,0,0,0,0,0,0,0,0,0,0,0,0,0,0,1,0,0,0,0,0,0,0,0,0,0,0,0,6,0,1,0,1,0,0,0,0,0,1,2,0,0,0,0,0,0,0,2,0,0,0,2,2,0,0,0,6,0,0,0,1,6,0,0,0,1,0,0,0,0,0,0,0,0,0,0,0,0,0,0,0,6,0,1,0,1,0,2,1,0,0,0,1,0,0,0,0,0,0,0,0,0,0,0,2,0,6,6,0,0,0,0,0,1,15,6,1,1,0,0,0,0,1,1,0,0,1,1,2,0,0,0,0,0,0,0,0,6,0,0,0,1,0,0,0,0,0,6,0,0,0,0
"InChI=1S/C11H14ClNO/c12-10-3-1-2-8(6-10)11(13)9-4-5-14-7-9/h1-3,6,9,11H,4-5,7,13H2",1,1,5,0,0,0,0,0,0,0,0,0,0,0,0,0,0,0,0,0,1,0,1,0,0,0,0,0,0,0,0,0,0,6,0,0,0,1,0,0,0,0,0,0,0,0,0,0,1,0,0,0,1,0,0,0,2,6,3,9,14,4,9,0,1,1,3,0,0,0,1,0,0,0,0,0,0,0,0,0,0,0,0,0,0,0,0,0,1,0,1,0,0,0,0,0,0,0,0,0,0,0,1,0,0,0,0,6,3,0,1,6,6,0,0,0,0,1,0,3,0,1,0,0,0,0,0,0,1,0,0,1,1,2,0,0,0,0,0,0,1,0,11,0,0,1,1,0,0,0,0,0,18,0,0,0,0
"InChI=1S/C11H14ClNO/c1-8(14)10(7-12)11(13)9-5-3-2-4-6-9/h2-6,10-11H,7,13H2,1H3",1,1,4,0,0,0,0,0,0,0,0,0,0,0,0,0,0,0,0,0,1,0,0,0,0,0,0,0,0,0,0,0,0,3,0,0,0,1,0,0,0,0,0,0,0,0,0,0,1,0,0,0,1,0,0,1,0,3,0,0,0,0,0,3,0,1,3,0,0,0,1,0,0,0,0,0,0,0,0,0,0,0,0,0,0,0,0,0,1,0,1,1,0,0,0,0,0,1,0,0,0,0,1,0,0,0,0,0,0,0,0,6,6,0,0,0,0,0,0,6,0,0,1,0,0,0,0,1,1,0,0,1,3,0,0,0,0,0,0,0,1,0,6,0,0,0,1,0,0,0,0,0,6,0,0,0,0
"InChI=1S/C11H14ClNO/c12-10-4-2-1-3-9(10)11(13)8-5-6-14-7-8/h1-4,8,11H,5-7,13H2",1,1,5,0,0,0,0,0,0,0,0,0,0,0,0,0,0,0,0,0,1,0,1,0,0,0,0,0,0,0,0,0,0,6,0,0,0,1,0,0,0,0,0,0,0,0,0,0,1,0,0,0,1,0,0,0,2,6,3,9,14,4,9,0,1,1,3,0,0,0,1,0,0,0,0,0,0,0,0,0,0,0,0,0,0,0,0,0,1,0,1,0,0,0,0,0,0,0,0,0,0,0,1,0,0,0,0,6,3,0,1,6,6,0,0,0,0,1,0,3,0,1,0,0,0,0,0,0,1,0,0,1,1,2,0,0,0,0,0,0,1,0,11,0,0,1,1,0,0,0,0,0,18,0,0,0,0
"InChI=1S/C11H14ClNO/c1-3-10(13(2)11(12)14)9-7-5-4-6-8-9/h4-8,10H,3H2,1-2H3",1,1,4,0,0,0,0,0,0,0,0,0,0,0,0,0,0,0,0,0,1,0,0,0,0,0,1,0,0,0,0,0,0,0,0,1,0,0,0,0,0,0,0,0,0,0,0,0,0,0,0,0,3,0,1,1,0,0,0,0,0,0,0,3,0,1,7,0,0,0,1,0,0,0,0,0,0,0,0,0,0,0,1,0,0,0,0,3,0,0,1,1,0,0,0,0,0,0,1,0,0,0,0,0,0,0,0,0,0,0,0,6,6,0,0,0,0,0,0,6,0,0,2,3,0,0,0,2,1,0,0,1,1,0,0,0,0,0,0,0,0,0,6,0,0,0,1,0,0,0,0,0,6,0,0,0,0
"InChI=1S/C11H14ClNO/c1-13-11-7-14-5-4-8-2-3-9(12)6-10(8)11/h2-3,6,11,13H,4-5,7H2,1H3",1,1,5,0,0,0,0,0,0,0,0,0,0,0,0,0,0,0,0,0,1,0,0,0,0,0,0,0,0,0,0,0,0,6,0,1,0,1,0,0,0,3,0,0,0,0,0,0,0,0,0,0,2,0,0,0,2,0,6,9,9,9,9,3,1,1,6,0,0,2,1,0,0,0,0,0,0,0,0,0,0,0,0,1,0,0,0,3,1,0,1,0,0,0,0,0,0,0,0,0,0,0,0,0,0,0,0,6,3,0,1,6,6,0,0,0,0,1,0,3,0,1,1,0,0,0,0,1,1,0,0,1,1,2,0,0,0,0,0,0,0,0,11,0,0,0,1,1,0,0,0,0,11,2,0,0,0
"InChI=1S/C11H14ClNO/c1-5-9(14)10-7(3)6(2)8(4)13-11(10)12/h5H2,1-4H3",1,1,5,0,0,0,0,0,0,0,0,0,0,0,0,0,0,0,0,0,0,0,0,0,0,0,0,0,0,0,0,0,0,0,0,0,0,0,0,0,0,0,0,0,0,0,0,0,0,0,0,0,0,0,0,1,0,0,0,0,0,0,0,0,1,1,2,0,0,0,0,0,0,0,0,0,0,0,0,0,0,0,0,0,0,0,0,0,0,1,1,1,0,0,0,0,0,1,0,0,0,0,1,0,0,0,0,0,3,0,0,6,4,0,0,0,0,1,0,6,0,0,4,3,0,3,0,4,1,0,0,1,1,2,0,0,0,0,0,2,0,0,6,0,0,0,1,0,0,0,1,0,4,0,0,0,0
"InChI=1S/C11H14ClNO/c1-8-4-10(12)2-3-11(8)14-7-9-5-13-6-9/h2-4,9,13H,5-7H2,1H3",1,1,5,0,0,0,0,0,0,0,0,0,0,0,0,0,0,0,0,0,1,1,0,0,0,0,0,0,0,0,0,0,0,9,0,0,0,1,0,0,0,0,0,0,0,0,0,0,1,0,0,0,2,0,0,0,2,10,0,0,0,12,0,0,1,1,6,0,0,0,1,2,0,0,0,0,0,0,0,0,0,0,0,0,0,0,6,0,1,1,1,0,2,1,0,0,0,1,0,0,0,0,2,0,0,0,0,3,0,2,0,6,6,0,0,0,0,1,0,8,6,1,1,0,0,3,0,1,1,0,0,1,1,2,0,0,0,0,0,0,0,0,10,0,1,0,1,0,0,0,0,0,18,0,0,0,0
"InChI=1S/C11H14ClNO/c1-2-13-10-6-7-14-11-8(10)4-3-5-9(11)12/h3-5,10,13H,2,6-7H2,1H3",1,1,5,0,0,0,0,0,0,0,0,0,0,0,0,0,0,0,0,0,1,0,0,0,0,0,0,0,0,0,0,0,0,6,0,0,0,1,0,0,0,3,0,0,0,0,0,0,0,0,0,0,2,0,0,0,2,3,0,9,9,9,9,0,1,1,6,0,0,2,1,0,0,0,0,0,0,0,0,0,0,0,0,0,0,0,3,3,1,0,1,0,2,0,0,0,0,1,0,0,0,0,2,0,0,0,0,3,3,0,1,6,6,0,0,0,0,1,0,8,3,0,1,3,0,3,0,1,1,0,0,1,1,2,0,0,0,0,0,0,0,0,10,0,0,0,2,0,0,0,1,0,11,2,0,0,0
"InChI=1S/C11H14ClNO/c12-10-4-2-1-3-9(10)11(14)5-7-13-8-6-11/h1-4,13-14H,5-8H2",1,1,5,0,0,0,0,0,0,0,0,0,0,0,0,0,0,0,0,0,1,0,0,0,0,0,0,0,0,0,0,0,0,6,0,0,0,2,0,0,2,12,0,0,0,0,0,0,1,0,0,0,2,0,0,0,1,6,5,18,33,16,18,0,1,1,6,0,0,0,1,2,0,0,0,0,0,0,0,0,0,0,0,0,0,0,6,6,1,1,1,0,0,1,0,0,0,3,0,0,0,0,2,0,0,0,0,0,6,2,0,6,6,0,0,0,0,1,0,4,6,1,0,0,0,0,0,0,1,0,0,1,1,2,0,0,0,0,0,0,0,1,12,0,0,0,2,0,0,0,1,1,26,0,0,0,0
"InChI=1S/C11H14ClNO/c12-10-3-1-9(2-4-10)7-14-8-11(13)5-6-11/h1-4H,5-8,13H2",1,1,5,0,0,0,0,0,0,0,0,0,0,0,0,0,0,0,0,0,1,0,0,0,0,0,0,0,0,0,0,0,0,6,0,0,0,1,0,0,0,8,0,0,0,0,0,0,1,0,0,0,1,0,0,0,2,4,3,8,12,15,8,0,0,1,3,0,0,2,1,0,0,0,0,0,0,0,0,0,0,0,0,1,0,0,0,8,1,0,1,0,0,1,0,0,0,0,0,0,0,0,0,0,0,0,0,6,0,0,0,6,6,0,0,0,0,0,0,14,0,1,0,0,0,0,0,0,1,0,0,1,1,2,0,0,0,0,0,0,1,0,9,1,0,0,1,0,0,0,0,0,18,0,0,0,0
"InChI=1S/C11H14ClNO/c1-7-2-3-10(12)11(4-7)14-9-5-8(13)6-9/h2-4,8-9H,5-6,13H2,1H3",1,1,5,0,0,0,0,0,0,0,0,0,0,0,0,0,0,0,0,0,1,0,0,0,0,0,0,0,0,0,0,0,0,0,0,0,0,1,0,0,0,6,0,0,0,0,0,0,0,0,0,0,1,0,0,0,2,0,4,0,0,0,0,0,0,1,3,0,0,2,1,0,0,0,0,0,0,0,0,0,0,0,0,0,0,0,0,6,1,0,1,0,2,1,0,0,0,2,0,0,0,0,2,0,0,0,0,0,6,4,0,6,6,0,0,0,0,0,0,2,0,0,1,0,0,0,0,1,1,0,0,1,1,2,0,0,0,0,0,0,1,0,10,0,1,0,1,0,0,0,0,0,22,0,0,0,0
"InChI=1S/C11H14ClNO/c1-8-3-4-9(2)10(7-8)13-11(14)5-6-12/h3-4,7H,5-6H2,1-2H3,(H,13,14)",1,1,4,0,0,0,0,0,0,0,0,0,0,0,0,0,0,0,0,0,0,0,0,0,0,0,0,0,0,0,0,0,0,3,0,0,0,1,0,0,0,3,0,0,0,0,0,0,0,0,0,1,1,0,0,0,1,3,0,9,0,0,9,0,0,1,2,1,2,2,0,0,0,0,0,0,0,0,0,0,0,0,1,0,0,0,0,3,0,0,1,0,0,1,0,0,0,0,1,1,0,0,0,0,0,0,0,0,3,0,0,6,6,0,0,0,0,0,0,12,0,0,2,0,0,0,0,2,1,0,0,1,3,0,0,0,0,0,0,0,0,1,6,0,0,0,1,0,0,0,0,0,6,0,0,0,0
"InChI=1S/C11H14ClNO/c1-3-8(2)11(14)6-9-4-5-13-7-10(9)12/h4-5,7-8H,3,6H2,1-2H3",1,1,5,0,0,0,0,0,0,0,0,0,0,0,0,0,0,0,0,0,0,0,0,0,0,0,0,0,0,0,0,0,0,0,0,0,0,0,0,0,0,0,0,0,0,0,0,0,1,0,0,0,0,0,0,1,0,0,0,0,9,0,0,3,1,1,2,0,0,0,0,0,0,0,0,0,0,0,0,0,0,0,0,0,0,0,0,0,0,1,1,1,0,0,0,0,0,1,0,0,0,0,0,0,0,0,0,0,3,0,0,6,4,0,0,0,0,1,0,12,0,0,2,3,3,3,0,2,1,0,0,1,1,2,0,0,0,0,0,2,0,0,6,0,0,0,1,0,0,0,1,0,4,0,0,0,0
"InChI=1S/C11H14ClNO/c1-2-10(8-12)13-11(14)9-6-4-3-5-7-9/h3-7,10H,2,8H2,1H3,(H,13,14)",1,1,4,0,0,0,0,0,0,0,0,0,0,0,0,0,0,0,0,0,0,0,0,0,0,0,0,0,0,0,0,0,0,3,0,0,0,1,0,0,0,0,0,0,0,0,0,0,0,0,0,1,1,0,0,0,1,0,6,0,0,0,0,3,0,1,4,1,0,0,0,0,0,0,0,0,0,0,0,0,0,0,1,0,0,0,0,6,0,0,1,0,0,1,0,0,0,0,1,1,0,0,0,0,0,0,0,0,0,0,0,6,6,0,0,0,0,0,0,12,0,0,1,3,0,0,0,1,1,0,0,1,3,0,0,0,0,0,0,0,0,1,6,0,0,0,1,0,0,0,0,0,6,0,0,0,0
"InChI=1S/C11H14ClNO/c12-11-3-1-2-8-13(11)9-4-6-10(14)7-5-9/h4-7,11,14H,1-3,8H2",1,1,5,0,0,0,0,0,0,0,0,0,0,0,0,0,0,0,0,0,1,0,0,0,0,0,0,0,0,0,0,0,0,3,0,0,0,1,0,0,0,0,0,0,0,0,0,0,0,0,0,0,3,0,1,0,1,0,0,27,17,16,27,0,1,1,7,0,2,2,1,2,0,0,0,0,0,0,0,0,0,0,0,0,0,0,3,6,0,1,1,0,2,1,0,0,0,1,0,0,0,0,0,0,0,0,0,0,0,2,0,6,6,0,0,0,0,1,0,4,0,0,0,0,0,0,0,0,1,0,0,1,3,2,0,0,0,0,0,0,0,1,12,0,0,0,2,0,0,0,1,1,26,0,0,0,0
"InChI=1S/C11H14ClNO/c12-11-3-1-9(2-4-11)10-5-7-13(14)8-6-10/h1-4,10,14H,5-8H2",1,1,5,0,0,0,0,0,0,0,0,0,0,0,0,0,0,0,0,0,1,0,0,0,0,1,0,1,0,0,1,0,1,6,0,0,0,1,0,0,0,6,0,0,0,0,0,0,1,0,0,0,2,0,0,0,0,6,0,18,33,16,18,0,1,1,6,0,0,0,1,2,0,0,0,0,0,0,0,0,0,1,0,0,0,1,6,6,0,1,1,0,0,1,0,0,0,0,0,0,0,0,0,1,0,0,0,0,6,2,0,6,6,0,0,0,0,1,0,4,0,1,0,0,0,0,0,0,1,0,0,1,1,2,0,0,0,0,0,0,0,1,12,0,0,0,2,0,0,0,1,1,26,0,0,0,0
"InChI=1S/C11H14ClNO/c12-9-4-1-3-8(7-9)11(14)10-5-2-6-13-10/h1,3-4,7,10-11,13-14H,2,5-6H2",1,1,5,0,0,0,0,0,0,0,0,0,0,0,0,0,0,0,0,0,1,0,1,0,0,0,0,0,0,0,0,0,0,3,0,0,0,2,0,1,0,6,0,0,0,0,0,0,0,0,0,0,2,0,0,0,1,8,8,18,8,8,18,0,1,1,6,0,0,0,1,2,0,0,0,0,0,0,0,0,0,0,0,1,0,0,3,6,1,1,1,0,0,1,0,0,0,1,0,0,0,0,0,0,0,0,0,0,0,0,0,6,6,0,0,0,0,1,0,3,3,0,0,0,0,0,0,0,1,0,0,1,1,2,0,0,0,0,0,0,0,1,11,0,0,1,1,0,0,0,0,0,22,0,0,0,0
"InChI=1S/C11H14ClNO/c1-8-4-6-10(7-5-8)9(2)13(3)11(12)14/h4-7,9H,1-3H3",1,1,4,0,0,0,0,0,0,0,0,0,0,0,0,0,0,0,0,0,1,0,0,0,0,0,1,0,0,0,0,0,0,0,0,1,0,0,0,0,0,0,0,0,0,0,0,0,0,0,0,0,3,0,1,1,0,0,0,0,0,0,0,0,0,1,7,0,0,0,1,0,0,0,0,0,0,0,0,0,0,0,1,0,0,0,0,0,0,0,1,1,0,0,0,0,0,0,1,0,0,0,0,0,0,0,0,0,0,0,0,6,6,0,0,0,0,0,0,0,0,0,3,0,0,0,0,3,1,0,0,1,1,0,0,0,0,0,0,0,0,0,6,0,0,0,1,0,0,0,0,0,6,0,0,0,0
"InChI=1S/C11H14ClNO/c12-10-4-2-1-3-9(10)7-14-8-11(13)5-6-11/h1-4H,5-8,13H2",1,1,5,0,0,0,0,0,0,0,0,0,0,0,0,0,0,0,0,0,1,0,0,0,0,0,0,0,0,0,0,0,0,6,0,0,0,1,0,0,0,8,0,0,0,0,0,0,1,0,0,0,1,0,0,0,2,4,3,8,12,15,8,0,0,1,3,0,0,2,1,0,0,0,0,0,0,0,0,0,0,0,0,1,0,0,0,8,1,0,1,0,0,1,0,0,0,0,0,0,0,0,0,0,0,0,0,6,0,0,0,6,6,0,0,0,0,0,0,14,0,1,0,0,0,0,0,0,1,0,0,1,1,2,0,0,0,0,0,0,1,0,9,1,0,0,1,0,0,0,0,0,18,0,0,0,0
"InChI=1S/C11H14ClNO/c1-13(2)8-10(12)11(14)9-6-4-3-5-7-9/h3-7,10H,8H2,1-2H3",1,1,4,0,0,0,0,0,0,0,0,0,0,0,0,0,0,0,0,0,1,0,0,0,0,0,0,0,0,0,0,0,0,3,0,2,0,0,0,0,0,0,0,0,0,0,0,0,0,0,0,0,3,0,1,1,0,0,0,0,0,0,0,0,0,1,9,0,0,0,1,0,0,0,0,0,0,0,0,0,0,0,0,0,0,0,3,0,0,0,1,1,0,0,0,0,0,1,0,0,0,0,1,0,0,0,0,0,0,0,0,6,6,0,0,0,0,0,0,6,0,3,2,0,6,0,1,2,1,0,0,1,3,0,0,0,0,0,0,0,0,0,6,0,0,0,1,0,0,0,0,0,6,0,0,0,0
"InChI=1S/C11H14ClNO/c12-9-5-2-1-4-8(9)11(14)10-6-3-7-13-10/h1-2,4-5,10-11,13-14H,3,6-7H2",1,1,5,0,0,0,0,0,0,0,0,0,0,0,0,0,0,0,0,0,1,0,1,0,0,0,0,0,0,0,0,0,0,3,0,0,0,2,0,1,0,6,0,0,0,0,0,0,0,0,0,0,2,0,0,0,1,8,8,18,8,8,18,0,1,1,6,0,0,0,1,2,0,0,0,0,0,0,0,0,0,0,0,1,0,0,3,6,1,1,1,0,0,1,0,0,0,1,0,0,0,0,0,0,0,0,0,0,0,0,0,6,6,0,0,0,0,1,0,3,3,0,0,0,0,0,0,0,1,0,0,1,1,2,0,0,0,0,0,0,0,1,11,0,0,1,1,0,0,0,0,0,22,0,0,0,0
"InChI=1S/C11H14ClNO/c1-14-10-5-4-8(12)6-9(10)11(13)7-2-3-7/h4-7,11H,2-3,13H2,1H3",1,1,5,0,0,0,0,0,0,0,0,0,0,0,0,0,0,0,0,0,1,0,0,0,0,0,0,0,0,0,0,0,0,0,0,1,0,1,0,0,0,0,0,0,0,0,0,0,1,0,0,0,1,0,0,0,2,5,4,8,0,0,8,0,0,1,3,0,0,0,1,0,0,0,0,0,0,0,0,0,0,0,0,0,0,0,0,0,1,0,1,0,2,1,0,0,0,1,0,0,0,0,1,0,0,0,0,0,0,2,0,6,6,0,0,0,0,0,0,2,0,0,1,0,0,0,0,1,1,0,0,1,1,2,0,0,0,0,0,0,1,0,9,1,0,0,1,0,0,0,0,0,18,0,0,0,0
"InChI=1S/C11H14ClNO/c12-10-5-3-9(4-6-10)11(14,7-13)8-1-2-8/h3-6,8,14H,1-2,7,13H2",1,1,5,0,0,0,0,0,0,0,0,0,0,0,0,0,0,0,0,0,1,0,0,0,0,0,0,0,0,0,0,0,0,3,0,0,0,2,0,1,0,3,0,0,0,0,0,0,2,0,0,0,1,0,0,0,1,5,9,8,15,12,8,0,0,1,3,0,0,0,1,0,0,0,0,0,0,0,0,0,0,0,0,1,0,0,3,0,1,0,1,0,0,1,0,0,0,3,0,0,0,0,0,0,0,0,0,0,3,0,0,6,6,0,0,0,0,0,0,8,3,0,0,0,0,0,0,0,1,0,0,1,1,2,0,0,0,0,0,0,1,1,9,1,0,0,1,0,0,0,0,0,18,0,0,0,0
"InChI=1S/C11H14ClNO/c12-10-3-1-2-4-11(10)14-8-7-13-9-5-6-9/h1-4,9,13H,5-8H2",1,1,5,0,0,0,0,0,0,0,0,0,0,0,0,0,0,0,0,0,1,0,0,0,0,0,0,0,0,0,0,0,0,6,0,0,0,1,0,0,0,8,0,0,0,0,0,0,0,0,0,0,2,0,0,0,2,4,0,17,15,27,17,0,0,1,6,0,0,2,1,0,0,0,0,0,0,0,0,0,0,0,0,1,0,0,3,8,1,0,1,0,2,1,0,0,0,1,0,0,0,0,0,0,0,0,0,3,3,2,0,6,6,0,0,0,0,0,0,14,3,0,0,0,0,0,0,0,1,0,0,1,1,2,0,0,0,0,0,0,0,0,9,1,0,0,1,0,0,0,0,0,18,0,0,0,0
"InChI=1S/C11H14ClNO/c1-13-8-6-9(7-8)14-11-5-3-2-4-10(11)12/h2-5,8-9,13H,6-7H2,1H3",1,1,5,0,0,0,0,0,0,0,0,0,0,0,0,0,0,0,0,0,1,0,0,0,0,0,0,0,0,0,0,0,0,0,0,1,0,1,0,0,0,6,0,0,0,0,0,0,0,0,0,0,2,0,0,0,2,0,4,0,0,0,0,6,0,1,6,0,0,2,1,0,0,0,0,0,0,0,0,0,0,0,0,0,0,0,0,6,1,0,1,0,2,1,0,0,0,2,0,0,0,0,2,0,0,0,0,0,6,4,0,6,6,0,0,0,0,0,0,2,0,0,1,0,0,0,0,1,1,0,0,1,1,2,0,0,0,0,0,0,0,0,10,0,1,0,1,0,0,0,0,0,22,0,0,0,0
"InChI=1S/C11H14ClNO/c1-8-6-11(14,7-13-8)9-2-4-10(12)5-3-9/h2-5,8,13-14H,6-7H2,1H3",1,1,5,0,0,0,0,0,0,0,0,0,0,0,0,0,0,0,0,0,1,0,1,0,0,0,0,0,0,0,0,0,0,3,0,0,0,2,0,1,1,9,0,0,0,0,0,0,1,0,0,0,2,0,0,0,1,3,2,0,8,0,0,3,1,1,6,0,0,0,1,2,0,0,0,0,0,0,0,0,0,0,0,1,0,0,3,3,1,1,1,0,0,1,0,0,0,3,0,0,0,0,1,0,0,0,0,0,6,2,0,6,6,0,0,0,0,1,0,2,3,0,1,0,3,3,0,1,1,0,0,1,1,2,0,0,0,0,0,0,0,1,11,0,0,1,1,0,0,0,0,1,22,0,0,0,0
"InChI=1S/C11H14ClNO/c1-7(2)8-3-5-9(6-4-8)10(12)11(13)14/h3-7,10H,1-2H3,(H2,13,14)",1,1,4,0,0,0,0,0,0,0,0,0,0,0,0,0,0,0,0,0,0,0,0,0,0,0,0,0,0,0,0,0,0,0,0,0,0,2,0,0,0,0,0,0,0,0,0,0,1,0,0,1,0,0,0,0,1,0,0,0,0,0,0,0,0,1,1,1,0,0,0,0,0,0,0,0,0,0,0,0,0,0,1,0,0,0,0,0,1,0,1,0,0,1,0,0,0,0,1,1,0,0,0,0,0,0,0,0,0,0,0,6,6,0,0,0,1,0,0,0,0,0,2,0,0,0,1,2,1,0,0,1,3,0,0,0,0,0,0,0,0,1,6,0,0,0,1,0,0,0,0,0,6,0,0,0,0
"InChI=1S/C11H14ClNO/c12-9-3-1-8(2-4-9)10-5-6-13-7-11(10)14/h1-4,10-11,13-14H,5-7H2",1,1,5,0,0,0,0,0,0,0,0,0,0,0,0,0,0,0,0,0,1,0,0,0,0,0,0,0,0,0,0,0,0,6,0,0,0,2,0,1,0,6,0,0,0,0,0,0,1,0,0,0,2,0,0,0,1,3,9,9,17,8,9,0,1,1,6,0,0,0,1,2,0,0,0,0,0,0,0,0,0,0,0,1,0,0,6,3,1,1,1,0,0,1,0,0,0,1,0,0,0,0,0,0,0,0,0,0,3,2,0,6,6,0,0,0,0,1,0,3,6,1,0,0,0,0,0,0,1,0,0,1,1,2,0,0,0,0,0,0,0,1,12,0,0,0,2,0,0,0,1,1,26,0,0,0,0
"InChI=1S/C11H14ClNO/c1-3-4-10-6-5-9(7-11(10)12)8-13-14-2/h5-8H,3-4H2,1-2H3",1,1,4,0,0,0,0,0,0,0,0,0,0,0,0,0,0,0,0,0,0,0,0,0,0,1,0,0,0,0,1,0,1,0,0,1,0,0,0,0,0,0,0,0,0,0,0,0,0,0,0,1,0,0,0,0,1,0,0,9,0,0,9,0,0,1,1,1,0,0,0,0,0,0,0,0,0,0,0,0,0,1,0,0,0,1,0,0,0,0,1,0,0,1,0,0,0,0,0,0,0,0,0,0,0,0,0,0,0,0,0,6,6,0,0,0,0,0,0,12,0,0,2,3,3,0,0,2,1,0,0,1,1,2,0,0,0,0,0,0,0,0,6,0,0,0,1,0,0,0,0,0,6,0,0,0,0
"InChI=1S/C11H14ClNO/c12-11(10-4-2-1-3-5-10)13-6-8-14-9-7-13/h1-5,11H,6-9H2",1,1,5,0,0,0,0,0,0,0,0,0,0,0,0,0,0,0,0,0,1,0,0,0,0,0,0,0,0,0,0,0,0,12,0,0,0,0,0,0,0,0,0,0,0,0,0,0,0,0,0,0,3,0,1,0,2,0,0,18,33,16,18,0,2,1,9,0,0,0,1,2,0,0,0,0,0,0,0,0,0,0,0,2,0,0,6,6,0,1,1,0,0,0,0,0,0,0,0,0,0,0,0,0,0,0,0,6,6,0,1,6,6,0,0,0,0,2,0,4,0,2,0,0,0,0,0,0,1,0,0,1,3,0,0,0,0,0,0,0,0,0,12,0,0,0,2,0,0,0,1,0,18,0,0,0,0
"InChI=1S/C11H14ClNO/c1-8-5-3-4-6-10(8)7-13-11(14)9(2)12/h3-6,9H,7H2,1-2H3,(H,13,14)",1,1,4,0,0,0,0,0,0,0,0,0,0,0,0,0,0,0,0,0,0,0,0,0,0,0,0,0,0,0,0,0,0,3,0,0,0,1,0,0,0,0,0,0,0,0,0,0,0,0,0,1,1,0,0,0,1,3,0,0,0,0,0,3,0,1,4,1,0,0,0,0,0,0,0,0,0,0,0,0,0,0,1,0,0,0,3,0,0,0,1,0,0,1,0,0,0,0,1,1,0,0,0,0,0,0,0,0,0,0,0,6,6,0,0,0,0,0,0,6,0,0,2,0,0,3,0,2,1,0,0,1,3,0,0,0,0,0,0,0,0,1,6,0,0,0,1,0,0,0,0,0,6,0,0,0,0
"InChI=1S/C11H14ClNO/c12-10-3-1-8(2-4-10)11-9(7-13)5-6-14-11/h1-4,9,11H,5-7,13H2",1,1,5,0,0,0,0,0,0,0,0,0,0,0,0,0,0,0,0,0,1,0,1,0,0,0,0,0,0,0,0,0,0,6,0,0,0,1,0,0,0,0,0,0,0,0,0,0,1,0,0,0,1,0,0,0,2,3,3,9,9,13,9,0,1,1,3,0,0,0,1,0,0,0,0,0,0,0,0,0,0,0,0,0,0,0,3,0,1,0,1,0,0,0,0,0,0,1,0,0,0,0,1,0,0,0,0,3,3,0,1,6,6,0,0,0,0,1,0,8,3,0,0,0,0,0,0,0,1,0,0,1,1,2,0,0,0,0,0,0,1,0,11,0,0,1,1,0,0,0,0,1,18,0,0,0,0
"InChI=1S/C11H14ClNO/c1-2-7-13-8-9-14-11-6-4-3-5-10(11)12/h2-6,13H,1,7-9H2",1,1,3,0,0,0,0,0,0,0,0,0,0,0,0,0,0,0,0,0,1,0,0,0,0,0,0,0,0,0,0,0,0,9,0,0,0,1,0,0,0,3,0,1,2,0,0,0,0,0,0,0,2,0,0,0,2,2,0,9,9,6,9,0,0,1,6,0,0,0,1,0,0,0,0,0,0,0,0,0,0,0,0,1,0,0,6,3,1,0,1,0,2,1,0,0,0,1,0,0,0,0,0,0,0,0,0,3,3,2,0,6,6,0,0,0,0,0,1,21,6,1,0,0,0,0,0,0,1,0,0,1,1,2,0,0,0,0,0,0,0,0,6,0,0,0,1,0,0,0,0,0,6,0,0,0,0
"InChI=1S/C11H14ClNO/c1-9-3-5-10(6-4-9)8-13(2)11(14)7-12/h3-6H,7-8H2,1-2H3",1,1,4,0,0,0,0,0,0,0,0,0,0,0,0,0,0,0,0,0,1,0,0,0,0,0,0,0,0,0,0,0,0,6,0,1,0,0,0,0,0,0,0,0,0,0,0,0,0,0,0,0,3,0,1,1,0,0,0,0,9,0,0,3,0,1,7,0,0,0,1,0,0,0,0,0,0,0,0,0,0,0,1,0,0,0,3,3,0,0,1,1,0,0,0,0,0,0,1,1,0,0,0,0,0,0,0,0,3,0,0,6,6,0,0,0,0,0,0,12,0,1,2,0,3,0,0,2,1,0,0,1,3,0,0,0,0,0,0,0,0,0,6,0,0,0,1,0,0,0,0,0,6,0,0,0,0
"InChI=1S/C11H14ClNO/c12-10-3-1-2-9(8-10)11(14)4-6-13-7-5-11/h1-3,8,13-14H,4-7H2",1,1,5,0,0,0,0,0,0,0,0,0,0,0,0,0,0,0,0,0,1,0,0,0,0,0,0,0,0,0,0,0,0,6,0,0,0,2,0,0,2,12,0,0,0,0,0,0,1,0,0,0,2,0,0,0,1,6,5,18,33,16,18,0,1,1,6,0,0,0,1,2,0,0,0,0,0,0,0,0,0,0,0,0,0,0,6,6,1,1,1,0,0,1,0,0,0,3,0,0,0,0,2,0,0,0,0,0,6,2,0,6,6,0,0,0,0,1,0,4,6,1,0,0,0,0,0,0,1,0,0,1,1,2,0,0,0,0,0,0,0,1,12,0,0,0,2,0,0,0,1,1,26,0,0,0,0
"InChI=1S/C11H14ClNO/c12-8-5-1-3-7-4-2-6-9(13)11(14)10(7)8/h1,3,5,9,11,14H,2,4,6,13H2",1,1,5,0,0,0,0,0,0,0,0,0,0,0,0,0,0,0,0,0,1,0,0,0,0,0,0,0,0,0,0,0,0,0,0,0,0,2,0,1,0,3,0,0,0,0,0,0,0,0,0,0,1,0,0,0,1,6,9,18,0,0,18,0,0,1,3,0,0,2,1,0,0,0,0,0,0,0,0,0,0,0,0,1,0,0,0,3,1,0,1,0,0,1,0,0,0,1,0,0,0,0,0,0,0,0,0,0,0,2,0,6,6,0,0,0,0,0,0,3,0,0,0,0,0,0,0,0,1,0,0,1,1,2,0,0,0,0,0,0,1,1,11,0,0,0,1,1,0,0,0,0,19,2,0,0,0
"InChI=1S/C11H14ClNO/c1-4-11(13-14-3)9-5-6-10(12)8(2)7-9/h5-7H,4H2,1-3H3",1,1,4,0,0,0,0,0,0,0,0,0,0,0,0,0,0,0,0,0,0,0,0,0,0,1,0,0,0,0,1,0,1,0,0,1,0,0,0,0,0,0,0,0,0,0,0,0,0,0,0,1,0,0,0,0,1,0,0,0,0,0,0,0,0,1,1,1,0,0,0,0,0,0,0,0,0,0,0,0,0,1,0,0,0,1,0,3,0,0,1,0,0,1,0,0,0,0,0,0,0,0,0,0,0,0,0,0,0,0,0,6,6,0,0,0,0,0,0,6,0,0,3,3,0,3,0,3,1,0,0,1,1,2,0,0,0,0,0,0,0,0,6,0,0,0,1,0,0,0,0,0,6,0,0,0,0
"InChI=1S/C11H14ClNO/c12-10-5-3-9(4-6-10)11(13,7-14)8-1-2-8/h3-6,8,14H,1-2,7,13H2",1,1,5,0,0,0,0,0,0,0,0,0,0,0,0,0,0,0,0,0,1,0,0,0,0,0,0,0,0,0,0,0,0,3,0,0,0,2,0,1,0,3,0,0,0,0,0,0,2,0,0,0,1,0,0,0,1,5,9,8,15,12,8,0,0,1,3,0,0,0,1,0,0,0,0,0,0,0,0,0,0,0,0,1,0,0,0,3,1,0,1,0,0,1,0,0,0,0,0,0,0,0,0,0,0,0,0,3,0,0,0,6,6,0,0,0,0,0,0,8,3,0,0,0,0,0,0,0,1,0,0,1,1,2,0,0,0,0,0,0,1,1,9,1,0,0,1,0,0,0,0,0,18,0,0,0,0
"InChI=1S/C11H14ClNO/c1-7-4-9(2-3-11(7)12)14-10-5-8(13)6-10/h2-4,8,10H,5-6,13H2,1H3",1,1,5,0,0,0,0,0,0,0,0,0,0,0,0,0,0,0,0,0,1,0,0,0,0,0,0,0,0,0,0,0,0,0,0,0,0,1,0,0,0,6,0,0,0,0,0,0,0,0,0,0,1,0,0,0,2,0,4,0,0,0,0,0,0,1,3,0,0,2,1,0,0,0,0,0,0,0,0,0,0,0,0,0,0,0,0,6,1,0,1,0,2,1,0,0,0,2,0,0,0,0,2,0,0,0,0,0,6,4,0,6,6,0,0,0,0,0,0,2,0,0,1,0,0,0,0,1,1,0,0,1,1,2,0,0,0,0,0,0,1,0,10,0,1,0,1,0,0,0,0,0,22,0,0,0,0
"InChI=1S/C11H14ClNO/c1-11(2,8-12)10(14)13-9-6-4-3-5-7-9/h3-7H,8H2,1-2H3,(H,13,14)",1,1,4,0,0,0,0,0,0,0,0,0,0,0,0,0,0,0,0,0,0,0,0,0,0,0,0,0,0,0,0,0,0,3,0,0,0,1,0,0,0,0,0,0,0,0,0,0,1,0,0,1,1,0,0,0,1,3,0,0,0,0,0,0,0,1,2,1,2,2,0,0,0,0,0,0,0,0,0,0,0,0,1,0,0,0,0,0,0,0,1,0,0,1,0,0,0,0,1,1,0,0,0,0,0,0,0,0,0,0,0,6,6,0,0,0,0,0,0,6,0,0,2,0,6,0,1,2,1,0,0,1,3,0,0,0,0,0,0,0,0,1,6,0,0,0,1,0,0,0,0,0,6,0,0,0,0
"InChI=1S/C11H14ClNO/c1-8-5-3-4-6-10(8)9(2)13-11(14)7-12/h3-6,9H,7H2,1-2H3,(H,13,14)",1,1,4,0,0,0,0,0,0,0,0,0,0,0,0,0,0,0,0,0,0,0,0,0,0,0,0,0,0,0,0,0,0,3,0,0,0,1,0,0,0,3,0,0,0,0,0,0,0,0,0,1,1,0,0,0,1,0,0,0,0,0,0,0,0,1,4,1,0,0,0,0,0,0,0,0,0,0,0,0,0,0,1,0,0,0,0,3,0,0,1,0,0,1,0,0,0,0,1,1,0,0,0,0,0,0,0,0,3,0,0,6,6,0,0,0,0,0,0,6,0,0,2,0,0,3,0,2,1,0,0,1,3,0,0,0,0,0,0,0,0,1,6,0,0,0,1,0,0,0,0,0,6,0,0,0,0
"InChI=1S/C11H14ClNO/c12-10-6-8(4-5-11(10)14)7-13-9-2-1-3-9/h4-6,9,13-14H,1-3,7H2",1,1,5,0,0,0,0,0,0,0,0,0,0,0,0,0,0,0,0,0,1,0,0,0,0,0,0,0,0,0,0,0,0,3,0,0,0,2,0,0,0,6,0,0,0,0,0,0,0,0,0,0,2,0,0,0,1,5,4,17,26,15,17,0,0,1,6,0,0,2,1,0,0,0,0,0,0,0,0,0,0,0,0,0,0,0,3,6,1,0,1,0,2,1,0,0,0,1,0,0,0,0,0,0,0,0,0,0,0,2,0,6,6,0,0,0,0,0,0,9,3,0,0,0,0,0,0,0,1,0,0,1,1,2,0,0,0,0,0,0,0,1,10,0,1,0,1,0,0,0,0,0,22,0,0,0,0
"InChI=1S/C11H14ClNO/c1-13(2)11(14)10-5-3-9(4-6-10)7-8-12/h3-6H,7-8H2,1-2H3",1,1,4,0,0,0,0,0,0,0,0,0,0,0,0,0,0,0,0,0,1,0,0,0,0,0,0,0,0,0,0,0,0,3,0,2,0,0,0,0,0,0,0,0,0,0,0,0,0,0,0,0,3,0,1,1,0,0,0,9,0,0,9,0,0,1,7,0,0,0,1,0,0,0,0,0,0,0,0,0,0,0,1,0,0,0,0,0,0,0,1,1,0,0,0,0,0,0,1,1,0,0,0,0,0,0,0,0,0,0,0,6,6,0,0,0,0,0,0,12,0,1,2,0,0,0,1,2,1,0,0,1,3,0,0,0,0,0,0,0,0,0,6,0,0,0,1,0,0,0,0,0,6,0,0,0,0
"InChI=1S/C11H14ClNO/c1-3-4-5-10-9(7-14)8(2)6-11(12)13-10/h6-7H,3-5H2,1-2H3",1,1,5,0,0,0,0,0,0,0,0,0,0,0,0,0,0,0,0,0,0,0,0,0,0,0,0,0,0,0,0,0,0,0,0,0,0,0,0,0,0,0,0,0,0,0,0,0,0,0,0,0,0,0,0,1,0,0,0,18,0,0,18,3,1,1,2,0,0,0,0,0,0,0,0,0,0,0,0,0,0,0,0,0,0,0,0,3,0,1,1,1,0,0,0,0,0,0,0,0,0,0,1,0,0,0,0,0,0,0,0,6,4,0,0,0,0,1,0,18,0,0,2,3,3,3,0,2,1,0,0,1,1,2,0,0,0,0,0,2,0,0,6,0,0,0,1,0,0,0,1,0,4,0,0,0,0
"InChI=1S/C11H14ClNO/c1-14-11-5-4-8(12)7-9(11)10-3-2-6-13-10/h4-5,7,10,13H,2-3,6H2,1H3",1,1,5,0,0,0,0,0,0,0,0,0,0,0,0,0,0,0,0,0,1,0,1,0,0,0,0,0,0,0,0,0,0,3,0,1,0,1,0,0,0,6,0,0,0,0,0,0,0,0,0,0,2,0,0,0,2,5,2,18,8,8,18,0,1,1,6,0,0,0,1,2,0,0,0,0,0,0,0,0,0,0,0,0,0,0,3,6,1,1,1,0,2,1,0,0,0,1,0,0,0,0,1,0,0,0,0,0,0,2,0,6,6,0,0,0,0,1,0,3,3,0,1,0,0,0,0,1,1,0,0,1,1,2,0,0,0,0,0,0,0,0,11,0,0,1,1,0,0,0,0,1,22,0,0,0,0
"InChI=1S/C11H14ClNO/c1-11(2,7-10(13)14)8-3-5-9(12)6-4-8/h3-6H,7H2,1-2H3,(H2,13,14)",1,1,4,0,0,0,0,0,0,0,0,0,0,0,0,0,0,0,0,0,0,0,0,0,0,0,0,0,0,0,0,0,0,0,0,0,0,2,0,0,0,6,0,0,0,0,0,0,1,0,0,1,0,0,0,0,1,0,0,0,0,0,0,0,0,1,1,1,0,0,0,0,0,0,0,0,0,0,0,0,0,0,1,0,0,0,0,3,1,0,1,0,0,1,0,0,0,0,1,1,0,0,0,0,0,0,0,0,3,0,0,6,6,0,0,0,1,0,0,6,0,0,2,0,6,0,1,2,1,0,0,1,1,2,0,0,0,0,0,0,0,1,6,0,0,0,1,0,0,0,0,0,6,0,0,0,0
"InChI=1S/C11H14ClNO/c1-11(8-13-6-7-14-11)9-2-4-10(12)5-3-9/h2-5,13H,6-8H2,1H3",1,1,5,0,0,0,0,0,0,0,0,0,0,0,0,0,0,0,0,0,1,0,0,0,0,0,0,0,0,0,0,0,0,9,0,0,0,1,0,0,0,3,0,0,0,0,0,0,1,0,0,0,2,0,0,0,2,0,3,9,17,8,9,3,2,1,6,0,0,0,1,2,0,0,0,0,0,0,0,0,0,0,0,2,0,0,6,3,1,1,1,0,0,0,0,0,0,3,0,0,0,0,0,0,0,0,0,3,6,0,1,6,6,0,0,0,0,2,0,3,6,1,1,0,3,6,0,1,1,0,0,1,1,2,0,0,0,0,0,0,0,0,12,0,0,0,2,0,0,0,1,1,18,0,0,0,0
"InChI=1S/C11H14ClNO/c1-13(14)7-5-9-3-2-4-11(12)10(9)6-8-13/h2-4H,5-8H2,1H3",1,1,6,0,0,0,0,0,0,0,0,0,0,0,0,0,0,0,0,0,4,0,0,0,0,1,0,0,0,0,1,0,1,6,0,1,0,0,0,0,0,0,0,0,0,0,1,0,0,0,0,0,3,0,1,0,0,0,0,18,27,25,18,6,1,1,9,1,0,0,4,4,0,0,0,0,0,0,0,0,0,1,0,0,1,0,6,6,0,1,1,1,0,0,0,0,0,0,0,0,0,0,0,3,0,0,0,0,6,2,0,6,6,0,0,0,0,1,0,4,0,3,1,0,6,0,0,1,1,0,0,1,1,2,0,0,0,0,0,0,0,0,11,0,0,0,1,1,0,0,0,0,19,2,0,0,0
"InChI=1S/C11H14ClNO/c1-2-9-3-5-10(6-4-9)8-13-11(14)7-12/h3-6H,2,7-8H2,1H3,(H,13,14)",1,1,4,0,0,0,0,0,0,0,0,0,0,0,0,0,0,0,0,0,0,0,0,0,0,0,0,0,0,0,0,0,0,6,0,0,0,1,0,0,0,3,0,0,0,0,0,0,0,0,0,1,1,0,0,0,1,3,0,0,9,0,0,0,0,1,4,1,0,0,0,0,0,0,0,0,0,0,0,0,0,0,1,0,0,0,3,3,0,0,1,0,0,1,0,0,0,0,1,1,0,0,0,0,0,0,0,0,3,0,0,6,6,0,0,0,0,0,0,18,0,0,1,3,0,0,0,1,1,0,0,1,3,0,0,0,0,0,0,0,0,1,6,0,0,0,1,0,0,0,0,0,6,0,0,0,0
"InChI=1S/C11H14ClNO/c1-3-8(2)6-11(14)9-4-5-13-7-10(9)12/h4-5,7-8H,3,6H2,1-2H3",1,1,5,0,0,0,0,0,0,0,0,0,0,0,0,0,0,0,0,0,0,0,0,0,0,0,0,0,0,0,0,0,0,0,0,0,0,0,0,0,0,0,0,0,0,0,0,0,1,0,0,0,0,0,0,1,0,0,0,0,0,0,0,3,1,1,2,0,0,0,0,0,0,0,0,0,0,0,0,0,0,0,0,0,0,0,0,0,0,1,1,1,0,0,0,0,0,1,0,0,0,0,0,0,0,0,0,0,3,0,0,6,4,0,0,0,0,1,0,12,0,0,2,3,6,0,0,2,1,0,0,1,1,2,0,0,0,0,0,2,0,0,6,0,0,0,1,0,0,0,1,0,4,0,0,0,0
"InChI=1S/C11H14ClNO/c1-2-7-14-11-4-3-9(5-6-13)8-10(11)12/h2-4,8H,1,5-7,13H2",1,1,3,0,0,0,0,0,0,0,0,0,0,0,0,0,0,0,0,0,1,0,0,0,0,0,0,0,0,0,0,0,0,6,0,0,0,1,0,0,0,3,0,1,2,0,0,0,0,0,0,0,1,0,0,0,2,0,0,9,0,0,9,0,0,1,3,0,0,0,1,0,0,0,0,0,0,0,0,0,0,0,0,0,0,0,3,3,1,0,1,0,2,1,0,0,0,1,0,0,0,0,0,0,0,0,0,3,0,2,0,6,6,0,0,0,0,0,1,21,3,0,0,0,0,0,0,0,1,0,0,1,1,2,0,0,0,0,0,0,1,0,6,0,0,0,1,0,0,0,0,0,6,0,0,0,0
"InChI=1S/C11H14ClNO/c1-9-4-5-10(12)11(8-9)14-7-3-2-6-13/h2-5,8H,6-7,13H2,1H3",1,1,3,0,0,0,0,0,0,0,0,0,0,0,0,0,0,0,0,0,1,0,0,0,0,0,0,0,0,0,0,0,0,6,0,0,0,1,0,0,0,0,0,1,2,0,0,0,0,0,0,0,1,0,0,0,2,0,3,0,9,0,0,0,0,1,3,0,0,0,1,0,0,0,0,0,0,0,0,0,0,0,0,0,0,0,3,0,1,0,1,0,2,1,0,0,0,1,0,0,0,0,0,0,0,0,0,3,0,2,0,6,6,0,0,0,0,0,0,12,3,0,1,0,0,0,0,1,1,0,0,1,1,2,0,0,0,0,0,0,1,0,6,0,0,0,1,0,0,0,0,0,6,0,0,0,0
"InChI=1S/C11H14ClNO/c1-2-9-3-4-10(8-14)11(7-9)13-6-5-12/h3-4,7-8,13H,2,5-6H2,1H3",1,1,4,0,0,0,0,0,0,0,0,0,0,0,0,0,0,0,0,0,1,0,0,0,0,0,0,0,0,0,0,0,0,6,0,0,0,1,0,0,0,3,0,0,0,0,0,0,0,0,0,0,2,0,0,1,0,0,3,9,0,0,9,0,0,1,4,0,2,2,1,0,0,0,0,0,0,0,0,0,0,0,0,0,0,0,3,3,1,0,1,1,0,0,0,0,0,0,0,0,0,0,1,0,0,0,0,0,0,0,0,6,6,0,0,0,0,0,0,18,3,0,1,3,0,0,0,1,1,0,0,1,3,0,0,0,0,0,0,0,0,0,6,0,0,0,1,0,0,0,0,0,6,0,0,0,0
"InChI=1S/C11H14ClNO/c1-2-9(7-13)8-14-11-5-3-10(12)4-6-11/h2-6H,7-8,13H2,1H3",1,1,3,0,0,0,0,0,0,0,0,0,0,0,0,0,0,0,0,0,1,0,0,0,0,0,0,0,0,0,0,0,0,6,0,0,0,1,0,0,0,0,0,1,2,0,0,0,0,1,0,0,1,0,0,0,2,3,0,0,0,0,0,6,0,1,3,0,0,0,1,0,0,0,0,0,0,0,0,0,0,0,0,0,0,0,3,0,1,0,1,0,2,1,0,0,0,1,0,0,0,0,1,0,0,0,0,3,0,2,0,6,6,0,0,0,0,0,0,12,3,0,1,0,0,0,0,1,1,0,0,1,1,2,0,0,0,0,0,0,1,0,6,0,0,0,1,0,0,0,0,0,6,0,0,0,0
"InChI=1S/C11H14ClNO/c1-3-8(2)6-10(14)9-4-5-13-11(12)7-9/h4-5,7-8H,3,6H2,1-2H3",1,1,5,0,0,0,0,0,0,0,0,0,0,0,0,0,0,0,0,0,0,0,0,0,0,0,0,0,0,0,0,0,0,0,0,0,0,0,0,0,0,0,0,0,0,0,0,0,1,0,0,0,0,0,0,1,0,0,0,0,0,0,0,3,1,1,2,0,0,0,0,0,0,0,0,0,0,0,0,0,0,0,0,0,0,0,0,0,0,1,1,1,0,0,0,0,0,1,0,0,0,0,0,0,0,0,0,0,3,0,0,6,4,0,0,0,0,1,0,12,0,0,2,3,6,0,0,2,1,0,0,1,1,2,0,0,0,0,0,2,0,0,6,0,0,0,1,0,0,0,1,0,4,0,0,0,0
"InChI=1S/C11H14ClNO/c1-11(2,3)13(14)8-9-4-6-10(12)7-5-9/h4-8H,1-3H3",1,1,4,0,0,0,0,0,0,0,0,0,0,0,0,0,0,0,0,0,1,0,0,0,0,1,0,0,0,0,1,0,1,0,0,0,0,0,0,0,0,0,0,0,0,0,0,0,1,0,0,1,1,0,0,0,0,0,0,0,0,0,0,0,0,1,4,2,0,0,1,0,0,0,0,0,0,0,0,0,0,1,0,0,1,0,0,0,0,0,1,1,0,0,0,0,0,0,0,0,0,0,0,1,0,0,0,0,0,0,0,6,6,0,0,0,0,0,0,0,0,0,3,0,0,0,3,3,1,0,0,1,1,2,0,0,0,0,0,0,0,0,6,0,0,0,1,0,0,0,0,0,6,0,0,0,0
"InChI=1S/C11H14ClNO/c12-8-5-4-7-2-1-3-10(13)11(14)9(7)6-8/h4-6,10-11,14H,1-3,13H2",1,1,5,0,0,0,0,0,0,0,0,0,0,0,0,0,0,0,0,0,1,0,0,0,0,0,0,0,0,0,0,0,0,0,0,0,0,2,0,1,0,3,0,0,0,0,0,0,0,0,0,0,1,0,0,0,1,6,9,18,0,0,18,0,0,1,3,0,0,2,1,0,0,0,0,0,0,0,0,0,0,0,0,1,0,0,0,3,1,0,1,0,0,1,0,0,0,1,0,0,0,0,0,0,0,0,0,0,0,2,0,6,6,0,0,0,0,0,0,3,0,0,0,0,0,0,0,0,1,0,0,1,1,2,0,0,0,0,0,0,1,1,11,0,0,0,1,1,0,0,0,0,19,2,0,0,0
"InChI=1S/C11H14ClNO/c12-8-4-5-9-7(6-8)2-1-3-10(13)11(9)14/h4-6,10-11,14H,1-3,13H2",1,1,5,0,0,0,0,0,0,0,0,0,0,0,0,0,0,0,0,0,1,0,0,0,0,0,0,0,0,0,0,0,0,0,0,0,0,2,0,1,0,3,0,0,0,0,0,0,0,0,0,0,1,0,0,0,1,6,9,18,0,0,18,0,0,1,3,0,0,2,1,0,0,0,0,0,0,0,0,0,0,0,0,1,0,0,0,3,1,0,1,0,0,1,0,0,0,1,0,0,0,0,0,0,0,0,0,0,0,2,0,6,6,0,0,0,0,0,0,3,0,0,0,0,0,0,0,0,1,0,0,1,1,2,0,0,0,0,0,0,1,1,11,0,0,0,1,1,0,0,0,0,19,2,0,0,0
"InChI=1S/C11H14ClNO/c1-2-3-4-5-10(14)9-6-7-13-11(12)8-9/h6-8H,2-5H2,1H3",1,1,5,0,0,0,0,0,0,0,0,0,0,0,0,0,0,0,0,0,0,0,0,0,0,0,0,0,0,0,0,0,0,0,0,0,0,0,0,0,0,0,0,0,0,0,0,0,0,0,0,0,0,0,0,1,0,0,0,27,9,0,27,3,1,1,2,0,0,0,0,0,0,0,0,0,0,0,0,0,0,0,0,0,0,0,0,0,0,1,1,1,0,0,0,0,0,1,0,0,0,0,0,0,0,0,0,0,3,0,0,6,4,0,0,0,0,1,0,24,0,0,1,3,3,3,0,1,1,0,0,1,1,2,0,0,0,0,0,2,0,0,6,0,0,0,1,0,0,0,1,0,4,0,0,0,0
"InChI=1S/C11H14ClNO/c1-8-6-11(14,7-13-8)9-3-2-4-10(12)5-9/h2-5,8,13-14H,6-7H2,1H3",1,1,5,0,0,0,0,0,0,0,0,0,0,0,0,0,0,0,0,0,1,0,1,0,0,0,0,0,0,0,0,0,0,3,0,0,0,2,0,1,1,9,0,0,0,0,0,0,1,0,0,0,2,0,0,0,1,3,2,0,8,0,0,3,1,1,6,0,0,0,1,2,0,0,0,0,0,0,0,0,0,0,0,1,0,0,3,3,1,1,1,0,0,1,0,0,0,3,0,0,0,0,1,0,0,0,0,0,6,2,0,6,6,0,0,0,0,1,0,2,3,0,1,0,3,3,0,1,1,0,0,1,1,2,0,0,0,0,0,0,0,1,11,0,0,1,1,0,0,0,0,1,22,0,0,0,0
"InChI=1S/C11H14ClNO/c1-14-11-7-8(12)4-5-9(11)10-3-2-6-13-10/h4-5,7,10,13H,2-3,6H2,1H3",1,1,5,0,0,0,0,0,0,0,0,0,0,0,0,0,0,0,0,0,1,0,1,0,0,0,0,0,0,0,0,0,0,3,0,1,0,1,0,0,0,6,0,0,0,0,0,0,0,0,0,0,2,0,0,0,2,5,2,18,8,8,18,0,1,1,6,0,0,0,1,2,0,0,0,0,0,0,0,0,0,0,0,0,0,0,3,6,1,1,1,0,2,1,0,0,0,1,0,0,0,0,1,0,0,0,0,0,0,2,0,6,6,0,0,0,0,1,0,3,3,0,1,0,0,0,0,1,1,0,0,1,1,2,0,0,0,0,0,0,0,0,11,0,0,1,1,0,0,0,0,1,22,0,0,0,0
"InChI=1S/C11H14ClNO/c1-2-6-13-10-7-14-11-8(10)4-3-5-9(11)12/h3-5,10,13H,2,6-7H2,1H3",1,1,5,0,0,0,0,0,0,0,0,0,0,0,0,0,0,0,0,0,1,0,1,0,0,0,0,0,0,0,0,0,0,6,0,0,0,1,0,0,0,6,0,0,0,0,0,0,0,0,0,0,2,0,0,0,2,0,0,9,9,9,9,0,1,1,6,0,0,2,1,0,0,0,0,0,0,0,0,0,0,0,0,1,0,0,3,6,1,0,1,0,2,0,0,0,0,1,0,0,0,0,1,0,0,0,0,3,0,0,1,6,6,0,0,0,0,1,0,13,3,0,1,3,3,0,0,1,1,0,0,1,1,2,0,0,0,0,0,0,0,0,9,0,0,1,1,0,0,0,0,0,7,2,0,0,0
"InChI=1S/C11H14ClNO/c1-7-4-8(2)6-9(5-7)10(12)11(14)13-3/h4-6,10H,1-3H3,(H,13,14)",1,1,4,0,0,0,0,0,0,0,0,0,0,0,0,0,0,0,0,0,0,0,0,0,0,0,0,0,0,0,0,0,0,0,0,1,0,1,0,0,0,0,0,0,0,0,0,0,0,0,0,1,1,0,0,0,1,0,0,0,0,0,0,0,0,1,4,1,0,0,0,0,0,0,0,0,0,0,0,0,0,0,1,0,0,0,0,0,0,0,1,0,0,1,0,0,0,0,1,1,0,0,0,0,0,0,0,0,0,0,0,6,6,0,0,0,0,0,0,0,0,0,3,0,0,0,0,3,1,0,0,1,3,0,0,0,0,0,0,0,0,1,6,0,0,0,1,0,0,0,0,0,6,0,0,0,0
"InChI=1S/C11H14ClNO/c12-9-1-5-11(6-2-9)14-8-7-13-10-3-4-10/h1-2,5-6,10,13H,3-4,7-8H2",1,1,5,0,0,0,0,0,0,0,0,0,0,0,0,0,0,0,0,0,1,0,0,0,0,0,0,0,0,0,0,0,0,6,0,0,0,1,0,0,0,8,0,0,0,0,0,0,0,0,0,0,2,0,0,0,2,4,0,17,15,27,17,0,0,1,6,0,0,2,1,0,0,0,0,0,0,0,0,0,0,0,0,1,0,0,3,8,1,0,1,0,2,1,0,0,0,1,0,0,0,0,0,0,0,0,0,3,3,2,0,6,6,0,0,0,0,0,0,14,3,0,0,0,0,0,0,0,1,0,0,1,1,2,0,0,0,0,0,0,0,0,9,1,0,0,1,0,0,0,0,0,18,0,0,0,0
"InChI=1S/C11H14ClNO/c12-10-3-1-9(2-4-10)7-11(14)5-6-13-8-11/h1-4,13-14H,5-8H2",1,1,5,0,0,0,0,0,0,0,0,0,0,0,0,0,0,0,0,0,1,0,1,0,0,0,0,0,0,0,0,0,0,6,0,0,0,2,0,1,1,12,0,0,0,0,0,0,1,0,0,0,2,0,0,0,1,9,10,9,23,13,9,0,1,1,6,0,0,0,1,2,0,0,0,0,0,0,0,0,0,0,0,1,0,0,6,3,1,1,1,0,0,1,0,0,0,3,0,0,0,0,1,0,0,0,0,0,9,2,0,6,6,0,0,0,0,1,0,9,6,1,0,0,0,0,0,0,1,0,0,1,1,2,0,0,0,0,0,0,0,1,11,0,0,1,1,0,0,0,0,0,22,0,0,0,0
"InChI=1S/C11H14ClNO/c1-3-6-14-11-5-4-9(8-13-2)7-10(11)12/h3-5,7,13H,1,6,8H2,2H3",1,1,3,0,0,0,0,0,0,0,0,0,0,0,0,0,0,0,0,0,1,0,0,0,0,0,0,0,0,0,0,0,0,6,0,1,0,1,0,0,0,0,0,1,2,0,0,0,0,0,0,0,2,0,0,0,2,0,0,0,0,0,0,0,0,1,6,0,0,0,1,0,0,0,0,0,0,0,0,0,0,0,0,0,0,0,3,0,1,0,1,0,2,1,0,0,0,1,0,0,0,0,0,0,0,0,0,3,0,2,0,6,6,0,0,0,0,0,1,15,3,1,1,0,3,0,0,1,1,0,0,1,1,2,0,0,0,0,0,0,0,0,6,0,0,0,1,0,0,0,0,0,6,0,0,0,0
"InChI=1S/C11H14ClNO/c1-14-11-5-2-8(6-10(11)12)7-13-9-3-4-9/h2,5-6,9,13H,3-4,7H2,1H3",1,1,5,0,0,0,0,0,0,0,0,0,0,0,0,0,0,0,0,0,1,0,0,0,0,0,0,0,0,0,0,0,0,3,0,1,0,1,0,0,0,5,0,0,0,0,0,0,0,0,0,0,2,0,0,0,2,4,0,8,15,12,8,0,0,1,6,0,0,2,1,0,0,0,0,0,0,0,0,0,0,0,0,0,0,0,3,5,1,0,1,0,2,1,0,0,0,1,0,0,0,0,0,0,0,0,0,0,0,2,0,6,6,0,0,0,0,0,0,8,3,0,1,0,0,0,0,1,1,0,0,1,1,2,0,0,0,0,0,0,0,0,9,1,0,0,1,0,0,0,0,0,18,0,0,0,0
"InChI=1S/C11H14ClNO/c1-13-9-6-11(7-9)14-10-4-2-8(12)3-5-10/h2-5,9,11,13H,6-7H2,1H3",1,1,5,0,0,0,0,0,0,0,0,0,0,0,0,0,0,0,0,0,1,0,0,0,0,0,0,0,0,0,0,0,0,0,0,1,0,1,0,0,0,6,0,0,0,0,0,0,0,0,0,0,2,0,0,0,2,0,4,0,0,0,0,6,0,1,6,0,0,2,1,0,0,0,0,0,0,0,0,0,0,0,0,0,0,0,0,6,1,0,1,0,2,1,0,0,0,2,0,0,0,0,2,0,0,0,0,0,6,4,0,6,6,0,0,0,0,0,0,2,0,0,1,0,0,0,0,1,1,0,0,1,1,2,0,0,0,0,0,0,0,0,10,0,1,0,1,0,0,0,0,0,22,0,0,0,0
"InChI=1S/C11H14ClNO/c1-9(12)11(14)13-8-7-10-5-3-2-4-6-10/h2-6,9H,7-8H2,1H3,(H,13,14)",1,1,4,0,0,0,0,0,0,0,0,0,0,0,0,0,0,0,0,0,0,0,0,0,0,0,0,0,0,0,0,0,0,3,0,0,0,1,0,0,0,0,0,0,0,0,0,0,0,0,0,1,1,0,0,0,1,3,3,9,0,0,9,0,0,1,4,1,0,0,0,0,0,0,0,0,0,0,0,0,0,0,1,0,0,0,3,3,0,0,1,0,0,1,0,0,0,0,1,1,0,0,0,0,0,0,0,0,0,0,0,6,6,0,0,0,0,0,0,12,0,0,1,0,0,3,0,1,1,0,0,1,3,0,0,0,0,0,0,0,0,1,6,0,0,0,1,0,0,0,0,0,6,0,0,0,0
"InChI=1S/C11H14ClNO/c1-8-4-3-5-9(2)11(8)13-10(14)6-7-12/h3-5H,6-7H2,1-2H3,(H,13,14)",1,1,4,0,0,0,0,0,0,0,0,0,0,0,0,0,0,0,0,0,0,0,0,0,0,0,0,0,0,0,0,0,0,3,0,0,0,1,0,0,0,3,0,0,0,0,0,0,0,0,0,1,1,0,0,0,1,3,0,9,0,0,9,0,0,1,2,1,2,2,0,0,0,0,0,0,0,0,0,0,0,0,1,0,0,0,0,3,0,0,1,0,0,1,0,0,0,0,1,1,0,0,0,0,0,0,0,0,3,0,0,6,6,0,0,0,0,0,0,12,0,0,2,0,0,0,0,2,1,0,0,1,3,0,0,0,0,0,0,0,0,1,6,0,0,0,1,0,0,0,0,0,6,0,0,0,0
"InChI=1S/C11H14ClNO/c1-7-5-8(10-3-2-4-13-10)11(14)9(12)6-7/h5-6,10,13-14H,2-4H2,1H3",1,1,5,0,0,0,0,0,0,0,0,0,0,0,0,0,0,0,0,0,1,0,1,0,0,0,0,0,0,0,0,0,0,3,0,0,0,2,0,0,1,6,0,0,0,0,0,0,0,0,0,0,2,0,0,0,1,5,5,18,8,8,18,0,1,1,6,0,0,0,1,2,0,0,0,0,0,0,0,0,0,0,0,0,0,0,3,6,1,1,1,0,2,1,0,0,0,1,0,0,0,0,1,0,0,0,0,0,0,2,0,6,6,0,0,0,0,1,0,3,3,0,1,0,0,0,0,1,1,0,0,1,1,2,0,0,0,0,0,0,0,1,11,0,0,1,1,0,0,0,0,1,22,0,0,0,0
"InChI=1S/C11H14ClNO/c1-2-13-10-5-6-14-11-4-3-8(12)7-9(10)11/h3-4,7,10,13H,2,5-6H2,1H3",1,1,5,0,0,0,0,0,0,0,0,0,0,0,0,0,0,0,0,0,1,0,0,0,0,0,0,0,0,0,0,0,0,6,0,0,0,1,0,0,0,3,0,0,0,0,0,0,0,0,0,0,2,0,0,0,2,3,0,9,9,9,9,0,1,1,6,0,0,2,1,0,0,0,0,0,0,0,0,0,0,0,0,0,0,0,3,3,1,0,1,0,2,0,0,0,0,1,0,0,0,0,2,0,0,0,0,3,3,0,1,6,6,0,0,0,0,1,0,8,3,0,1,3,0,3,0,1,1,0,0,1,1,2,0,0,0,0,0,0,0,0,10,0,0,0,2,0,0,0,1,0,11,2,0,0,0
"InChI=1S/C11H14ClNO/c1-7(2)11-6-13-9-5-8(12)3-4-10(9)14-11/h3-5,7,11,13H,6H2,1-2H3",1,1,5,0,0,0,0,0,0,0,0,0,0,0,0,0,0,0,0,0,1,0,0,0,0,0,0,0,0,0,0,0,0,3,0,0,0,1,0,0,0,0,0,0,0,0,0,0,1,0,0,0,2,0,0,0,2,0,0,0,0,0,0,6,2,1,4,0,2,0,1,2,0,0,0,0,0,0,0,0,0,0,0,2,0,0,3,0,1,1,1,0,2,0,0,0,0,2,0,0,0,0,0,0,0,0,0,0,3,0,1,6,6,0,0,0,0,2,0,1,3,0,2,0,0,0,1,2,1,0,0,1,1,2,0,0,0,0,0,0,0,0,10,0,0,0,2,0,0,0,1,0,9,2,0,0,0
"InChI=1S/C11H14ClNO/c12-10-4-6-11(7-5-10)14-13-8-2-1-3-9-13/h4-7H,1-3,8-9H2",1,1,5,0,0,0,0,0,0,0,0,0,0,0,0,0,0,0,0,0,1,0,0,0,0,1,0,0,0,0,1,0,1,6,0,0,0,0,0,0,0,0,0,0,0,0,0,0,0,0,0,0,2,0,0,0,1,0,0,36,33,26,36,0,1,1,6,0,0,0,1,2,0,0,0,0,0,0,0,0,0,1,0,0,0,1,6,6,0,1,1,0,2,1,0,0,0,1,0,0,0,0,0,1,0,0,0,0,6,4,0,6,6,0,0,0,0,1,0,5,0,1,0,0,0,0,0,0,1,0,0,1,1,2,0,0,0,0,0,0,0,0,12,0,0,0,2,0,0,0,1,0,26,0,0,0,0
"InChI=1S/C11H14ClNO/c1-8-5-9(2)7-10(6-8)13-11(14)3-4-12/h5-7H,3-4H2,1-2H3,(H,13,14)",1,1,4,0,0,0,0,0,0,0,0,0,0,0,0,0,0,0,0,0,0,0,0,0,0,0,0,0,0,0,0,0,0,3,0,0,0,1,0,0,0,3,0,0,0,0,0,0,0,0,0,1,1,0,0,0,1,3,0,9,0,0,9,0,0,1,2,1,2,2,0,0,0,0,0,0,0,0,0,0,0,0,1,0,0,0,0,3,0,0,1,0,0,1,0,0,0,0,1,1,0,0,0,0,0,0,0,0,3,0,0,6,6,0,0,0,0,0,0,12,0,0,2,0,0,0,0,2,1,0,0,1,3,0,0,0,0,0,0,0,0,1,6,0,0,0,1,0,0,0,0,0,6,0,0,0,0
"InChI=1S/C11H14ClNO/c1-9-8-10(4-5-11(9)12)14-7-3-2-6-13/h2-5,8H,6-7,13H2,1H3",1,1,3,0,0,0,0,0,0,0,0,0,0,0,0,0,0,0,0,0,1,0,0,0,0,0,0,0,0,0,0,0,0,6,0,0,0,1,0,0,0,0,0,1,2,0,0,0,0,0,0,0,1,0,0,0,2,0,3,0,9,0,0,0,0,1,3,0,0,0,1,0,0,0,0,0,0,0,0,0,0,0,0,0,0,0,3,0,1,0,1,0,2,1,0,0,0,1,0,0,0,0,0,0,0,0,0,3,0,2,0,6,6,0,0,0,0,0,0,12,3,0,1,0,0,0,0,1,1,0,0,1,1,2,0,0,0,0,0,0,1,0,6,0,0,0,1,0,0,0,0,0,6,0,0,0,0
"InChI=1S/C11H14ClNO/c12-10-3-1-2-8(6-10)11-9(7-13)4-5-14-11/h1-3,6,9,11H,4-5,7,13H2",1,1,5,0,0,0,0,0,0,0,0,0,0,0,0,0,0,0,0,0,1,0,1,0,0,0,0,0,0,0,0,0,0,6,0,0,0,1,0,0,0,0,0,0,0,0,0,0,1,0,0,0,1,0,0,0,2,3,3,9,9,13,9,0,1,1,3,0,0,0,1,0,0,0,0,0,0,0,0,0,0,0,0,0,0,0,3,0,1,0,1,0,0,0,0,0,0,1,0,0,0,0,1,0,0,0,0,3,3,0,1,6,6,0,0,0,0,1,0,8,3,0,0,0,0,0,0,0,1,0,0,1,1,2,0,0,0,0,0,0,1,0,11,0,0,1,1,0,0,0,0,1,18,0,0,0,0
"InChI=1S/C11H14ClNO/c1-9(7-12)11(14)13-8-10-5-3-2-4-6-10/h2-6,9H,7-8H2,1H3,(H,13,14)",1,1,4,0,0,0,0,0,0,0,0,0,0,0,0,0,0,0,0,0,0,0,0,0,0,0,0,0,0,0,0,0,0,6,0,0,0,1,0,0,0,0,0,0,0,0,0,0,1,0,0,1,1,0,0,0,1,6,0,0,0,9,0,0,0,1,4,1,0,0,0,0,0,0,0,0,0,0,0,0,0,0,1,0,0,0,3,0,0,0,1,0,0,1,0,0,0,0,1,1,0,0,0,0,0,0,0,0,0,0,0,6,6,0,0,0,0,0,0,12,0,0,1,0,3,3,0,1,1,0,0,1,3,0,0,0,0,0,0,0,0,1,6,0,0,0,1,0,0,0,0,0,6,0,0,0,0
"InChI=1S/C11H14ClNO/c1-7(2)11-6-13-9-4-3-8(12)5-10(9)14-11/h3-5,7,11,13H,6H2,1-2H3",1,1,5,0,0,0,0,0,0,0,0,0,0,0,0,0,0,0,0,0,1,0,0,0,0,0,0,0,0,0,0,0,0,3,0,0,0,1,0,0,0,0,0,0,0,0,0,0,1,0,0,0,2,0,0,0,2,0,0,0,0,0,0,6,2,1,4,0,2,0,1,2,0,0,0,0,0,0,0,0,0,0,0,2,0,0,3,0,1,1,1,0,2,0,0,0,0,2,0,0,0,0,0,0,0,0,0,0,3,0,1,6,6,0,0,0,0,2,0,1,3,0,2,0,0,0,1,2,1,0,0,1,1,2,0,0,0,0,0,0,0,0,10,0,0,0,2,0,0,0,1,0,9,2,0,0,0
"InChI=1S/C11H14ClNO/c1-3-13-6-7-14-9-5-4-8(2)10(12)11(9)13/h4-5H,3,6-7H2,1-2H3",1,1,5,0,0,0,0,0,0,0,0,0,0,0,0,0,0,0,0,0,1,0,0,0,0,0,0,0,0,0,0,0,0,9,0,0,0,0,0,0,0,0,0,0,0,0,0,0,0,0,0,0,3,0,1,0,2,0,0,9,9,0,9,3,2,1,7,0,2,0,1,2,0,0,0,0,0,0,0,0,0,0,0,2,0,0,6,3,0,1,1,0,2,0,0,0,0,1,0,0,0,0,0,0,0,0,0,3,3,0,1,6,6,0,0,0,0,2,0,8,0,1,2,3,0,3,0,2,1,0,0,1,1,2,0,0,0,0,0,0,0,0,10,0,0,0,2,0,0,0,1,0,9,2,0,0,0
"InChI=1S/C11H14ClNO/c12-10-4-2-1-3-9(10)7-11(14)5-6-13-8-11/h1-4,13-14H,5-8H2",1,1,5,0,0,0,0,0,0,0,0,0,0,0,0,0,0,0,0,0,1,0,1,0,0,0,0,0,0,0,0,0,0,6,0,0,0,2,0,1,1,12,0,0,0,0,0,0,1,0,0,0,2,0,0,0,1,9,10,9,23,13,9,0,1,1,6,0,0,0,1,2,0,0,0,0,0,0,0,0,0,0,0,1,0,0,6,3,1,1,1,0,0,1,0,0,0,3,0,0,0,0,1,0,0,0,0,0,9,2,0,6,6,0,0,0,0,1,0,9,6,1,0,0,0,0,0,0,1,0,0,1,1,2,0,0,0,0,0,0,0,1,11,0,0,1,1,0,0,0,0,0,22,0,0,0,0
"InChI=1S/C11H14ClNO/c1-7-3-8(2)11(10(12)4-7)14-9-5-13-6-9/h3-4,9,13H,5-6H2,1-2H3",1,1,5,0,0,0,0,0,0,0,0,0,0,0,0,0,0,0,0,0,1,1,0,0,0,0,0,0,0,0,0,0,0,6,0,0,0,1,0,0,0,0,0,0,0,0,0,0,0,0,0,0,2,0,0,0,2,4,0,0,0,0,0,0,1,1,6,0,0,0,1,2,0,0,0,0,0,0,0,0,0,0,0,2,0,0,6,0,1,1,1,0,2,1,0,0,0,2,0,0,0,0,0,0,0,0,0,0,6,4,0,6,6,0,0,0,0,1,0,2,6,1,2,0,0,0,0,2,1,0,0,1,1,2,0,0,0,0,0,0,0,0,10,0,1,0,1,0,0,0,0,0,18,0,0,0,0
"InChI=1S/C11H14ClNO/c1-2-7-13-8-9-14-11-5-3-10(12)4-6-11/h2-6,13H,1,7-9H2",1,1,3,0,0,0,0,0,0,0,0,0,0,0,0,0,0,0,0,0,1,0,0,0,0,0,0,0,0,0,0,0,0,9,0,0,0,1,0,0,0,3,0,1,2,0,0,0,0,0,0,0,2,0,0,0,2,2,0,9,9,6,9,0,0,1,6,0,0,0,1,0,0,0,0,0,0,0,0,0,0,0,0,1,0,0,6,3,1,0,1,0,2,1,0,0,0,1,0,0,0,0,0,0,0,0,0,3,3,2,0,6,6,0,0,0,0,0,1,21,6,1,0,0,0,0,0,0,1,0,0,1,1,2,0,0,0,0,0,0,0,0,6,0,0,0,1,0,0,0,0,0,6,0,0,0,0
"InChI=1S/C11H14ClNO/c1-13-7-6-9(8-13)14-11-5-3-2-4-10(11)12/h2-5,9H,6-8H2,1H3",1,1,5,0,0,0,0,0,0,0,0,0,0,0,0,0,0,0,0,0,1,0,1,0,0,0,0,0,0,0,0,0,0,6,0,1,0,0,0,0,0,0,0,0,0,0,0,0,0,0,0,0,3,0,1,0,2,0,0,9,14,4,9,3,1,1,9,0,0,0,1,2,0,0,0,0,0,0,0,0,0,0,0,1,0,0,6,3,0,1,1,0,2,1,0,0,0,2,0,0,0,0,1,0,0,0,0,0,6,4,0,6,6,0,0,0,0,1,0,3,0,3,1,0,6,3,0,1,1,0,0,1,1,2,0,0,0,0,0,0,0,0,11,0,0,1,1,0,0,0,0,0,22,0,0,0,0
"InChI=1S/C11H14ClNO/c1-7-4-10(13-6-7)9-5-8(12)2-3-11(9)14/h2-3,5,7,10,13-14H,4,6H2,1H3",1,1,5,0,0,0,0,0,0,0,0,0,0,0,0,0,0,0,0,0,1,0,1,0,0,0,0,0,0,0,0,0,0,3,0,0,0,2,0,0,1,3,0,0,0,0,0,0,1,0,0,0,2,0,0,0,1,3,5,0,8,0,0,0,1,1,6,0,0,0,1,2,0,0,0,0,0,0,0,0,0,0,0,0,0,0,3,3,1,1,1,0,2,1,0,0,0,1,0,0,0,0,1,0,0,0,0,0,0,2,0,6,6,0,0,0,0,1,0,2,3,0,1,0,6,0,0,1,1,0,0,1,1,2,0,0,0,0,0,0,0,1,11,0,0,1,1,0,0,0,0,1,22,0,0,0,0
"InChI=1S/C11H14ClNO/c12-10-5-9(3-4-11(10)14)7-13-6-8-1-2-8/h3-5,8,13-14H,1-2,6-7H2",1,1,5,0,0,0,0,0,0,0,0,0,0,0,0,0,0,0,0,0,1,0,0,0,0,0,0,0,0,0,0,0,0,6,0,0,0,2,0,0,0,0,0,0,0,0,0,0,1,0,0,0,2,0,0,0,1,5,4,8,12,15,8,0,0,1,6,0,0,0,1,0,0,0,0,0,0,0,0,0,0,0,0,0,0,0,6,0,1,0,1,0,2,1,0,0,0,1,0,0,0,0,0,0,0,0,0,0,0,2,0,6,6,0,0,0,0,0,0,14,6,1,0,0,0,0,0,0,1,0,0,1,1,2,0,0,0,0,0,0,0,1,9,1,0,0,1,0,0,0,0,0,18,0,0,0,0
"InChI=1S/C11H14ClNO/c1-9(13-11(14)8-12)7-10-5-3-2-4-6-10/h2-6,9H,7-8H2,1H3,(H,13,14)",1,1,4,0,0,0,0,0,0,0,0,0,0,0,0,0,0,0,0,0,0,0,0,0,0,0,0,0,0,0,0,0,0,3,0,0,0,1,0,0,0,3,0,0,0,0,0,0,0,0,0,1,1,0,0,0,1,0,3,0,0,9,0,0,0,1,4,1,0,0,0,0,0,0,0,0,0,0,0,0,0,0,1,0,0,0,0,6,0,0,1,0,0,1,0,0,0,0,1,1,0,0,0,0,0,0,0,0,3,0,0,6,6,0,0,0,0,0,0,12,0,0,1,0,3,3,0,1,1,0,0,1,3,0,0,0,0,0,0,0,0,1,6,0,0,0,1,0,0,0,0,0,6,0,0,0,0
"InChI=1S/C11H14ClNO/c1-13-9-6-11(7-9)14-10-4-2-3-8(12)5-10/h2-5,9,11,13H,6-7H2,1H3",1,1,5,0,0,0,0,0,0,0,0,0,0,0,0,0,0,0,0,0,1,0,0,0,0,0,0,0,0,0,0,0,0,0,0,1,0,1,0,0,0,6,0,0,0,0,0,0,0,0,0,0,2,0,0,0,2,0,4,0,0,0,0,6,0,1,6,0,0,2,1,0,0,0,0,0,0,0,0,0,0,0,0,0,0,0,0,6,1,0,1,0,2,1,0,0,0,2,0,0,0,0,2,0,0,0,0,0,6,4,0,6,6,0,0,0,0,0,0,2,0,0,1,0,0,0,0,1,1,0,0,1,1,2,0,0,0,0,0,0,0,0,10,0,1,0,1,0,0,0,0,0,22,0,0,0,0
"InChI=1S/C11H14ClNO/c12-7-10(14)8-13-6-5-9-3-1-2-4-11(9)13/h1-4,10,14H,5-8H2",1,1,5,0,0,0,0,0,0,0,0,0,0,0,0,0,0,0,0,0,1,0,1,0,0,0,0,0,0,0,0,0,0,9,0,0,0,1,0,0,0,6,0,0,0,0,0,0,0,0,0,0,3,0,1,0,1,0,3,9,9,22,9,0,1,1,7,0,2,0,1,2,0,0,0,0,0,0,0,0,0,0,0,1,0,0,6,3,0,1,1,0,0,1,0,0,0,1,0,0,0,0,0,0,0,0,0,0,6,0,0,6,6,0,0,0,0,1,0,14,0,1,0,0,0,0,0,0,1,0,0,1,3,0,0,0,0,0,0,0,0,1,9,0,0,1,1,0,0,0,0,0,9,2,0,0,0
"InChI=1S/C11H14ClNO/c12-10-5-4-6-11(9-10)14-13-7-2-1-3-8-13/h4-6,9H,1-3,7-8H2",1,1,5,0,0,0,0,0,0,0,0,0,0,0,0,0,0,0,0,0,1,0,0,0,0,1,0,0,0,0,1,0,1,6,0,0,0,0,0,0,0,0,0,0,0,0,0,0,0,0,0,0,2,0,0,0,1,0,0,36,33,26,36,0,1,1,6,0,0,0,1,2,0,0,0,0,0,0,0,0,0,1,0,0,0,1,6,6,0,1,1,0,2,1,0,0,0,1,0,0,0,0,0,1,0,0,0,0,6,4,0,6,6,0,0,0,0,1,0,5,0,1,0,0,0,0,0,0,1,0,0,1,1,2,0,0,0,0,0,0,0,0,12,0,0,0,2,0,0,0,1,0,26,0,0,0,0
"InChI=1S/C11H14ClNO/c1-3-9-10(13-2)7-5-4-6-8(12)11(7)14-9/h4-6,9-10,13H,3H2,1-2H3",1,1,5,0,0,0,0,0,0,0,0,0,0,0,0,0,0,0,0,0,1,0,1,0,0,0,0,0,0,0,0,0,0,0,0,1,0,1,0,0,0,0,0,0,0,0,0,0,0,0,0,0,2,0,0,0,2,3,0,0,0,0,0,0,1,1,6,0,0,2,1,0,0,0,0,0,0,0,0,0,0,0,0,1,0,0,0,0,1,0,1,0,2,0,0,0,0,2,0,0,0,0,1,0,0,0,0,0,3,0,1,6,6,0,0,0,0,1,0,6,0,0,2,3,0,3,0,2,1,0,0,1,1,2,0,0,0,0,0,0,0,0,9,0,0,1,1,0,0,0,0,0,7,2,0,0,0
"InChI=1S/C11H14ClNO/c12-9-2-1-3-11(8-9)14-7-6-13-10-4-5-10/h1-3,8,10,13H,4-7H2",1,1,5,0,0,0,0,0,0,0,0,0,0,0,0,0,0,0,0,0,1,0,0,0,0,0,0,0,0,0,0,0,0,6,0,0,0,1,0,0,0,8,0,0,0,0,0,0,0,0,0,0,2,0,0,0,2,4,0,17,15,27,17,0,0,1,6,0,0,2,1,0,0,0,0,0,0,0,0,0,0,0,0,1,0,0,3,8,1,0,1,0,2,1,0,0,0,1,0,0,0,0,0,0,0,0,0,3,3,2,0,6,6,0,0,0,0,0,0,14,3,0,0,0,0,0,0,0,1,0,0,1,1,2,0,0,0,0,0,0,0,0,9,1,0,0,1,0,0,0,0,0,18,0,0,0,0
"InChI=1S/C11H14ClNO/c12-10-3-1-2-9(6-10)7-11(14)4-5-13-8-11/h1-3,6,13-14H,4-5,7-8H2",1,1,5,0,0,0,0,0,0,0,0,0,0,0,0,0,0,0,0,0,1,0,1,0,0,0,0,0,0,0,0,0,0,6,0,0,0,2,0,1,1,12,0,0,0,0,0,0,1,0,0,0,2,0,0,0,1,9,10,9,23,13,9,0,1,1,6,0,0,0,1,2,0,0,0,0,0,0,0,0,0,0,0,1,0,0,6,3,1,1,1,0,0,1,0,0,0,3,0,0,0,0,1,0,0,0,0,0,9,2,0,6,6,0,0,0,0,1,0,9,6,1,0,0,0,0,0,0,1,0,0,1,1,2,0,0,0,0,0,0,0,1,11,0,0,1,1,0,0,0,0,0,22,0,0,0,0
"InChI=1S/C11H14ClNO/c12-10-4-2-9(3-5-10)11(8-14)6-1-7-13-11/h2-5,13-14H,1,6-8H2",1,1,5,0,0,0,0,0,0,0,0,0,0,0,0,0,0,0,0,0,1,0,1,0,0,0,0,0,0,0,0,0,0,6,0,0,0,2,0,1,0,9,0,0,0,0,0,0,1,0,0,0,2,0,0,0,1,8,8,18,26,23,18,0,1,1,6,0,0,0,1,2,0,0,0,0,0,0,0,0,0,0,0,1,0,0,3,9,1,1,1,0,0,1,0,0,0,0,0,0,0,0,0,0,0,0,0,3,0,0,0,6,6,0,0,0,0,1,0,9,6,0,0,0,0,0,0,0,1,0,0,1,1,2,0,0,0,0,0,0,0,1,11,0,0,1,1,0,0,0,0,1,22,0,0,0,0
"InChI=1S/C11H14ClNO/c12-7-9-3-1-2-4-11(9)13-10-5-6-14-8-10/h1-4,10,13H,5-8H2",1,1,5,0,0,0,0,0,0,0,0,0,0,0,0,0,0,0,0,0,1,0,1,0,0,0,0,0,0,0,0,0,0,9,0,0,0,1,0,0,0,6,0,0,0,0,0,0,0,0,0,0,2,0,0,0,2,6,3,9,14,4,9,0,1,1,4,0,2,4,1,0,0,0,0,0,0,0,0,0,0,0,0,1,0,0,0,6,1,0,1,0,0,0,0,0,0,0,0,0,0,0,1,0,0,0,0,6,3,0,1,6,6,0,0,0,0,1,0,9,0,1,0,0,0,0,0,0,1,0,0,1,3,0,0,0,0,0,0,0,0,0,11,0,0,1,1,0,0,0,0,0,18,0,0,0,0
"InChI=1S/C11H14ClNO/c1-8(2)3-4-11(14)9-5-6-13-7-10(9)12/h5-8H,3-4H2,1-2H3",1,1,5,0,0,0,0,0,0,0,0,0,0,0,0,0,0,0,0,0,0,0,0,0,0,0,0,0,0,0,0,0,0,0,0,0,0,0,0,0,0,0,0,0,0,0,0,0,1,0,0,0,0,0,0,1,0,0,0,9,0,0,9,6,1,1,2,0,0,0,0,0,0,0,0,0,0,0,0,0,0,0,0,0,0,0,0,0,0,1,1,1,0,0,0,0,0,1,0,0,0,0,0,0,0,0,0,0,3,0,0,6,4,0,0,0,0,1,0,12,0,0,2,0,6,0,1,2,1,0,0,1,1,2,0,0,0,0,0,2,0,0,6,0,0,0,1,0,0,0,1,0,4,0,0,0,0
"InChI=1S/C11H14ClNO/c12-11-7-3-4-8-13(11)9-5-1-2-6-10(9)14/h1-2,5-6,11,14H,3-4,7-8H2",1,1,5,0,0,0,0,0,0,0,0,0,0,0,0,0,0,0,0,0,1,0,0,0,0,0,0,0,0,0,0,0,0,3,0,0,0,1,0,0,0,0,0,0,0,0,0,0,0,0,0,0,3,0,1,0,1,0,3,27,17,16,27,0,1,1,7,0,2,2,1,2,0,0,0,0,0,0,0,0,0,0,0,1,0,0,3,6,0,1,1,0,2,1,0,0,0,1,0,0,0,0,0,0,0,0,0,0,0,2,0,6,6,0,0,0,0,1,0,4,0,0,0,0,0,0,0,0,1,0,0,1,3,2,0,0,0,0,0,0,0,1,12,0,0,0,2,0,0,0,1,1,26,0,0,0,0
"InChI=1S/C11H14ClNO/c1-8-10(14-11(2,12)13-8)9-6-4-3-5-7-9/h3-8,10,13H,1-2H3",1,1,5,0,0,0,0,0,0,0,0,0,0,0,0,0,0,0,0,0,1,0,1,0,0,0,1,0,0,0,0,0,0,0,0,0,0,1,0,0,0,0,0,0,0,0,0,0,0,0,0,0,2,0,0,0,2,0,0,0,0,0,0,0,2,1,6,0,0,0,1,2,0,0,0,0,0,0,0,0,0,0,1,1,0,0,0,0,1,1,1,0,0,0,0,0,0,1,1,1,0,0,0,0,0,0,0,0,0,0,1,6,6,0,0,0,0,2,0,0,0,0,2,0,0,0,0,2,1,0,0,1,3,2,0,0,0,0,0,0,0,0,11,0,0,1,1,0,0,0,0,1,14,0,0,0,0
"InChI=1S/C11H14ClNO/c1-7-4-10(7)13-6-8-2-3-11(14)9(12)5-8/h2-3,5,7,10,13-14H,4,6H2,1H3",1,1,5,0,0,0,0,0,0,0,0,0,0,0,0,0,0,0,0,0,1,0,0,0,0,0,0,0,0,0,0,0,0,3,0,0,0,2,0,0,0,3,0,0,0,0,0,0,1,0,0,0,2,0,0,0,1,2,0,0,9,6,0,2,0,1,6,0,0,2,1,0,0,0,0,0,0,0,0,0,0,0,0,0,0,0,3,3,1,0,1,0,2,1,0,0,0,1,0,0,0,0,0,0,0,0,0,0,0,2,0,6,6,0,0,0,0,0,0,7,3,0,1,0,3,3,0,1,1,0,0,1,1,2,0,0,0,0,0,0,0,1,9,1,0,0,1,0,0,0,0,0,18,0,0,0,0
"InChI=1S/C11H14ClNO/c1-8-4-3-5-10(9(8)2)13-11(14)6-7-12/h3-5H,6-7H2,1-2H3,(H,13,14)",1,1,4,0,0,0,0,0,0,0,0,0,0,0,0,0,0,0,0,0,0,0,0,0,0,0,0,0,0,0,0,0,0,3,0,0,0,1,0,0,0,3,0,0,0,0,0,0,0,0,0,1,1,0,0,0,1,3,0,9,0,0,9,0,0,1,2,1,2,2,0,0,0,0,0,0,0,0,0,0,0,0,1,0,0,0,0,3,0,0,1,0,0,1,0,0,0,0,1,1,0,0,0,0,0,0,0,0,3,0,0,6,6,0,0,0,0,0,0,12,0,0,2,0,0,0,0,2,1,0,0,1,3,0,0,0,0,0,0,0,0,1,6,0,0,0,1,0,0,0,0,0,6,0,0,0,0
"InChI=1S/C11H14ClNO/c12-11-3-1-2-9-8(4-5-14)6-13-7-10(9)11/h1-3,8,13-14H,4-7H2",1,1,5,0,0,0,0,0,0,0,0,0,0,0,0,0,0,0,0,0,1,0,0,0,0,0,0,0,0,0,0,0,0,9,0,0,0,2,0,0,0,3,0,0,0,0,0,0,1,0,0,0,2,0,0,0,1,3,5,9,9,26,9,0,1,1,6,0,0,0,1,2,0,0,0,0,0,0,0,0,0,0,0,0,0,0,6,0,1,1,1,0,0,1,0,0,0,0,0,0,0,0,0,0,0,0,0,3,3,0,0,6,6,0,0,0,0,1,0,14,9,1,0,0,0,0,0,0,1,0,0,1,1,2,0,0,0,0,0,0,0,1,10,0,0,0,2,0,0,0,1,0,11,2,0,0,0
"InChI=1S/C11H14ClNO/c12-10-3-1-2-8-6-13-7-9(4-5-14)11(8)10/h1-3,9,13-14H,4-7H2",1,1,5,0,0,0,0,0,0,0,0,0,0,0,0,0,0,0,0,0,1,0,0,0,0,0,0,0,0,0,0,0,0,9,0,0,0,2,0,0,0,3,0,0,0,0,0,0,1,0,0,0,2,0,0,0,1,3,5,9,9,26,9,0,1,1,6,0,0,0,1,2,0,0,0,0,0,0,0,0,0,0,0,0,0,0,6,0,1,1,1,0,0,1,0,0,0,0,0,0,0,0,0,0,0,0,0,3,3,0,0,6,6,0,0,0,0,1,0,14,9,1,0,0,0,0,0,0,1,0,0,1,1,2,0,0,0,0,0,0,0,1,10,0,0,0,2,0,0,0,1,0,11,2,0,0,0
"InChI=1S/C11H14ClNO/c1-11(2,3)10(14)6-8-4-5-13-7-9(8)12/h4-5,7H,6H2,1-3H3",1,1,5,0,0,0,0,0,0,0,0,0,0,0,0,0,0,0,0,0,0,0,0,0,0,0,0,0,0,0,0,0,0,0,0,0,0,0,0,0,0,0,0,0,0,0,0,0,1,0,0,0,0,0,0,1,0,0,0,0,0,0,0,9,1,1,2,0,0,0,0,0,0,0,0,0,0,0,0,0,0,0,0,0,0,0,0,0,0,1,1,1,0,0,0,0,0,1,0,0,0,0,0,0,0,0,0,0,3,0,0,6,4,0,0,0,0,1,0,6,0,0,3,0,0,0,3,3,1,0,0,1,1,2,0,0,0,0,0,2,0,0,6,0,0,0,1,0,0,0,1,0,4,0,0,0,0
"InChI=1S/C11H14ClNO/c1-13(11(14)7-8-12)9-10-5-3-2-4-6-10/h2-6H,7-9H2,1H3",1,1,4,0,0,0,0,0,0,0,0,0,0,0,0,0,0,0,0,0,1,0,0,0,0,0,0,0,0,0,0,0,0,6,0,1,0,0,0,0,0,0,0,0,0,0,0,0,0,0,0,0,3,0,1,1,0,0,0,9,9,9,9,3,0,1,7,0,0,0,1,0,0,0,0,0,0,0,0,0,0,0,1,0,0,0,3,3,0,0,1,1,0,0,0,0,0,0,1,1,0,0,0,0,0,0,0,0,3,0,0,6,6,0,0,0,0,0,0,18,0,1,1,0,3,3,0,1,1,0,0,1,3,0,0,0,0,0,0,0,0,0,6,0,0,0,1,0,0,0,0,0,6,0,0,0,0
"InChI=1S/C11H14ClNO/c1-2-9-3-5-10(6-4-9)11(14)13-8-7-12/h3-6H,2,7-8H2,1H3,(H,13,14)",1,1,4,0,0,0,0,0,0,0,0,0,0,0,0,0,0,0,0,0,1,0,0,0,0,0,0,0,0,0,0,0,0,6,0,0,0,1,0,0,0,3,0,0,0,0,0,0,0,0,0,0,2,0,0,1,0,0,0,9,0,0,9,0,0,1,4,0,0,0,1,0,0,0,0,0,0,0,0,0,0,0,1,0,0,0,3,3,1,0,1,1,0,0,0,0,0,0,1,1,0,0,0,0,0,0,0,0,0,0,0,6,6,0,0,0,0,0,0,18,3,0,1,3,0,0,0,1,1,0,0,1,3,0,0,0,0,0,0,0,0,0,6,0,0,0,1,0,0,0,0,0,6,0,0,0,0
"InChI=1S/C11H14ClNO/c1-7-5-6-8(10(12)13-7)9(14)11(2,3)4/h5-6H,1-4H3",1,1,5,0,0,0,0,0,0,0,0,0,0,0,0,0,0,0,0,0,0,0,0,0,0,0,0,0,0,0,0,0,0,0,0,0,0,0,0,0,0,0,0,0,0,0,0,0,1,0,0,0,0,0,0,1,0,0,0,0,0,0,0,0,1,1,2,0,0,0,0,0,0,0,0,0,0,0,0,0,0,0,0,0,0,0,0,0,0,1,1,1,0,0,0,0,0,1,0,0,0,0,1,0,0,0,0,0,0,0,0,6,4,0,0,0,0,1,0,0,0,0,4,0,0,0,3,4,1,0,0,1,1,2,0,0,0,0,0,2,0,0,6,0,0,0,1,0,0,0,1,0,4,0,0,0,0
"InChI=1S/C11H14ClNO/c1-8(9-6-13-7-9)14-11-4-2-10(12)3-5-11/h2-5,8-9,13H,6-7H2,1H3",1,1,5,0,0,0,0,0,0,0,0,0,0,0,0,0,0,0,0,0,1,1,0,0,0,0,0,0,0,0,0,0,0,6,0,0,0,1,0,0,0,0,0,0,0,0,0,0,1,0,0,0,2,0,0,0,2,4,0,0,0,0,0,6,1,1,6,0,0,0,1,2,0,0,0,0,0,0,0,0,0,0,0,0,0,0,6,0,1,1,1,0,2,1,0,0,0,2,0,0,0,0,2,0,0,0,0,0,0,2,0,6,6,0,0,0,0,1,0,2,6,1,1,0,0,0,0,1,1,0,0,1,1,2,0,0,0,0,0,0,0,0,10,0,1,0,1,0,0,0,0,0,18,0,0,0,0
"InChI=1S/C11H14ClNO/c12-10-3-1-8(2-4-10)11(7-13)5-9(11)6-14/h1-4,9,14H,5-7,13H2",1,1,5,0,0,0,0,0,0,0,0,0,0,0,0,0,0,0,0,0,1,0,0,0,0,0,0,0,0,0,0,0,0,6,0,0,0,2,0,0,0,0,0,0,0,0,0,0,2,0,0,0,1,0,0,0,1,6,9,0,21,9,0,0,0,1,3,0,0,0,1,0,0,0,0,0,0,0,0,0,0,0,0,0,0,0,3,0,1,0,1,0,0,1,0,0,0,0,0,0,0,0,0,0,0,0,0,3,0,0,0,6,6,0,0,0,0,0,0,13,6,0,0,0,0,0,0,0,1,0,0,1,1,2,0,0,0,0,0,0,1,1,9,1,0,0,1,0,0,0,0,1,18,0,0,0,0
"InChI=1S/C11H14ClNO/c1-3-13-6-9-5-10(12)4-8(2)11(9)14-7-13/h4-5H,3,6-7H2,1-2H3",1,1,5,0,0,0,0,0,0,0,0,0,0,0,0,0,0,0,0,0,1,0,0,0,0,0,0,0,0,0,0,0,0,11,1,0,0,0,0,0,0,0,0,0,0,0,0,0,0,0,0,0,3,0,1,0,2,0,0,0,0,8,0,6,2,1,9,0,0,0,1,2,0,0,0,0,0,0,0,0,0,0,1,0,0,0,9,0,0,1,1,0,2,0,0,0,0,1,1,0,0,0,1,0,0,0,0,3,0,0,1,6,6,0,0,0,0,2,0,8,0,3,2,3,0,6,0,2,1,0,0,1,1,2,0,0,0,0,0,0,0,0,10,0,0,0,2,0,0,0,1,0,7,2,0,0,0
"InChI=1S/C11H14ClNO/c1-7-5-8(10-3-2-4-13-10)11(14)6-9(7)12/h5-6,10,13-14H,2-4H2,1H3",1,1,5,0,0,0,0,0,0,0,0,0,0,0,0,0,0,0,0,0,1,0,1,0,0,0,0,0,0,0,0,0,0,3,0,0,0,2,0,0,1,6,0,0,0,0,0,0,0,0,0,0,2,0,0,0,1,5,5,18,8,8,18,0,1,1,6,0,0,0,1,2,0,0,0,0,0,0,0,0,0,0,0,0,0,0,3,6,1,1,1,0,2,1,0,0,0,1,0,0,0,0,1,0,0,0,0,0,0,2,0,6,6,0,0,0,0,1,0,3,3,0,1,0,0,0,0,1,1,0,0,1,1,2,0,0,0,0,0,0,0,1,11,0,0,1,1,0,0,0,0,1,22,0,0,0,0
"InChI=1S/C11H14ClNO/c1-13(2)10-6-7-14-11-8(10)4-3-5-9(11)12/h3-5,10H,6-7H2,1-2H3",1,1,5,0,0,0,0,0,0,0,0,0,0,0,0,0,0,0,0,0,1,0,0,0,0,0,0,0,0,0,0,0,0,3,0,2,0,0,0,0,0,0,0,0,0,0,0,0,0,0,0,0,3,0,1,0,2,0,0,9,0,0,9,6,1,1,9,0,0,2,1,0,0,0,0,0,0,0,0,0,0,0,0,0,0,0,0,3,0,0,1,0,2,0,0,0,0,1,0,0,0,0,2,0,0,0,0,3,3,0,1,6,6,0,0,0,0,1,0,2,0,1,2,0,0,6,1,2,1,0,0,1,1,2,0,0,0,0,0,0,0,0,10,0,0,0,2,0,0,0,1,0,11,2,0,0,0
"InChI=1S/C11H14ClNO/c1-8(2)3-4-10(14)9-5-6-13-11(12)7-9/h5-8H,3-4H2,1-2H3",1,1,5,0,0,0,0,0,0,0,0,0,0,0,0,0,0,0,0,0,0,0,0,0,0,0,0,0,0,0,0,0,0,0,0,0,0,0,0,0,0,0,0,0,0,0,0,0,1,0,0,0,0,0,0,1,0,0,0,9,0,0,9,6,1,1,2,0,0,0,0,0,0,0,0,0,0,0,0,0,0,0,0,0,0,0,0,0,0,1,1,1,0,0,0,0,0,1,0,0,0,0,0,0,0,0,0,0,3,0,0,6,4,0,0,0,0,1,0,12,0,0,2,0,6,0,1,2,1,0,0,1,1,2,0,0,0,0,0,2,0,0,6,0,0,0,1,0,0,0,1,0,4,0,0,0,0
"InChI=1S/C11H14ClNO/c1-14-10-4-2-3-8(11(10)12)7-13-9-5-6-9/h2-4,9,13H,5-7H2,1H3",1,1,5,0,0,0,0,0,0,0,0,0,0,0,0,0,0,0,0,0,1,0,0,0,0,0,0,0,0,0,0,0,0,3,0,1,0,1,0,0,0,5,0,0,0,0,0,0,0,0,0,0,2,0,0,0,2,4,0,8,15,12,8,0,0,1,6,0,0,2,1,0,0,0,0,0,0,0,0,0,0,0,0,0,0,0,3,5,1,0,1,0,2,1,0,0,0,1,0,0,0,0,0,0,0,0,0,0,0,2,0,6,6,0,0,0,0,0,0,8,3,0,1,0,0,0,0,1,1,0,0,1,1,2,0,0,0,0,0,0,0,0,9,1,0,0,1,0,0,0,0,0,18,0,0,0,0
"InChI=1S/C11H14ClNO/c1-9-5-3-4-6-10(9)8-13(2)11(14)7-12/h3-6H,7-8H2,1-2H3",1,1,4,0,0,0,0,0,0,0,0,0,0,0,0,0,0,0,0,0,1,0,0,0,0,0,0,0,0,0,0,0,0,6,0,1,0,0,0,0,0,0,0,0,0,0,0,0,0,0,0,0,3,0,1,1,0,0,0,0,9,0,0,6,0,1,7,0,0,0,1,0,0,0,0,0,0,0,0,0,0,0,1,0,0,0,3,3,0,0,1,1,0,0,0,0,0,0,1,1,0,0,0,0,0,0,0,0,3,0,0,6,6,0,0,0,0,0,0,12,0,1,2,0,3,0,0,2,1,0,0,1,3,0,0,0,0,0,0,0,0,0,6,0,0,0,1,0,0,0,0,0,6,0,0,0,0
"InChI=1S/C11H14ClNO/c12-10-4-2-1-3-8(10)9-5-6-13-7-11(9)14/h1-4,9,11,13-14H,5-7H2",1,1,5,0,0,0,0,0,0,0,0,0,0,0,0,0,0,0,0,0,1,0,0,0,0,0,0,0,0,0,0,0,0,6,0,0,0,2,0,1,0,6,0,0,0,0,0,0,1,0,0,0,2,0,0,0,1,3,9,9,17,8,9,0,1,1,6,0,0,0,1,2,0,0,0,0,0,0,0,0,0,0,0,1,0,0,6,3,1,1,1,0,0,1,0,0,0,1,0,0,0,0,0,0,0,0,0,0,3,2,0,6,6,0,0,0,0,1,0,3,6,1,0,0,0,0,0,0,1,0,0,1,1,2,0,0,0,0,0,0,0,1,12,0,0,0,2,0,0,0,1,1,26,0,0,0,0
"InChI=1S/C11H14ClNO/c1-13-10(11(14)8-12)7-9-5-3-2-4-6-9/h2-6,10,13H,7-8H2,1H3",1,1,4,0,0,0,0,0,0,0,0,0,0,0,0,0,0,0,0,0,1,0,0,0,0,0,0,0,0,0,0,0,0,3,0,1,0,1,0,0,0,3,0,0,0,0,0,0,0,0,0,0,2,0,0,1,0,3,0,0,9,0,0,3,0,1,6,0,0,0,1,0,0,0,0,0,0,0,0,0,0,0,0,1,0,0,0,3,1,0,1,1,0,0,0,0,0,1,0,0,0,0,0,0,0,0,0,0,3,0,0,6,6,0,0,0,0,0,0,12,0,0,1,0,0,3,0,1,1,0,0,1,3,0,0,0,0,0,0,0,0,0,6,0,0,0,1,0,0,0,0,0,6,0,0,0,0
"InChI=1S/C11H14ClNO/c12-10-5-9(6-13)3-4-11(10)14-7-8-1-2-8/h3-5,8H,1-2,6-7,13H2",1,1,5,0,0,0,0,0,0,0,0,0,0,0,0,0,0,0,0,0,1,0,0,0,0,0,0,0,0,0,0,0,0,6,0,0,0,1,0,0,0,0,0,0,0,0,0,0,1,0,0,0,1,0,0,0,2,0,0,8,12,0,8,0,0,1,3,0,0,0,1,0,0,0,0,0,0,0,0,0,0,0,0,0,0,0,3,0,1,0,1,0,2,1,0,0,0,1,0,0,0,0,0,0,0,0,0,3,0,2,0,6,6,0,0,0,0,0,0,14,3,0,0,0,0,0,0,0,1,0,0,1,1,2,0,0,0,0,0,0,1,0,9,1,0,0,1,0,0,0,0,0,18,0,0,0,0
"InChI=1S/C11H14ClNO/c1-3-8-6-9(12)11-10(7-8)14-5-4-13(11)2/h6-7H,3-5H2,1-2H3",1,1,5,0,0,0,0,0,0,0,0,0,0,0,0,0,0,0,0,0,1,0,0,0,0,0,0,0,0,0,0,0,0,6,0,1,0,0,0,0,0,0,0,0,0,0,0,0,0,0,0,0,3,0,1,0,2,0,0,9,0,0,9,3,2,1,7,0,2,0,1,2,0,0,0,0,0,0,0,0,0,0,0,2,0,0,3,3,0,1,1,0,2,0,0,0,0,1,0,0,0,0,0,0,0,0,0,3,3,0,1,6,6,0,0,0,0,2,0,8,0,1,2,3,3,0,0,2,1,0,0,1,1,2,0,0,0,0,0,0,0,0,10,0,0,0,2,0,0,0,1,0,9,2,0,0,0
"InChI=1S/C11H14ClNO/c1-2-5-13-10-7-14-11-4-3-8(12)6-9(10)11/h3-4,6,10,13H,2,5,7H2,1H3",1,1,5,0,0,0,0,0,0,0,0,0,0,0,0,0,0,0,0,0,1,0,1,0,0,0,0,0,0,0,0,0,0,6,0,0,0,1,0,0,0,6,0,0,0,0,0,0,0,0,0,0,2,0,0,0,2,0,0,9,9,9,9,0,1,1,6,0,0,2,1,0,0,0,0,0,0,0,0,0,0,0,0,1,0,0,3,6,1,0,1,0,2,0,0,0,0,1,0,0,0,0,1,0,0,0,0,3,0,0,1,6,6,0,0,0,0,1,0,13,3,0,1,3,3,0,0,1,1,0,0,1,1,2,0,0,0,0,0,0,0,0,9,0,0,1,1,0,0,0,0,0,7,2,0,0,0
"InChI=1S/C11H14ClNO/c1-2-6-13-7-8-14-11-5-3-4-10(12)9-11/h2-5,9,13H,1,6-8H2",1,1,3,0,0,0,0,0,0,0,0,0,0,0,0,0,0,0,0,0,1,0,0,0,0,0,0,0,0,0,0,0,0,9,0,0,0,1,0,0,0,3,0,1,2,0,0,0,0,0,0,0,2,0,0,0,2,2,0,9,9,6,9,0,0,1,6,0,0,0,1,0,0,0,0,0,0,0,0,0,0,0,0,1,0,0,6,3,1,0,1,0,2,1,0,0,0,1,0,0,0,0,0,0,0,0,0,3,3,2,0,6,6,0,0,0,0,0,1,21,6,1,0,0,0,0,0,0,1,0,0,1,1,2,0,0,0,0,0,0,0,0,6,0,0,0,1,0,0,0,0,0,6,0,0,0,0
"InChI=1S/C11H14ClNO/c1-9-4-3-5-10(6-9)8-13(2)11(14)7-12/h3-6H,7-8H2,1-2H3",1,1,4,0,0,0,0,0,0,0,0,0,0,0,0,0,0,0,0,0,1,0,0,0,0,0,0,0,0,0,0,0,0,6,0,1,0,0,0,0,0,0,0,0,0,0,0,0,0,0,0,0,3,0,1,1,0,0,0,0,9,0,0,3,0,1,7,0,0,0,1,0,0,0,0,0,0,0,0,0,0,0,1,0,0,0,3,3,0,0,1,1,0,0,0,0,0,0,1,1,0,0,0,0,0,0,0,0,3,0,0,6,6,0,0,0,0,0,0,12,0,1,2,0,3,3,0,2,1,0,0,1,3,0,0,0,0,0,0,0,0,0,6,0,0,0,1,0,0,0,0,0,6,0,0,0,0
"InChI=1S/C11H14ClNO/c12-10-4-2-1-3-9(10)11-8(7-13)5-6-14-11/h1-4,8,11H,5-7,13H2",1,1,5,0,0,0,0,0,0,0,0,0,0,0,0,0,0,0,0,0,1,0,1,0,0,0,0,0,0,0,0,0,0,6,0,0,0,1,0,0,0,0,0,0,0,0,0,0,1,0,0,0,1,0,0,0,2,3,3,9,9,13,9,0,1,1,3,0,0,0,1,0,0,0,0,0,0,0,0,0,0,0,0,0,0,0,3,0,1,0,1,0,0,0,0,0,0,1,0,0,0,0,1,0,0,0,0,3,3,0,1,6,6,0,0,0,0,1,0,8,3,0,0,0,0,0,0,0,1,0,0,1,1,2,0,0,0,0,0,0,1,0,11,0,0,1,1,0,0,0,0,1,18,0,0,0,0
"InChI=1S/C11H14ClNO/c1-6-4-5-8(12)9-10(13-3)7(2)14-11(6)9/h4-5,7,10,13H,1-3H3",1,1,5,0,0,0,0,0,0,0,0,0,0,0,0,0,0,0,0,0,1,0,1,0,0,0,0,0,0,0,0,0,0,0,0,1,0,1,0,0,0,0,0,0,0,0,0,0,0,0,0,0,2,0,0,0,2,0,0,0,0,0,0,0,1,1,6,0,0,2,1,0,0,0,0,0,0,0,0,0,0,0,0,1,0,0,0,0,1,0,1,0,2,0,0,0,0,2,0,0,0,0,1,0,0,0,0,0,0,0,1,6,6,0,0,0,0,1,0,0,0,0,3,0,0,0,0,3,1,0,0,1,1,2,0,0,0,0,0,0,0,0,9,0,0,1,1,0,0,0,0,0,7,2,0,0,0
"InChI=1S/C11H14ClNO/c1-2-3-4-5-11(14)9-8-13-7-6-10(9)12/h6-8H,2-5H2,1H3",1,1,5,0,0,0,0,0,0,0,0,0,0,0,0,0,0,0,0,0,0,0,0,0,0,0,0,0,0,0,0,0,0,0,0,0,0,0,0,0,0,0,0,0,0,0,0,0,0,0,0,0,0,0,0,1,0,0,0,27,9,0,27,3,1,1,2,0,0,0,0,0,0,0,0,0,0,0,0,0,0,0,0,0,0,0,0,0,0,1,1,1,0,0,0,0,0,1,0,0,0,0,1,0,0,0,0,0,3,0,0,6,4,0,0,0,0,1,0,24,0,0,1,3,3,3,0,1,1,0,0,1,1,2,0,0,0,0,0,2,0,0,6,0,0,0,1,0,0,0,1,0,4,0,0,0,0
"InChI=1S/C11H14ClNO/c1-3-14-11-7-5-4-6-10(11)13-8-9(2)12/h4-7,13H,2-3,8H2,1H3",1,1,3,0,0,0,0,0,0,0,0,0,0,0,0,0,0,0,0,0,1,0,0,0,0,0,0,0,0,0,0,0,0,6,0,0,0,1,0,0,0,0,0,1,2,0,0,0,0,0,0,0,2,0,0,0,2,2,3,0,0,0,0,0,0,1,4,0,2,2,1,0,0,0,0,0,0,0,0,0,0,0,0,1,0,0,3,0,1,0,1,0,2,1,0,0,0,1,0,0,0,0,0,0,0,0,0,3,0,2,0,6,6,0,0,0,0,0,1,15,3,0,1,3,0,0,0,1,1,0,0,1,1,0,0,0,0,0,0,0,0,0,6,0,0,0,1,0,0,0,0,0,6,0,0,0,0
"InChI=1S/C11H14ClNO/c1-2-9-5-3-4-6-10(9)8-13-11(14)7-12/h3-6H,2,7-8H2,1H3,(H,13,14)",1,1,4,0,0,0,0,0,0,0,0,0,0,0,0,0,0,0,0,0,0,0,0,0,0,0,0,0,0,0,0,0,0,6,0,0,0,1,0,0,0,3,0,0,0,0,0,0,0,0,0,1,1,0,0,0,1,3,0,0,18,0,0,0,0,1,4,1,0,0,0,0,0,0,0,0,0,0,0,0,0,0,1,0,0,0,3,3,0,0,1,0,0,1,0,0,0,0,1,1,0,0,0,0,0,0,0,0,3,0,0,6,6,0,0,0,0,0,0,18,0,0,1,3,0,3,0,1,1,0,0,1,3,0,0,0,0,0,0,0,0,1,6,0,0,0,1,0,0,0,0,0,6,0,0,0,0
"InChI=1S/C11H14ClNO/c12-10-1-2-11-8(3-4-14)6-13-7-9(11)5-10/h1-2,5,8,13-14H,3-4,6-7H2",1,1,5,0,0,0,0,0,0,0,0,0,0,0,0,0,0,0,0,0,1,0,0,0,0,0,0,0,0,0,0,0,0,9,0,0,0,2,0,0,0,3,0,0,0,0,0,0,1,0,0,0,2,0,0,0,1,3,5,9,9,26,9,0,1,1,6,0,0,0,1,2,0,0,0,0,0,0,0,0,0,0,0,0,0,0,6,0,1,1,1,0,0,1,0,0,0,0,0,0,0,0,0,0,0,0,0,3,3,0,0,6,6,0,0,0,0,1,0,14,9,1,0,0,0,0,0,0,1,0,0,1,1,2,0,0,0,0,0,0,0,1,10,0,0,0,2,0,0,0,1,0,11,2,0,0,0
"InChI=1S/C11H14ClNO/c1-9-2-4-10(5-3-9)8-13-11(14)6-7-12/h2-5H,6-8H2,1H3,(H,13,14)",1,1,4,0,0,0,0,0,0,0,0,0,0,0,0,0,0,0,0,0,0,0,0,0,0,0,0,0,0,0,0,0,0,6,0,0,0,1,0,0,0,3,0,0,0,0,0,0,0,0,0,1,1,0,0,0,1,6,0,9,9,9,9,0,0,1,4,1,0,0,0,0,0,0,0,0,0,0,0,0,0,0,1,0,0,0,3,3,0,0,1,0,0,1,0,0,0,0,1,1,0,0,0,0,0,0,0,0,3,0,0,6,6,0,0,0,0,0,0,18,0,0,1,0,0,0,0,1,1,0,0,1,3,0,0,0,0,0,0,0,0,1,6,0,0,0,1,0,0,0,0,0,6,0,0,0,0
"InChI=1S/C11H14ClNO/c1-8-6-9(12)2-3-11(8)14-10-4-5-13-7-10/h2-3,6,10,13H,4-5,7H2,1H3",1,1,5,0,0,0,0,0,0,0,0,0,0,0,0,0,0,0,0,0,1,0,1,0,0,0,0,0,0,0,0,0,0,6,0,0,0,1,0,0,0,3,0,0,0,0,0,0,0,0,0,0,2,0,0,0,2,3,4,9,14,4,9,0,1,1,6,0,0,0,1,2,0,0,0,0,0,0,0,0,0,0,0,1,0,0,6,3,1,1,1,0,2,1,0,0,0,2,0,0,0,0,1,0,0,0,0,0,6,4,0,6,6,0,0,0,0,1,0,3,6,1,1,0,0,0,0,1,1,0,0,1,1,2,0,0,0,0,0,0,0,0,11,0,0,1,1,0,0,0,0,0,22,0,0,0,0
"InChI=1S/C11H14ClNO/c1-3-14-11-6-4-10(5-7-11)13-8-9(2)12/h4-7,13H,2-3,8H2,1H3",1,1,3,0,0,0,0,0,0,0,0,0,0,0,0,0,0,0,0,0,1,0,0,0,0,0,0,0,0,0,0,0,0,6,0,0,0,1,0,0,0,0,0,1,2,0,0,0,0,0,0,0,2,0,0,0,2,2,0,0,0,0,0,0,0,1,4,0,2,2,1,0,0,0,0,0,0,0,0,0,0,0,0,0,0,0,3,0,1,0,1,0,2,1,0,0,0,1,0,0,0,0,0,0,0,0,0,3,0,2,0,6,6,0,0,0,0,0,1,15,3,0,1,3,0,0,0,1,1,0,0,1,1,0,0,0,0,0,0,0,0,0,6,0,0,0,1,0,0,0,0,0,6,0,0,0,0
"InChI=1S/C11H14ClNO/c1-7-5-4-6-9(8(7)2)10(12)11(14)13-3/h4-6,10H,1-3H3,(H,13,14)",1,1,4,0,0,0,0,0,0,0,0,0,0,0,0,0,0,0,0,0,0,0,0,0,0,0,0,0,0,0,0,0,0,0,0,1,0,1,0,0,0,0,0,0,0,0,0,0,0,0,0,1,1,0,0,0,1,0,0,0,0,0,0,0,0,1,4,1,0,0,0,0,0,0,0,0,0,0,0,0,0,0,1,0,0,0,0,0,0,0,1,0,0,1,0,0,0,0,1,1,0,0,0,0,0,0,0,0,0,0,0,6,6,0,0,0,0,0,0,0,0,0,3,0,0,0,0,3,1,0,0,1,3,0,0,0,0,0,0,0,0,1,6,0,0,0,1,0,0,0,0,0,6,0,0,0,0
"InChI=1S/C11H14ClNO/c1-6-4-8(12)5-9-10(13-3)7(2)14-11(6)9/h4-5,7,10,13H,1-3H3",1,1,5,0,0,0,0,0,0,0,0,0,0,0,0,0,0,0,0,0,1,0,1,0,0,0,0,0,0,0,0,0,0,0,0,1,0,1,0,0,0,0,0,0,0,0,0,0,0,0,0,0,2,0,0,0,2,0,0,0,0,0,0,0,1,1,6,0,0,2,1,0,0,0,0,0,0,0,0,0,0,0,0,1,0,0,0,0,1,0,1,0,2,0,0,0,0,2,0,0,0,0,1,0,0,0,0,0,0,0,1,6,6,0,0,0,0,1,0,0,0,0,3,0,0,0,0,3,1,0,0,1,1,2,0,0,0,0,0,0,0,0,9,0,0,1,1,0,0,0,0,0,7,2,0,0,0
"InChI=1S/C11H14ClNO/c1-9-3-5-10(6-4-9)11(14)13-8-2-7-12/h3-6H,2,7-8H2,1H3,(H,13,14)",1,1,4,0,0,0,0,0,0,0,0,0,0,0,0,0,0,0,0,0,1,0,0,0,0,0,0,0,0,0,0,0,0,6,0,0,0,1,0,0,0,3,0,0,0,0,0,0,0,0,0,0,2,0,0,1,0,3,0,18,0,0,18,0,0,1,4,0,0,0,1,0,0,0,0,0,0,0,0,0,0,0,1,0,0,0,3,3,1,0,1,1,0,0,0,0,0,0,1,1,0,0,0,0,0,0,0,0,0,0,0,6,6,0,0,0,0,0,0,18,3,0,1,0,0,0,0,1,1,0,0,1,3,0,0,0,0,0,0,0,0,0,6,0,0,0,1,0,0,0,0,0,6,0,0,0,0
"InChI=1S/C11H14ClNO/c1-8-2-3-10(12)11(4-8)14-7-9-5-13-6-9/h2-4,9,13H,5-7H2,1H3",1,1,5,0,0,0,0,0,0,0,0,0,0,0,0,0,0,0,0,0,1,1,0,0,0,0,0,0,0,0,0,0,0,9,0,0,0,1,0,0,0,0,0,0,0,0,0,0,1,0,0,0,2,0,0,0,2,10,0,0,0,12,0,0,1,1,6,0,0,0,1,2,0,0,0,0,0,0,0,0,0,0,0,0,0,0,6,0,1,1,1,0,2,1,0,0,0,1,0,0,0,0,2,0,0,0,0,3,0,2,0,6,6,0,0,0,0,1,0,8,6,1,1,0,0,0,0,1,1,0,0,1,1,2,0,0,0,0,0,0,0,0,10,0,1,0,1,0,0,0,0,0,18,0,0,0,0
"InChI=1S/C11H14ClNO/c12-9-6-7-10(13-11(9)14)8-4-2-1-3-5-8/h6-8H,1-5H2,(H,13,14)",1,1,6,0,0,0,0,0,0,0,0,0,0,0,0,0,0,0,0,0,0,0,0,0,0,0,0,0,0,0,0,0,0,0,0,0,0,1,0,0,0,0,0,0,0,0,0,0,1,0,0,0,0,0,0,0,1,0,0,36,33,26,36,0,1,1,2,0,0,0,0,0,0,0,0,0,0,0,0,0,0,0,1,0,0,0,0,0,0,1,1,0,2,1,0,0,0,0,1,1,0,0,0,0,0,0,0,0,0,2,0,6,4,0,0,0,0,1,0,5,0,0,0,0,0,0,0,0,1,0,0,1,1,2,0,0,0,0,0,2,0,1,12,0,0,0,2,0,0,0,1,1,28,0,0,0,0
"InChI=1S/C11H14ClNO/c12-7-9-2-1-3-10(6-9)13-11-4-5-14-8-11/h1-3,6,11,13H,4-5,7-8H2",1,1,5,0,0,0,0,0,0,0,0,0,0,0,0,0,0,0,0,0,1,0,1,0,0,0,0,0,0,0,0,0,0,9,0,0,0,1,0,0,0,6,0,0,0,0,0,0,0,0,0,0,2,0,0,0,2,3,6,9,14,4,9,0,1,1,4,0,2,4,1,0,0,0,0,0,0,0,0,0,0,0,0,1,0,0,0,6,1,0,1,0,0,0,0,0,0,0,0,0,0,0,1,0,0,0,0,6,3,0,1,6,6,0,0,0,0,1,0,9,0,1,0,0,0,0,0,0,1,0,0,1,3,0,0,0,0,0,0,0,0,0,11,0,0,1,1,0,0,0,0,0,18,0,0,0,0
"InChI=1S/C11H14ClNO/c1-7-5-11(14)8(6-9(7)12)10-3-2-4-13-10/h5-6,10,13-14H,2-4H2,1H3",1,1,5,0,0,0,0,0,0,0,0,0,0,0,0,0,0,0,0,0,1,0,1,0,0,0,0,0,0,0,0,0,0,3,0,0,0,2,0,0,1,6,0,0,0,0,0,0,0,0,0,0,2,0,0,0,1,5,5,18,8,8,18,0,1,1,6,0,0,0,1,2,0,0,0,0,0,0,0,0,0,0,0,0,0,0,3,6,1,1,1,0,2,1,0,0,0,1,0,0,0,0,1,0,0,0,0,0,0,2,0,6,6,0,0,0,0,1,0,3,3,0,1,0,0,0,0,1,1,0,0,1,1,2,0,0,0,0,0,0,0,1,11,0,0,1,1,0,0,0,0,1,22,0,0,0,0
"InChI=1S/C11H14ClNO/c1-8-2-3-9(12)6-11(8)14-10-4-5-13-7-10/h2-3,6,10,13H,4-5,7H2,1H3",1,1,5,0,0,0,0,0,0,0,0,0,0,0,0,0,0,0,0,0,1,0,1,0,0,0,0,0,0,0,0,0,0,6,0,0,0,1,0,0,0,3,0,0,0,0,0,0,0,0,0,0,2,0,0,0,2,3,4,9,14,4,9,0,1,1,6,0,0,0,1,2,0,0,0,0,0,0,0,0,0,0,0,1,0,0,6,3,1,1,1,0,2,1,0,0,0,2,0,0,0,0,1,0,0,0,0,0,6,4,0,6,6,0,0,0,0,1,0,3,6,1,1,0,0,0,0,1,1,0,0,1,1,2,0,0,0,0,0,0,0,0,11,0,0,1,1,0,0,0,0,0,22,0,0,0,0
"InChI=1S/C11H14ClNO/c1-13-7-6-11(8-13)14-10-4-2-9(12)3-5-10/h2-5,11H,6-8H2,1H3",1,1,5,0,0,0,0,0,0,0,0,0,0,0,0,0,0,0,0,0,1,0,1,0,0,0,0,0,0,0,0,0,0,6,0,1,0,0,0,0,0,0,0,0,0,0,0,0,0,0,0,0,3,0,1,0,2,0,0,9,14,4,9,3,1,1,9,0,0,0,1,2,0,0,0,0,0,0,0,0,0,0,0,1,0,0,6,3,0,1,1,0,2,1,0,0,0,2,0,0,0,0,1,0,0,0,0,0,6,4,0,6,6,0,0,0,0,1,0,3,0,3,1,0,6,3,0,1,1,0,0,1,1,2,0,0,0,0,0,0,0,0,11,0,0,1,1,0,0,0,0,0,22,0,0,0,0
"InChI=1S/C11H14ClNO/c1-7(2)9-6-13-11(12)5-10(9)14-8-3-4-8/h5-8H,3-4H2,1-2H3",1,1,6,0,0,0,0,0,0,0,0,0,0,0,0,0,0,0,0,0,0,0,0,0,0,0,0,0,0,0,0,0,0,0,0,0,0,0,0,0,0,0,0,0,0,0,0,0,1,0,0,0,0,0,0,0,2,0,0,8,0,0,8,0,1,1,2,0,0,0,0,0,0,0,0,0,0,0,0,0,0,0,0,0,0,0,0,0,0,1,1,0,2,1,0,0,0,2,0,0,0,0,2,0,0,0,0,0,5,4,0,6,4,0,0,0,0,1,0,2,0,0,2,0,0,0,1,2,1,0,0,1,1,2,0,0,0,0,0,2,0,0,9,1,0,0,1,0,0,0,1,0,16,0,0,0,0
"InChI=1S/C11H14ClNO/c12-11-5-10(4-3-9(11)6-13)14-7-8-1-2-8/h3-5,8H,1-2,6-7,13H2",1,1,5,0,0,0,0,0,0,0,0,0,0,0,0,0,0,0,0,0,1,0,0,0,0,0,0,0,0,0,0,0,0,6,0,0,0,1,0,0,0,0,0,0,0,0,0,0,1,0,0,0,1,0,0,0,2,0,0,8,12,0,8,0,0,1,3,0,0,0,1,0,0,0,0,0,0,0,0,0,0,0,0,0,0,0,3,0,1,0,1,0,2,1,0,0,0,1,0,0,0,0,0,0,0,0,0,3,0,2,0,6,6,0,0,0,0,0,0,14,3,0,0,0,0,0,0,0,1,0,0,1,1,2,0,0,0,0,0,0,1,0,9,1,0,0,1,0,0,0,0,0,18,0,0,0,0
"InChI=1S/C11H14ClNO/c1-6-5-10(12)11(9(4)13-14)8(3)7(6)2/h5,14H,1-4H3",1,1,4,0,0,0,0,0,0,0,0,0,0,0,0,0,0,0,0,0,0,0,0,0,0,1,0,1,0,0,1,0,1,0,0,0,0,1,0,0,0,0,0,0,0,0,0,0,0,0,0,1,0,0,0,0,0,0,0,0,0,0,0,0,0,1,1,1,0,0,0,0,0,0,0,0,0,0,0,0,0,1,0,0,0,1,0,0,0,0,1,0,0,1,0,0,0,0,0,0,0,0,0,0,0,0,0,0,0,0,0,6,6,0,0,0,0,0,0,0,0,0,4,0,0,0,0,4,1,0,0,1,1,2,0,0,0,0,0,0,0,1,6,0,0,0,1,0,0,0,0,0,6,0,0,0,0
"InChI=1S/C11H14ClNO/c1-7-6-10(13-2)8-4-3-5-9(12)11(8)14-7/h3-5,7,10,13H,6H2,1-2H3",1,1,5,0,0,0,0,0,0,0,0,0,0,0,0,0,0,0,0,0,1,0,0,0,0,0,0,0,0,0,0,0,0,0,0,1,0,1,0,0,0,3,0,0,0,0,0,0,0,0,0,0,2,0,0,0,2,0,0,0,0,0,0,3,1,1,6,0,0,2,1,0,0,0,0,0,0,0,0,0,0,0,0,0,0,0,0,3,1,0,1,0,2,0,0,0,0,2,0,0,0,0,2,0,0,0,0,0,3,0,1,6,6,0,0,0,0,1,0,1,0,0,2,0,3,0,0,2,1,0,0,1,1,2,0,0,0,0,0,0,0,0,10,0,0,0,2,0,0,0,1,0,11,2,0,0,0
"InChI=1S/C11H14ClNO/c1-7-5-11(13-9(3)14)8(2)4-10(7)6-12/h4-5H,6H2,1-3H3,(H,13,14)",1,1,4,0,0,0,0,0,0,0,0,0,0,0,0,0,0,0,0,0,0,0,0,0,0,0,0,0,0,0,0,0,0,3,0,0,0,1,0,0,0,0,0,0,0,0,0,0,0,0,0,1,1,0,0,0,1,0,0,0,0,0,0,3,0,1,2,1,2,2,0,0,0,0,0,0,0,0,0,0,0,0,1,0,0,0,0,0,0,0,1,0,0,1,0,0,0,0,1,1,0,0,0,0,0,0,0,0,0,0,0,6,6,0,0,0,0,0,0,6,0,0,3,0,0,3,0,3,1,0,0,1,3,0,0,0,0,0,0,0,0,1,6,0,0,0,1,0,0,0,0,0,6,0,0,0,0
"InChI=1S/C11H14ClNO/c1-2-13-7-9-6-8-4-3-5-10(12)11(8)14-9/h3-5,9,13H,2,6-7H2,1H3",1,1,5,0,0,0,0,0,0,0,0,0,0,0,0,0,0,0,0,0,1,0,1,0,0,0,0,0,0,0,0,0,0,6,0,0,0,1,0,0,0,0,0,0,0,0,0,0,0,0,0,0,2,0,0,0,2,3,0,0,0,9,0,3,1,1,6,0,0,0,1,0,0,0,0,0,0,0,0,0,0,0,0,1,0,0,6,0,1,0,1,0,2,0,0,0,0,2,0,0,0,0,0,0,0,0,0,0,6,0,1,6,6,0,0,0,0,1,0,13,6,1,1,3,0,0,0,1,1,0,0,1,1,2,0,0,0,0,0,0,0,0,9,0,0,1,1,0,0,0,0,0,7,2,0,0,0
"InChI=1S/C11H14ClNO/c1-3-4-8(2)11(14)9-5-6-13-7-10(9)12/h5-8H,3-4H2,1-2H3",1,1,5,0,0,0,0,0,0,0,0,0,0,0,0,0,0,0,0,0,0,0,0,0,0,0,0,0,0,0,0,0,0,0,0,0,0,0,0,0,0,0,0,0,0,0,0,0,1,0,0,0,0,0,0,1,0,0,0,9,0,0,9,3,1,1,2,0,0,0,0,0,0,0,0,0,0,0,0,0,0,0,0,0,0,0,0,0,0,1,1,1,0,0,0,0,0,1,0,0,0,0,0,0,0,0,0,0,0,0,0,6,4,0,0,0,0,1,0,12,0,0,2,3,6,0,0,2,1,0,0,1,1,2,0,0,0,0,0,2,0,0,6,0,0,0,1,0,0,0,1,0,4,0,0,0,0
"InChI=1S/C11H14ClNO/c1-13(11(14)9-12)8-7-10-5-3-2-4-6-10/h2-6H,7-9H2,1H3",1,1,4,0,0,0,0,0,0,0,0,0,0,0,0,0,0,0,0,0,1,0,0,0,0,0,0,0,0,0,0,0,0,6,0,1,0,0,0,0,0,0,0,0,0,0,0,0,0,0,0,0,3,0,1,1,0,0,0,9,9,9,9,6,0,1,7,0,0,0,1,0,0,0,0,0,0,0,0,0,0,0,1,0,0,0,3,6,0,0,1,1,0,0,0,0,0,0,1,1,0,0,0,0,0,0,0,0,3,0,0,6,6,0,0,0,0,0,0,18,0,1,1,0,3,0,0,1,1,0,0,1,3,0,0,0,0,0,0,0,0,0,6,0,0,0,1,0,0,0,0,0,6,0,0,0,0
"InChI=1S/C11H14ClNO/c12-8-4-7-11(14)13-9-10-5-2-1-3-6-10/h1-3,5-6H,4,7-9H2,(H,13,14)",1,1,4,0,0,0,0,0,0,0,0,0,0,0,0,0,0,0,0,0,0,0,0,0,0,0,0,0,0,0,0,0,0,6,0,0,0,1,0,0,0,3,0,0,0,0,0,0,0,0,0,1,1,0,0,0,1,6,3,18,9,9,18,0,0,1,4,1,0,0,0,0,0,0,0,0,0,0,0,0,0,0,1,0,0,0,3,3,0,0,1,0,0,1,0,0,0,0,1,1,0,0,0,0,0,0,0,0,3,0,0,6,6,0,0,0,0,0,0,24,0,0,0,0,0,0,0,0,1,0,0,1,3,0,0,0,0,0,0,0,0,1,6,0,0,0,1,0,0,0,0,0,6,0,0,0,0
"InChI=1S/C11H14ClNO/c1-11(2,3)6-10(14)8-4-5-13-7-9(8)12/h4-5,7H,6H2,1-3H3",1,1,5,0,0,0,0,0,0,0,0,0,0,0,0,0,0,0,0,0,0,0,0,0,0,0,0,0,0,0,0,0,0,0,0,0,0,0,0,0,0,0,0,0,0,0,0,0,1,0,0,0,0,0,0,1,0,0,0,0,0,0,0,0,1,1,2,0,0,0,0,0,0,0,0,0,0,0,0,0,0,0,0,0,0,0,0,0,0,1,1,1,0,0,0,0,0,1,0,0,0,0,0,0,0,0,0,0,3,0,0,6,4,0,0,0,0,1,0,6,0,0,3,0,9,0,3,3,1,0,0,1,1,2,0,0,0,0,0,2,0,0,6,0,0,0,1,0,0,0,1,0,4,0,0,0,0
"InChI=1S/C11H14ClNO/c1-10(12)7-8-13(14)9-11-5-3-2-4-6-11/h2-6,8,10H,7,9H2,1H3",1,1,4,0,0,0,0,0,0,0,0,0,0,0,0,0,0,0,0,0,1,0,0,0,0,1,0,0,0,0,1,0,1,3,0,0,0,0,0,0,0,0,0,0,0,0,0,0,0,0,0,1,1,0,0,0,0,0,0,0,9,0,0,0,0,1,4,2,0,0,1,0,0,0,0,0,0,0,0,0,0,1,0,0,1,0,3,3,0,0,1,1,0,0,0,0,0,0,0,0,0,0,0,1,0,0,0,0,3,0,0,6,6,0,0,0,0,0,0,12,0,0,1,0,3,0,0,1,1,0,0,1,3,0,0,0,0,0,0,0,0,0,6,0,0,0,1,0,0,0,0,0,6,0,0,0,0
"InChI=1S/C11H14ClNO/c1-9(14)13-7-6-10-2-4-11(8-12)5-3-10/h2-5H,6-8H2,1H3,(H,13,14)",1,1,4,0,0,0,0,0,0,0,0,0,0,0,0,0,0,0,0,0,0,0,0,0,0,0,0,0,0,0,0,0,0,6,0,0,0,1,0,0,0,0,0,0,0,0,0,0,0,0,0,1,1,0,0,0,1,3,3,9,0,0,9,3,0,1,4,1,0,0,0,0,0,0,0,0,0,0,0,0,0,0,1,0,0,0,3,3,0,0,1,0,0,1,0,0,0,0,1,1,0,0,0,0,0,0,0,0,0,0,0,6,6,0,0,0,0,0,0,18,0,0,1,0,0,3,0,1,1,0,0,1,3,0,0,0,0,0,0,0,0,1,6,0,0,0,1,0,0,0,0,0,6,0,0,0,0
"InChI=1S/C11H14ClNO/c1-11(6-7-13-8-14-11)9-2-4-10(12)5-3-9/h2-5,13H,6-8H2,1H3",1,1,5,0,0,0,0,0,0,0,0,0,0,0,0,0,0,0,0,0,1,0,0,0,0,0,0,0,0,0,0,0,0,8,1,0,0,1,0,0,0,3,0,0,0,0,0,0,1,0,0,0,2,0,0,0,2,0,3,9,17,8,9,6,2,1,6,0,0,0,1,2,0,0,0,0,0,0,0,0,0,0,1,0,0,0,6,3,1,1,1,0,0,0,0,0,0,3,1,0,0,0,1,0,0,0,0,3,3,0,1,6,6,0,0,0,0,2,0,3,6,1,1,0,3,0,0,1,1,0,0,1,1,2,0,0,0,0,0,0,0,0,12,0,0,0,2,0,0,0,1,1,18,0,0,0,0
"InChI=1S/C11H14ClNO/c1-3-9-11(13-2)8-6-7(12)4-5-10(8)14-9/h4-6,9,11,13H,3H2,1-2H3",1,1,5,0,0,0,0,0,0,0,0,0,0,0,0,0,0,0,0,0,1,0,1,0,0,0,0,0,0,0,0,0,0,0,0,1,0,1,0,0,0,0,0,0,0,0,0,0,0,0,0,0,2,0,0,0,2,3,0,0,0,0,0,0,1,1,6,0,0,2,1,0,0,0,0,0,0,0,0,0,0,0,0,1,0,0,0,0,1,0,1,0,2,0,0,0,0,2,0,0,0,0,1,0,0,0,0,0,3,0,1,6,6,0,0,0,0,1,0,6,0,0,2,3,0,3,0,2,1,0,0,1,1,2,0,0,0,0,0,0,0,0,9,0,0,1,1,0,0,0,0,0,7,2,0,0,0
"InChI=1S/C11H14ClNO/c1-9(8-13-11(14)7-12)10-5-3-2-4-6-10/h2-6,9H,7-8H2,1H3,(H,13,14)",1,1,4,0,0,0,0,0,0,0,0,0,0,0,0,0,0,0,0,0,0,0,0,0,0,0,0,0,0,0,0,0,0,6,0,0,0,1,0,0,0,3,0,0,0,0,0,0,1,0,0,1,1,0,0,0,1,3,0,0,9,0,0,0,0,1,4,1,0,0,0,0,0,0,0,0,0,0,0,0,0,0,1,0,0,0,3,3,0,0,1,0,0,1,0,0,0,0,1,1,0,0,0,0,0,0,0,0,3,0,0,6,6,0,0,0,0,0,0,12,0,0,1,0,3,0,0,1,1,0,0,1,3,0,0,0,0,0,0,0,0,1,6,0,0,0,1,0,0,0,0,0,6,0,0,0,0
"InChI=1S/C11H14ClNO/c1-11(2,3)7-9(14)8-4-5-13-10(12)6-8/h4-6H,7H2,1-3H3",1,1,5,0,0,0,0,0,0,0,0,0,0,0,0,0,0,0,0,0,0,0,0,0,0,0,0,0,0,0,0,0,0,0,0,0,0,0,0,0,0,0,0,0,0,0,0,0,1,0,0,0,0,0,0,1,0,0,0,0,0,0,0,0,1,1,2,0,0,0,0,0,0,0,0,0,0,0,0,0,0,0,0,0,0,0,0,0,0,1,1,1,0,0,0,0,0,1,0,0,0,0,0,0,0,0,0,0,3,0,0,6,4,0,0,0,0,1,0,6,0,0,3,0,9,0,3,3,1,0,0,1,1,2,0,0,0,0,0,2,0,0,6,0,0,0,1,0,0,0,1,0,4,0,0,0,0
"InChI=1S/C11H14ClNO/c1-3-4-8(2)11(14)9-5-6-13-10(12)7-9/h5-8H,3-4H2,1-2H3",1,1,5,0,0,0,0,0,0,0,0,0,0,0,0,0,0,0,0,0,0,0,0,0,0,0,0,0,0,0,0,0,0,0,0,0,0,0,0,0,0,0,0,0,0,0,0,0,1,0,0,0,0,0,0,1,0,0,0,9,0,0,9,3,1,1,2,0,0,0,0,0,0,0,0,0,0,0,0,0,0,0,0,0,0,0,0,0,0,1,1,1,0,0,0,0,0,1,0,0,0,0,0,0,0,0,0,0,0,0,0,6,4,0,0,0,0,1,0,12,0,0,2,3,6,0,0,2,1,0,0,1,1,2,0,0,0,0,0,2,0,0,6,0,0,0,1,0,0,0,1,0,4,0,0,0,0
"InChI=1S/C11H14ClNO/c1-7-5-10(9(3)13-14-4)11(12)6-8(7)2/h5-6H,1-4H3",1,1,4,0,0,0,0,0,0,0,0,0,0,0,0,0,0,0,0,0,0,0,0,0,0,1,0,0,0,0,1,0,1,0,0,1,0,0,0,0,0,0,0,0,0,0,0,0,0,0,0,1,0,0,0,0,1,0,0,0,0,0,0,0,0,1,1,1,0,0,0,0,0,0,0,0,0,0,0,0,0,1,0,0,0,1,0,0,0,0,1,0,0,1,0,0,0,0,0,0,0,0,0,0,0,0,0,0,0,0,0,6,6,0,0,0,0,0,0,0,0,0,4,0,0,0,0,4,1,0,0,1,1,2,0,0,0,0,0,0,0,0,6,0,0,0,1,0,0,0,0,0,6,0,0,0,0
"InChI=1S/C11H14ClNO/c1-3-5-8-6-13-11(12)10(7-14)9(8)4-2/h6-7H,3-5H2,1-2H3",1,1,5,0,0,0,0,0,0,0,0,0,0,0,0,0,0,0,0,0,0,0,0,0,0,0,0,0,0,0,0,0,0,0,0,0,0,0,0,0,0,0,0,0,0,0,0,0,0,0,0,0,0,0,0,1,0,0,0,9,9,9,9,0,1,1,2,0,0,0,0,0,0,0,0,0,0,0,0,0,0,0,0,0,0,0,0,0,0,1,1,1,0,0,0,0,0,0,0,0,0,0,1,0,0,0,0,0,0,0,0,6,4,0,0,0,0,1,0,18,0,0,2,6,3,3,0,2,1,0,0,1,1,2,0,0,0,0,0,2,0,0,6,0,0,0,1,0,0,0,1,0,4,0,0,0,0
"InChI=1S/C11H14ClNO/c12-10-4-2-1-3-9(10)11(13)7-8(11)5-6-14/h1-4,8,14H,5-7,13H2",1,1,5,0,0,0,0,0,0,0,0,0,0,0,0,0,0,0,0,0,1,0,0,0,0,0,0,0,0,0,0,0,0,3,0,0,0,2,0,0,0,6,0,0,0,0,0,0,2,0,0,0,1,0,0,0,1,5,9,9,15,6,9,0,0,1,3,0,0,2,1,0,0,0,0,0,0,0,0,0,0,0,0,0,0,0,0,3,1,0,1,0,0,1,0,0,0,0,0,0,0,0,0,0,0,0,0,3,3,0,0,6,6,0,0,0,0,0,0,13,3,0,0,0,0,0,0,0,1,0,0,1,1,2,0,0,0,0,0,0,1,1,9,1,0,0,1,0,0,0,0,1,18,0,0,0,0
"InChI=1S/C11H14ClNO/c12-10-4-2-9(3-5-10)11(13)6-1-7-14-8-11/h2-5H,1,6-8,13H2",1,1,5,0,0,0,0,0,0,0,0,0,0,0,0,0,0,0,0,0,1,0,0,0,0,0,0,0,0,0,0,0,0,6,0,0,0,1,0,0,0,6,0,0,0,0,0,0,1,0,0,0,1,0,0,0,2,3,6,18,17,18,18,0,1,1,3,0,0,2,1,0,0,0,0,0,0,0,0,0,0,0,0,1,0,0,0,6,1,0,1,0,0,0,0,0,0,0,0,0,0,0,0,0,0,0,0,6,3,0,1,6,6,0,0,0,0,1,0,4,0,1,0,0,0,0,0,0,1,0,0,1,1,2,0,0,0,0,0,0,1,0,12,0,0,0,2,0,0,0,1,1,22,0,0,0,0
"InChI=1S/C11H14ClNO/c1-11(2,3)10(14)7-9-8(12)5-4-6-13-9/h4-6H,7H2,1-3H3",1,1,5,0,0,0,0,0,0,0,0,0,0,0,0,0,0,0,0,0,0,0,0,0,0,0,0,0,0,0,0,0,0,0,0,0,0,0,0,0,0,0,0,0,0,0,0,0,1,0,0,0,0,0,0,1,0,0,0,0,0,0,0,9,1,1,2,0,0,0,0,0,0,0,0,0,0,0,0,0,0,0,0,0,0,0,0,3,0,1,1,1,0,0,0,0,0,1,0,0,0,0,1,0,0,0,0,0,3,0,0,6,4,0,0,0,0,1,0,6,0,0,3,0,0,0,3,3,1,0,0,1,1,2,0,0,0,0,0,2,0,0,6,0,0,0,1,0,0,0,1,0,4,0,0,0,0
"InChI=1S/C11H14ClNO/c12-7-9-13-8-6-11(14)10-4-2-1-3-5-10/h1-5,13H,6-9H2",1,1,4,0,0,0,0,0,0,0,0,0,0,0,0,0,0,0,0,0,1,0,0,0,0,0,0,0,0,0,0,0,0,9,0,0,0,1,0,0,0,6,0,0,0,0,0,0,0,0,0,0,2,0,0,1,0,0,0,18,18,9,18,0,0,1,6,0,0,0,1,0,0,0,0,0,0,0,0,0,0,0,0,0,0,0,6,6,1,0,1,1,0,0,0,0,0,1,0,0,0,0,1,0,0,0,0,0,3,0,0,6,6,0,0,0,0,0,0,24,6,1,0,0,0,0,0,0,1,0,0,1,3,0,0,0,0,0,0,0,0,0,6,0,0,0,1,0,0,0,0,0,6,0,0,0,0
"InChI=1S/C11H14ClNO/c1-13(2)10-5-6-14-11-4-3-8(12)7-9(10)11/h3-4,7,10H,5-6H2,1-2H3",1,1,5,0,0,0,0,0,0,0,0,0,0,0,0,0,0,0,0,0,1,0,0,0,0,0,0,0,0,0,0,0,0,3,0,2,0,0,0,0,0,0,0,0,0,0,0,0,0,0,0,0,3,0,1,0,2,0,0,9,0,0,9,6,1,1,9,0,0,2,1,0,0,0,0,0,0,0,0,0,0,0,0,0,0,0,0,3,0,0,1,0,2,0,0,0,0,1,0,0,0,0,2,0,0,0,0,3,3,0,1,6,6,0,0,0,0,1,0,2,0,1,2,0,0,6,1,2,1,0,0,1,1,2,0,0,0,0,0,0,0,0,10,0,0,0,2,0,0,0,1,0,11,2,0,0,0
"InChI=1S/C11H14ClNO/c1-14-11-6-5-9(8-10(11)12)4-2-3-7-13/h2,4-6,8H,3,7,13H2,1H3",1,1,3,0,0,0,0,0,0,0,0,0,0,0,0,0,0,0,0,0,1,0,0,0,0,0,0,0,0,0,0,0,0,3,0,1,0,1,0,0,0,3,0,1,2,0,0,0,0,0,0,0,1,0,0,0,2,0,0,9,0,0,9,0,0,1,3,0,0,0,1,0,0,0,0,0,0,0,0,0,0,0,0,0,0,0,3,3,1,0,1,0,2,1,0,0,0,1,0,0,0,0,0,0,0,0,0,0,0,2,0,6,6,0,0,0,0,0,0,12,3,0,1,0,0,0,0,1,1,0,0,1,1,2,0,0,0,0,0,0,1,0,6,0,0,0,1,0,0,0,0,0,6,0,0,0,0
"InChI=1S/C11H14ClNO/c12-11-9-13(6-7-14-11)8-10-4-2-1-3-5-10/h1-5,11H,6-9H2",1,1,5,0,0,0,0,0,0,0,0,0,0,0,0,0,0,0,0,0,1,0,0,0,0,0,0,0,0,0,0,0,0,12,0,0,0,0,0,0,0,0,0,0,0,0,0,0,0,0,0,0,3,0,1,0,2,0,0,9,26,8,9,0,2,1,9,0,0,0,1,2,0,0,0,0,0,0,0,0,0,0,0,2,0,0,9,3,0,1,1,0,0,0,0,0,0,0,0,0,0,0,0,0,0,0,0,3,6,0,1,6,6,0,0,0,0,2,0,9,0,3,0,0,0,0,0,0,1,0,0,1,3,2,0,0,0,0,0,0,0,0,12,0,0,0,2,0,0,0,1,0,18,0,0,0,0
"InChI=1S/C11H14ClNO/c1-13-6-5-11(8-13)14-10-4-2-3-9(12)7-10/h2-4,7,11H,5-6,8H2,1H3",1,1,5,0,0,0,0,0,0,0,0,0,0,0,0,0,0,0,0,0,1,0,1,0,0,0,0,0,0,0,0,0,0,6,0,1,0,0,0,0,0,0,0,0,0,0,0,0,0,0,0,0,3,0,1,0,2,0,0,9,14,4,9,3,1,1,9,0,0,0,1,2,0,0,0,0,0,0,0,0,0,0,0,1,0,0,6,3,0,1,1,0,2,1,0,0,0,2,0,0,0,0,1,0,0,0,0,0,6,4,0,6,6,0,0,0,0,1,0,3,0,3,1,0,6,3,0,1,1,0,0,1,1,2,0,0,0,0,0,0,0,0,11,0,0,1,1,0,0,0,0,0,22,0,0,0,0
"InChI=1S/C11H14ClNO/c1-3-8-10(13)9-7(12)5-4-6(2)11(9)14-8/h4-5,8,10H,3,13H2,1-2H3",1,1,5,0,0,0,0,0,0,0,0,0,0,0,0,0,0,0,0,0,1,0,1,0,0,0,0,0,0,0,0,0,0,0,0,0,0,1,0,0,0,0,0,0,0,0,0,0,0,0,0,0,1,0,0,0,2,3,0,0,0,0,0,0,1,1,3,0,0,2,1,0,0,0,0,0,0,0,0,0,0,0,0,1,0,0,0,0,1,0,1,0,2,0,0,0,0,2,0,0,0,0,1,0,0,0,0,0,3,0,1,6,6,0,0,0,0,1,0,6,0,0,2,3,0,0,0,2,1,0,0,1,1,2,0,0,0,0,0,0,1,0,9,0,0,1,1,0,0,0,0,0,7,2,0,0,0
"InChI=1S/C11H14ClNO/c12-10-5-2-1-4-9(10)11(13)6-3-7-14-8-11/h1-2,4-5H,3,6-8,13H2",1,1,5,0,0,0,0,0,0,0,0,0,0,0,0,0,0,0,0,0,1,0,0,0,0,0,0,0,0,0,0,0,0,6,0,0,0,1,0,0,0,6,0,0,0,0,0,0,1,0,0,0,1,0,0,0,2,3,6,18,17,18,18,0,1,1,3,0,0,2,1,0,0,0,0,0,0,0,0,0,0,0,0,1,0,0,0,6,1,0,1,0,0,0,0,0,0,0,0,0,0,0,0,0,0,0,0,6,3,0,1,6,6,0,0,0,0,1,0,4,0,1,0,0,0,0,0,0,1,0,0,1,1,2,0,0,0,0,0,0,1,0,12,0,0,0,2,0,0,0,1,1,22,0,0,0,0
"InChI=1S/C11H14ClNO/c1-14-10-4-3-8(12)7-9(10)11(13)5-2-6-11/h3-4,7H,2,5-6,13H2,1H3",1,1,5,0,0,0,0,0,0,0,0,0,0,0,0,0,0,0,0,0,1,0,0,0,0,0,0,0,0,0,0,0,0,0,0,1,0,1,0,0,0,6,0,0,0,0,0,0,1,0,0,0,1,0,0,0,2,5,4,17,8,0,17,0,0,1,3,0,0,2,1,0,0,0,0,0,0,0,0,0,0,0,0,0,0,0,0,6,1,0,1,0,2,1,0,0,0,1,0,0,0,0,1,0,0,0,0,0,0,2,0,6,6,0,0,0,0,0,0,3,0,0,1,0,0,0,0,1,1,0,0,1,1,2,0,0,0,0,0,0,1,0,10,0,1,0,1,0,0,0,0,1,22,0,0,0,0
"InChI=1S/C11H14ClNO/c1-13-11(14)10(12)8-7-9-5-3-2-4-6-9/h2-6,10H,7-8H2,1H3,(H,13,14)",1,1,4,0,0,0,0,0,0,0,0,0,0,0,0,0,0,0,0,0,0,0,0,0,0,0,0,0,0,0,0,0,0,0,0,1,0,1,0,0,0,0,0,0,0,0,0,0,0,0,0,1,1,0,0,0,1,3,3,9,0,0,9,0,0,1,4,1,0,0,0,0,0,0,0,0,0,0,0,0,0,0,1,0,0,0,0,0,0,0,1,0,0,1,0,0,0,0,1,1,0,0,0,0,0,0,0,0,0,0,0,6,6,0,0,0,0,0,0,12,0,0,1,0,0,3,0,1,1,0,0,1,3,0,0,0,0,0,0,0,0,1,6,0,0,0,1,0,0,0,0,0,6,0,0,0,0
"InChI=1S/C11H14ClNO/c1-3-9-10(13)8-5-7(12)4-6(2)11(8)14-9/h4-5,9-10H,3,13H2,1-2H3",1,1,5,0,0,0,0,0,0,0,0,0,0,0,0,0,0,0,0,0,1,0,1,0,0,0,0,0,0,0,0,0,0,0,0,0,0,1,0,0,0,0,0,0,0,0,0,0,0,0,0,0,1,0,0,0,2,3,0,0,0,0,0,0,1,1,3,0,0,2,1,0,0,0,0,0,0,0,0,0,0,0,0,1,0,0,0,0,1,0,1,0,2,0,0,0,0,2,0,0,0,0,1,0,0,0,0,0,3,0,1,6,6,0,0,0,0,1,0,6,0,0,2,3,0,0,0,2,1,0,0,1,1,2,0,0,0,0,0,0,1,0,9,0,0,1,1,0,0,0,0,0,7,2,0,0,0
"InChI=1S/C11H14ClNO/c1-6-3-8(12)5-9-10(13)4-7(2)14-11(6)9/h3,5,7,10H,4,13H2,1-2H3",1,1,5,0,0,0,0,0,0,0,0,0,0,0,0,0,0,0,0,0,1,0,0,0,0,0,0,0,0,0,0,0,0,0,0,0,0,1,0,0,0,3,0,0,0,0,0,0,0,0,0,0,1,0,0,0,2,0,0,0,0,0,0,0,1,1,3,0,0,2,1,0,0,0,0,0,0,0,0,0,0,0,0,0,0,0,0,3,1,0,1,0,2,0,0,0,0,2,0,0,0,0,2,0,0,0,0,0,3,0,1,6,6,0,0,0,0,1,0,1,0,0,2,0,3,0,0,2,1,0,0,1,1,2,0,0,0,0,0,0,1,0,10,0,0,0,2,0,0,0,1,0,11,2,0,0,0
"InChI=1S/C11H14ClNO/c1-7(2)10-5-9(6-11(12)13-10)14-8-3-4-8/h5-8H,3-4H2,1-2H3",1,1,6,0,0,0,0,0,0,0,0,0,0,0,0,0,0,0,0,0,0,0,0,0,0,0,0,0,0,0,0,0,0,0,0,0,0,0,0,0,0,0,0,0,0,0,0,0,1,0,0,0,0,0,0,0,2,0,0,8,0,0,8,0,1,1,2,0,0,0,0,0,0,0,0,0,0,0,0,0,0,0,0,0,0,0,0,0,0,1,1,0,2,1,0,0,0,2,0,0,0,0,2,0,0,0,0,0,5,4,0,6,4,0,0,0,0,1,0,2,0,0,2,0,0,0,1,2,1,0,0,1,1,2,0,0,0,0,0,2,0,0,9,1,0,0,1,0,0,0,1,0,16,0,0,0,0
"InChI=1S/C11H14ClNO/c1-9-3-5-10(6-4-9)11(14)13(2)8-7-12/h3-6H,7-8H2,1-2H3",1,1,4,0,0,0,0,0,0,0,0,0,0,0,0,0,0,0,0,0,1,0,0,0,0,0,0,0,0,0,0,0,0,6,0,1,0,0,0,0,0,0,0,0,0,0,0,0,0,0,0,0,3,0,1,1,0,0,0,9,0,0,9,3,0,1,7,0,0,0,1,0,0,0,0,0,0,0,0,0,0,0,1,0,0,0,3,3,0,0,1,1,0,0,0,0,0,0,1,1,0,0,0,0,0,0,0,0,0,0,0,6,6,0,0,0,0,0,0,12,0,1,2,0,3,0,0,2,1,0,0,1,3,0,0,0,0,0,0,0,0,0,6,0,0,0,1,0,0,0,0,0,6,0,0,0,0
"InChI=1S/C11H14ClNO/c1-7(2)9-5-13-6-10(12)11(9)14-8-3-4-8/h5-8H,3-4H2,1-2H3",1,1,6,0,0,0,0,0,0,0,0,0,0,0,0,0,0,0,0,0,0,0,0,0,0,0,0,0,0,0,0,0,0,0,0,0,0,0,0,0,0,0,0,0,0,0,0,0,1,0,0,0,0,0,0,0,2,0,0,8,0,0,8,0,1,1,2,0,0,0,0,0,0,0,0,0,0,0,0,0,0,0,0,0,0,0,0,0,0,1,1,0,2,1,0,0,0,2,0,0,0,0,2,0,0,0,0,0,5,4,0,6,4,0,0,0,0,1,0,2,0,0,2,0,0,0,1,2,1,0,0,1,1,2,0,0,0,0,0,2,0,0,9,1,0,0,1,0,0,0,1,0,16,0,0,0,0
"InChI=1S/C11H14ClNO/c12-8-4-5-9-13-11(14)10-6-2-1-3-7-10/h1-3,6-7H,4-5,8-9H2,(H,13,14)",1,1,4,0,0,0,0,0,0,0,0,0,0,0,0,0,0,0,0,0,0,0,0,0,0,0,0,0,0,0,0,0,0,6,0,0,0,1,0,0,0,0,0,0,0,0,0,0,0,0,0,1,1,0,0,0,1,3,3,27,9,0,27,0,0,1,4,1,0,0,0,0,0,0,0,0,0,0,0,0,0,0,1,0,0,0,3,3,0,0,1,0,0,1,0,0,0,0,1,1,0,0,0,0,0,0,0,0,0,0,0,6,6,0,0,0,0,0,0,24,0,0,0,0,0,0,0,0,1,0,0,1,3,0,0,0,0,0,0,0,0,1,6,0,0,0,1,0,0,0,0,0,6,0,0,0,0
"InChI=1S/C11H14ClNO/c1-14-11-3-2-8(5-10(11)12)4-9-6-13-7-9/h2-3,5,9,13H,4,6-7H2,1H3",1,1,5,0,0,0,0,0,0,0,0,0,0,0,0,0,0,0,0,0,1,1,0,0,0,0,0,0,0,0,0,0,0,6,0,1,0,1,0,0,0,0,0,0,0,0,0,0,1,0,0,0,2,0,0,0,2,10,0,0,0,12,0,0,1,1,6,0,0,0,1,2,0,0,0,0,0,0,0,0,0,0,0,0,0,0,6,0,1,1,1,0,2,1,0,0,0,1,0,0,0,0,0,0,0,0,0,0,0,2,0,6,6,0,0,0,0,1,0,8,6,1,1,0,0,0,0,1,1,0,0,1,1,2,0,0,0,0,0,0,0,0,10,0,1,0,1,0,0,0,0,0,18,0,0,0,0
"InChI=1S/C11H14ClNO/c1-14-13-11(8-5-9-12)10-6-3-2-4-7-10/h2-4,6-8,13H,5,9H2,1H3",1,1,3,0,0,0,0,0,0,0,0,0,0,0,0,0,0,0,0,0,1,0,0,0,0,1,0,1,0,0,1,0,1,3,0,1,0,1,0,0,0,0,0,1,2,0,0,0,0,0,1,0,1,0,0,0,1,3,3,9,0,0,9,0,0,1,1,0,0,0,1,0,0,0,0,0,0,0,0,0,0,1,0,0,0,1,0,0,1,0,1,0,0,1,0,0,0,0,0,0,0,0,0,0,0,0,0,0,0,0,0,6,6,0,0,0,0,0,0,12,0,0,1,0,0,0,0,1,1,0,0,1,3,0,0,0,0,0,0,0,0,0,6,0,0,0,1,0,0,0,0,0,6,0,0,0,0
"InChI=1S/C11H14ClNO/c12-10-4-1-3-9(7-10)11(13)5-2-6-14-8-11/h1,3-4,7H,2,5-6,8,13H2",1,1,5,0,0,0,0,0,0,0,0,0,0,0,0,0,0,0,0,0,1,0,0,0,0,0,0,0,0,0,0,0,0,6,0,0,0,1,0,0,0,6,0,0,0,0,0,0,1,0,0,0,1,0,0,0,2,3,6,18,17,18,18,0,1,1,3,0,0,2,1,0,0,0,0,0,0,0,0,0,0,0,0,1,0,0,0,6,1,0,1,0,0,0,0,0,0,0,0,0,0,0,0,0,0,0,0,6,3,0,1,6,6,0,0,0,0,1,0,4,0,1,0,0,0,0,0,0,1,0,0,1,1,2,0,0,0,0,0,0,1,0,12,0,0,0,2,0,0,0,1,1,22,0,0,0,0
"InChI=1S/C11H14ClNO/c1-7-4-5-9(8(2)6-7)10(12)11(14)13-3/h4-6,10H,1-3H3,(H,13,14)",1,1,4,0,0,0,0,0,0,0,0,0,0,0,0,0,0,0,0,0,0,0,0,0,0,0,0,0,0,0,0,0,0,0,0,1,0,1,0,0,0,0,0,0,0,0,0,0,0,0,0,1,1,0,0,0,1,0,0,0,0,0,0,0,0,1,4,1,0,0,0,0,0,0,0,0,0,0,0,0,0,0,1,0,0,0,0,0,0,0,1,0,0,1,0,0,0,0,1,1,0,0,0,0,0,0,0,0,0,0,0,6,6,0,0,0,0,0,0,0,0,0,3,0,0,0,0,3,1,0,0,1,3,0,0,0,0,0,0,0,0,1,6,0,0,0,1,0,0,0,0,0,6,0,0,0,0
"InChI=1S/C11H14ClNO/c1-3-13-9-6-14-11-7(2)4-5-8(12)10(9)11/h4-5,9,13H,3,6H2,1-2H3",1,1,5,0,0,0,0,0,0,0,0,0,0,0,0,0,0,0,0,0,1,0,1,0,0,0,0,0,0,0,0,0,0,6,0,0,0,1,0,0,0,3,0,0,0,0,0,0,0,0,0,0,2,0,0,0,2,0,0,0,9,0,0,0,1,1,6,0,0,2,1,0,0,0,0,0,0,0,0,0,0,0,0,1,0,0,3,3,1,0,1,0,2,0,0,0,0,1,0,0,0,0,1,0,0,0,0,3,0,0,1,6,6,0,0,0,0,1,0,7,3,0,2,3,0,6,0,2,1,0,0,1,1,2,0,0,0,0,0,0,0,0,9,0,0,1,1,0,0,0,0,0,7,2,0,0,0
"InChI=1S/C11H14ClNO/c12-11(14)7-3-1-2-5-10-6-4-8-13-9-10/h4,6,8-9H,1-3,5,7H2",1,1,5,0,0,0,0,0,0,0,0,0,0,0,0,0,0,0,0,0,0,0,0,0,0,0,0,0,0,0,0,0,0,0,0,0,0,0,0,0,0,0,0,0,0,0,0,0,0,0,0,0,0,0,0,1,0,0,0,36,18,9,36,0,1,1,2,0,0,0,0,0,0,0,0,0,0,0,0,0,0,0,0,0,0,0,0,0,0,1,1,1,0,0,0,0,0,0,0,0,0,0,0,0,0,0,0,0,3,0,0,6,4,0,0,0,0,1,0,30,0,0,0,0,0,0,0,0,1,0,0,1,1,0,0,0,0,0,0,2,0,0,6,0,0,0,1,0,0,0,1,0,4,0,0,0,0
"InChI=1S/C11H14ClNO/c12-10-4-2-9(3-5-10)11(14)6-1-7-13-8-11/h2-5,13-14H,1,6-8H2",1,1,5,0,0,0,0,0,0,0,0,0,0,0,0,0,0,0,0,0,1,0,0,0,0,0,0,0,0,0,0,0,0,6,0,0,0,2,0,1,0,9,0,0,0,0,0,0,1,0,0,0,2,0,0,0,1,9,9,18,17,18,18,0,1,1,6,0,0,0,1,2,0,0,0,0,0,0,0,0,0,0,0,1,0,0,6,3,1,1,1,0,0,1,0,0,0,3,0,0,0,0,0,0,0,0,0,0,6,2,0,6,6,0,0,0,0,1,0,4,6,1,0,0,0,0,0,0,1,0,0,1,1,2,0,0,0,0,0,0,0,1,12,0,0,0,2,0,0,0,1,1,26,0,0,0,0
"InChI=1S/C11H14ClNO/c1-2-3-9-7-13-10-6-8(12)4-5-11(10)14-9/h4-6,9,13H,2-3,7H2,1H3",1,1,5,0,0,0,0,0,0,0,0,0,0,0,0,0,0,0,0,0,1,0,0,0,0,0,0,0,0,0,0,0,0,3,0,0,0,1,0,0,0,0,0,0,0,0,0,0,0,0,0,0,2,0,0,0,2,3,3,9,9,0,9,0,2,1,4,0,2,0,1,2,0,0,0,0,0,0,0,0,0,0,0,2,0,0,3,0,1,1,1,0,2,0,0,0,0,2,0,0,0,0,0,0,0,0,0,0,6,0,1,6,6,0,0,0,0,2,0,13,3,0,1,3,3,3,0,1,1,0,0,1,1,2,0,0,0,0,0,0,0,0,10,0,0,0,2,0,0,0,1,0,9,2,0,0,0
"InChI=1S/C11H14ClNO/c1-3-13-10-6-14-11-7(2)4-8(12)5-9(10)11/h4-5,10,13H,3,6H2,1-2H3",1,1,5,0,0,0,0,0,0,0,0,0,0,0,0,0,0,0,0,0,1,0,1,0,0,0,0,0,0,0,0,0,0,6,0,0,0,1,0,0,0,3,0,0,0,0,0,0,0,0,0,0,2,0,0,0,2,0,0,0,9,0,0,0,1,1,6,0,0,2,1,0,0,0,0,0,0,0,0,0,0,0,0,1,0,0,3,3,1,0,1,0,2,0,0,0,0,1,0,0,0,0,1,0,0,0,0,3,0,0,1,6,6,0,0,0,0,1,0,7,3,0,2,3,0,6,0,2,1,0,0,1,1,2,0,0,0,0,0,0,0,0,9,0,0,1,1,0,0,0,0,0,7,2,0,0,0
"InChI=1S/C11H14ClNO/c1-8-3-9(2)5-10(4-8)7-13-11(14)6-12/h3-5H,6-7H2,1-2H3,(H,13,14)",1,1,4,0,0,0,0,0,0,0,0,0,0,0,0,0,0,0,0,0,0,0,0,0,0,0,0,0,0,0,0,0,0,6,0,0,0,1,0,0,0,3,0,0,0,0,0,0,0,0,0,1,1,0,0,0,1,3,0,0,9,0,0,0,0,1,4,1,0,0,0,0,0,0,0,0,0,0,0,0,0,0,1,0,0,0,3,3,0,0,1,0,0,1,0,0,0,0,1,1,0,0,0,0,0,0,0,0,3,0,0,6,6,0,0,0,0,0,0,12,0,0,2,0,0,6,0,2,1,0,0,1,3,0,0,0,0,0,0,0,0,1,6,0,0,0,1,0,0,0,0,0,6,0,0,0,0
"InChI=1S/C11H14ClNO/c1-7(2)10-9(14-8-3-4-8)5-6-13-11(10)12/h5-8H,3-4H2,1-2H3",1,1,6,0,0,0,0,0,0,0,0,0,0,0,0,0,0,0,0,0,0,0,0,0,0,0,0,0,0,0,0,0,0,0,0,0,0,0,0,0,0,0,0,0,0,0,0,0,1,0,0,0,0,0,0,0,2,0,0,8,0,0,8,0,1,1,2,0,0,0,0,0,0,0,0,0,0,0,0,0,0,0,0,0,0,0,0,0,0,1,1,0,2,1,0,0,0,2,0,0,0,0,2,0,0,0,0,0,5,4,0,6,4,0,0,0,0,1,0,2,0,0,2,0,0,0,1,2,1,0,0,1,1,2,0,0,0,0,0,2,0,0,9,1,0,0,1,0,0,0,1,0,16,0,0,0,0
"InChI=1S/C11H14ClNO/c1-7-5-10(13-2)9-6-8(12)3-4-11(9)14-7/h3-4,6-7,10,13H,5H2,1-2H3",1,1,5,0,0,0,0,0,0,0,0,0,0,0,0,0,0,0,0,0,1,0,0,0,0,0,0,0,0,0,0,0,0,0,0,1,0,1,0,0,0,3,0,0,0,0,0,0,0,0,0,0,2,0,0,0,2,0,0,0,0,0,0,3,1,1,6,0,0,2,1,0,0,0,0,0,0,0,0,0,0,0,0,0,0,0,0,3,1,0,1,0,2,0,0,0,0,2,0,0,0,0,2,0,0,0,0,0,3,0,1,6,6,0,0,0,0,1,0,1,0,0,2,0,3,0,0,2,1,0,0,1,1,2,0,0,0,0,0,0,0,0,10,0,0,0,2,0,0,0,1,0,11,2,0,0,0
"InChI=1S/C11H14ClNO/c1-2-13-7-10-6-8-5-9(12)3-4-11(8)14-10/h3-5,10,13H,2,6-7H2,1H3",1,1,5,0,0,0,0,0,0,0,0,0,0,0,0,0,0,0,0,0,1,0,1,0,0,0,0,0,0,0,0,0,0,6,0,0,0,1,0,0,0,0,0,0,0,0,0,0,0,0,0,0,2,0,0,0,2,3,0,0,0,9,0,3,1,1,6,0,0,0,1,0,0,0,0,0,0,0,0,0,0,0,0,1,0,0,6,0,1,0,1,0,2,0,0,0,0,2,0,0,0,0,0,0,0,0,0,0,6,0,1,6,6,0,0,0,0,1,0,13,6,1,1,3,0,0,0,1,1,0,0,1,1,2,0,0,0,0,0,0,0,0,9,0,0,1,1,0,0,0,0,0,7,2,0,0,0
"InChI=1S/C11H14ClNO/c12-10-3-1-2-4-11(10)14-9-5-7-13-8-6-9/h1-4,9,13H,5-8H2",1,1,5,0,0,0,0,0,0,0,0,0,0,0,0,0,0,0,0,0,1,0,0,0,0,0,0,0,0,0,0,0,0,6,0,0,0,1,0,0,0,6,0,0,0,0,0,0,0,0,0,0,2,0,0,0,2,0,5,18,33,16,18,0,1,1,6,0,0,0,1,2,0,0,0,0,0,0,0,0,0,0,0,0,0,0,6,6,1,1,1,0,2,1,0,0,0,2,0,0,0,0,2,0,0,0,0,0,6,4,0,6,6,0,0,0,0,1,0,4,6,1,0,0,0,0,0,0,1,0,0,1,1,2,0,0,0,0,0,0,0,0,12,0,0,0,2,0,0,0,1,0,26,0,0,0,0
"InChI=1S/C11H14ClNO/c12-8-5-6-10(13-7-8)9-3-1-2-4-11(9)14/h5-7,9,11,14H,1-4H2",1,1,6,0,0,0,0,0,0,0,0,0,0,0,0,0,0,0,0,0,0,0,0,0,0,0,0,0,0,0,0,0,0,0,0,0,0,1,0,0,0,3,0,0,0,0,0,0,1,0,0,0,0,0,0,0,1,6,6,27,17,16,27,0,1,1,2,0,0,0,0,0,0,0,0,0,0,0,0,0,0,0,0,0,0,0,0,0,0,1,1,0,0,1,0,0,0,1,0,0,0,0,1,0,0,0,0,0,3,2,0,6,4,0,0,0,0,1,0,4,0,0,0,0,0,0,0,0,1,0,0,1,1,2,0,0,0,0,0,2,0,1,12,0,0,0,2,0,0,0,1,1,28,0,0,0,0
"InChI=1S/C11H14ClNO/c12-10-3-1-9(2-4-10)7-11(13)5-6-14-8-11/h1-4H,5-8,13H2",1,1,5,0,0,0,0,0,0,0,0,0,0,0,0,0,0,0,0,0,1,0,1,0,0,0,0,0,0,0,0,0,0,6,0,0,0,1,0,0,0,9,0,0,0,0,0,0,1,0,0,0,1,0,0,0,2,3,3,9,23,13,9,0,1,1,3,0,0,2,1,0,0,0,0,0,0,0,0,0,0,0,0,1,0,0,0,9,1,0,1,0,0,0,0,0,0,0,0,0,0,0,1,0,0,0,0,6,3,0,1,6,6,0,0,0,0,1,0,9,0,1,0,0,0,0,0,0,1,0,0,1,1,2,0,0,0,0,0,0,1,0,11,0,0,1,1,0,0,0,0,0,18,0,0,0,0
"InChI=1S/C11H14ClNO/c12-10-5-2-1-4-9(10)11(14)6-3-7-13-8-11/h1-2,4-5,13-14H,3,6-8H2",1,1,5,0,0,0,0,0,0,0,0,0,0,0,0,0,0,0,0,0,1,0,0,0,0,0,0,0,0,0,0,0,0,6,0,0,0,2,0,1,0,9,0,0,0,0,0,0,1,0,0,0,2,0,0,0,1,9,9,18,17,18,18,0,1,1,6,0,0,0,1,2,0,0,0,0,0,0,0,0,0,0,0,1,0,0,6,3,1,1,1,0,0,1,0,0,0,3,0,0,0,0,0,0,0,0,0,0,6,2,0,6,6,0,0,0,0,1,0,4,6,1,0,0,0,0,0,0,1,0,0,1,1,2,0,0,0,0,0,0,0,1,12,0,0,0,2,0,0,0,1,1,26,0,0,0,0
"InChI=1S/C11H14ClNO/c1-8-2-3-11(10(12)6-8)14-9-4-5-13-7-9/h2-3,6,9,13H,4-5,7H2,1H3",1,1,5,0,0,0,0,0,0,0,0,0,0,0,0,0,0,0,0,0,1,0,1,0,0,0,0,0,0,0,0,0,0,6,0,0,0,1,0,0,0,3,0,0,0,0,0,0,0,0,0,0,2,0,0,0,2,3,4,9,14,4,9,0,1,1,6,0,0,0,1,2,0,0,0,0,0,0,0,0,0,0,0,1,0,0,6,3,1,1,1,0,2,1,0,0,0,2,0,0,0,0,1,0,0,0,0,0,6,4,0,6,6,0,0,0,0,1,0,3,6,1,1,0,0,0,0,1,1,0,0,1,1,2,0,0,0,0,0,0,0,0,11,0,0,1,1,0,0,0,0,0,22,0,0,0,0
"InChI=1S/C11H14ClNO/c1-2-13-10-6-8-5-9(12)3-4-11(8)14-7-10/h3-5,10,13H,2,6-7H2,1H3",1,1,5,0,0,0,0,0,0,0,0,0,0,0,0,0,0,0,0,0,1,0,0,0,0,0,0,0,0,0,0,0,0,6,0,0,0,1,0,0,0,6,0,0,0,0,0,0,0,0,0,0,2,0,0,0,2,0,0,0,18,8,0,0,1,1,6,0,0,2,1,0,0,0,0,0,0,0,0,0,0,0,0,1,0,0,3,6,1,0,1,0,2,0,0,0,0,1,0,0,0,0,0,0,0,0,0,3,0,0,1,6,6,0,0,0,0,1,0,8,3,0,1,3,0,6,0,1,1,0,0,1,1,2,0,0,0,0,0,0,0,0,10,0,0,0,2,0,0,0,1,0,11,2,0,0,0
"InChI=1S/C11H14ClNO/c1-11(2,3)10(14)6-9-5-4-8(12)7-13-9/h4-5,7H,6H2,1-3H3",1,1,5,0,0,0,0,0,0,0,0,0,0,0,0,0,0,0,0,0,0,0,0,0,0,0,0,0,0,0,0,0,0,0,0,0,0,0,0,0,0,0,0,0,0,0,0,0,1,0,0,0,0,0,0,1,0,0,0,0,0,0,0,9,1,1,2,0,0,0,0,0,0,0,0,0,0,0,0,0,0,0,0,0,0,0,0,3,0,1,1,1,0,0,0,0,0,1,0,0,0,0,1,0,0,0,0,0,3,0,0,6,4,0,0,0,0,1,0,6,0,0,3,0,0,0,3,3,1,0,0,1,1,2,0,0,0,0,0,2,0,0,6,0,0,0,1,0,0,0,1,0,4,0,0,0,0
"InChI=1S/C11H14ClNO/c1-11(2,3)10(13-14)8-4-6-9(12)7-5-8/h4-7,14H,1-3H3",1,1,4,0,0,0,0,0,0,0,0,0,0,0,0,0,0,0,0,0,0,0,0,0,0,1,0,1,0,0,1,0,1,0,0,0,0,1,0,0,0,0,0,0,0,0,0,0,1,0,0,1,0,0,0,0,0,0,0,0,0,0,0,0,0,1,1,1,0,0,0,0,0,0,0,0,0,0,0,0,0,1,0,0,0,1,0,0,0,0,1,0,0,1,0,0,0,0,0,0,0,0,0,0,0,0,0,0,0,0,0,6,6,0,0,0,0,0,0,0,0,0,3,0,0,0,3,3,1,0,0,1,1,2,0,0,0,0,0,0,0,1,6,0,0,0,1,0,0,0,0,0,6,0,0,0,0
"InChI=1S/C11H14ClNO/c1-7-6-9(12)8-4-2-3-5-10(14)11(8)13-7/h6,10,14H,2-5H2,1H3",1,1,6,0,0,0,0,0,0,0,0,0,0,0,0,0,0,0,0,0,0,0,0,0,0,0,0,0,0,0,0,0,0,0,0,0,0,1,0,0,0,3,0,0,0,0,0,0,0,0,0,0,0,0,0,0,1,3,6,27,9,9,27,0,1,1,2,0,0,0,0,0,0,0,0,0,0,0,0,0,0,0,0,1,0,0,0,0,0,1,1,0,0,1,0,0,0,1,0,0,0,0,0,0,0,0,0,0,3,2,0,6,4,0,0,0,0,1,0,4,0,0,1,0,0,0,0,1,1,0,0,1,1,2,0,0,0,0,0,2,0,1,11,0,0,0,1,1,0,0,1,0,18,2,0,0,0
"InChI=1S/C11H14ClNO/c1-2-3-4-5-9-6-10(8-14)11(12)13-7-9/h6-8H,2-5H2,1H3",1,1,5,0,0,0,0,0,0,0,0,0,0,0,0,0,0,0,0,0,0,0,0,0,0,0,0,0,0,0,0,0,0,0,0,0,0,0,0,0,0,0,0,0,0,0,0,0,0,0,0,0,0,0,0,1,0,0,0,27,9,0,27,3,1,1,2,0,0,0,0,0,0,0,0,0,0,0,0,0,0,0,0,0,0,0,0,0,0,1,1,1,0,0,0,0,0,0,0,0,0,0,1,0,0,0,0,0,0,0,0,6,4,0,0,0,0,1,0,24,0,0,1,3,3,3,0,1,1,0,0,1,1,2,0,0,0,0,0,2,0,0,6,0,0,0,1,0,0,0,1,0,4,0,0,0,0
"InChI=1S/C11H14ClNO/c12-10-4-1-3-9(7-10)11(14)5-2-6-13-8-11/h1,3-4,7,13-14H,2,5-6,8H2",1,1,5,0,0,0,0,0,0,0,0,0,0,0,0,0,0,0,0,0,1,0,0,0,0,0,0,0,0,0,0,0,0,6,0,0,0,2,0,1,0,9,0,0,0,0,0,0,1,0,0,0,2,0,0,0,1,9,9,18,17,18,18,0,1,1,6,0,0,0,1,2,0,0,0,0,0,0,0,0,0,0,0,1,0,0,6,3,1,1,1,0,0,1,0,0,0,3,0,0,0,0,0,0,0,0,0,0,6,2,0,6,6,0,0,0,0,1,0,4,6,1,0,0,0,0,0,0,1,0,0,1,1,2,0,0,0,0,0,0,0,1,12,0,0,0,2,0,0,0,1,1,26,0,0,0,0
"InChI=1S/C11H14ClNO/c1-9-3-2-4-10(7-9)8-13-11(14)5-6-12/h2-4,7H,5-6,8H2,1H3,(H,13,14)",1,1,4,0,0,0,0,0,0,0,0,0,0,0,0,0,0,0,0,0,0,0,0,0,0,0,0,0,0,0,0,0,0,6,0,0,0,1,0,0,0,3,0,0,0,0,0,0,0,0,0,1,1,0,0,0,1,6,0,9,9,9,9,0,0,1,4,1,0,0,0,0,0,0,0,0,0,0,0,0,0,0,1,0,0,0,3,3,0,0,1,0,0,1,0,0,0,0,1,1,0,0,0,0,0,0,0,0,3,0,0,6,6,0,0,0,0,0,0,18,0,0,1,0,0,3,0,1,1,0,0,1,3,0,0,0,0,0,0,0,0,1,6,0,0,0,1,0,0,0,0,0,6,0,0,0,0
"InChI=1S/C11H14ClNO/c1-9(2)5-6-14-8-10-3-4-11(12)13-7-10/h3-5,7H,6,8H2,1-2H3",1,1,4,0,0,0,0,0,0,0,0,0,0,0,0,0,0,0,0,0,0,0,0,0,0,0,0,0,0,0,0,0,0,6,0,0,0,0,0,0,0,0,0,1,2,0,0,0,0,1,0,0,0,0,0,0,2,0,0,0,0,0,0,6,1,1,2,0,0,0,0,0,0,0,0,0,0,0,0,0,0,0,0,0,0,0,0,0,0,1,1,0,0,1,0,0,0,0,0,0,0,0,1,0,0,0,0,6,0,0,0,6,4,0,0,0,0,1,0,12,0,1,2,0,0,0,1,2,1,0,0,1,1,2,0,0,0,0,0,2,0,0,6,0,0,0,1,0,0,0,1,0,4,0,0,0,0
"InChI=1S/C11H14ClNO/c1-3-8-4-5-9-11(10(8)12)13(2)6-7-14-9/h4-5H,3,6-7H2,1-2H3",1,1,5,0,0,0,0,0,0,0,0,0,0,0,0,0,0,0,0,0,1,0,0,0,0,0,0,0,0,0,0,0,0,6,0,1,0,0,0,0,0,0,0,0,0,0,0,0,0,0,0,0,3,0,1,0,2,0,0,9,0,0,9,3,2,1,7,0,2,0,1,2,0,0,0,0,0,0,0,0,0,0,0,2,0,0,3,3,0,1,1,0,2,0,0,0,0,1,0,0,0,0,0,0,0,0,0,3,3,0,1,6,6,0,0,0,0,2,0,8,0,1,2,3,3,0,0,2,1,0,0,1,1,2,0,0,0,0,0,0,0,0,10,0,0,0,2,0,0,0,1,0,9,2,0,0,0
"InChI=1S/C11H14ClNO/c12-10-4-2-1-3-9(10)7-11(13)5-6-14-8-11/h1-4H,5-8,13H2",1,1,5,0,0,0,0,0,0,0,0,0,0,0,0,0,0,0,0,0,1,0,1,0,0,0,0,0,0,0,0,0,0,6,0,0,0,1,0,0,0,9,0,0,0,0,0,0,1,0,0,0,1,0,0,0,2,3,3,9,23,13,9,0,1,1,3,0,0,2,1,0,0,0,0,0,0,0,0,0,0,0,0,1,0,0,0,9,1,0,1,0,0,0,0,0,0,0,0,0,0,0,1,0,0,0,0,6,3,0,1,6,6,0,0,0,0,1,0,9,0,1,0,0,0,0,0,0,1,0,0,1,1,2,0,0,0,0,0,0,1,0,11,0,0,1,1,0,0,0,0,0,18,0,0,0,0
"InChI=1S/C11H14ClNO/c1-7-3-8-4-11(14-2)9(12)5-10(8)13-6-7/h4-5,7,13H,3,6H2,1-2H3",1,1,5,0,0,0,0,0,0,0,0,0,0,0,0,0,0,0,0,0,1,0,0,0,0,0,0,0,0,0,0,0,0,3,0,1,0,1,0,0,0,0,0,0,0,0,0,0,1,0,0,0,2,0,0,0,2,6,0,0,0,8,0,0,1,1,4,0,2,0,1,2,0,0,0,0,0,0,0,0,0,0,0,0,0,0,3,0,1,1,1,0,2,1,0,0,0,1,0,0,0,0,0,0,0,0,0,0,0,2,0,6,6,0,0,0,0,1,0,2,3,0,2,0,6,0,0,2,1,0,0,1,1,2,0,0,0,0,0,0,0,0,10,0,0,0,2,0,0,0,1,0,13,2,0,0,0
"InChI=1S/C11H14ClNO/c1-7-3-9(4-8(2)11(7)12)14-10-5-13-6-10/h3-4,10,13H,5-6H2,1-2H3",1,1,5,0,0,0,0,0,0,0,0,0,0,0,0,0,0,0,0,0,1,1,0,0,0,0,0,0,0,0,0,0,0,6,0,0,0,1,0,0,0,0,0,0,0,0,0,0,0,0,0,0,2,0,0,0,2,4,0,0,0,0,0,0,1,1,6,0,0,0,1,2,0,0,0,0,0,0,0,0,0,0,0,2,0,0,6,0,1,1,1,0,2,1,0,0,0,2,0,0,0,0,0,0,0,0,0,0,6,4,0,6,6,0,0,0,0,1,0,2,6,1,2,0,0,0,0,2,1,0,0,1,1,2,0,0,0,0,0,0,0,0,10,0,1,0,1,0,0,0,0,0,18,0,0,0,0
"InChI=1S/C11H14ClNO/c1-7(2)10-5-11(9(12)6-13-10)14-8-3-4-8/h5-8H,3-4H2,1-2H3",1,1,6,0,0,0,0,0,0,0,0,0,0,0,0,0,0,0,0,0,0,0,0,0,0,0,0,0,0,0,0,0,0,0,0,0,0,0,0,0,0,0,0,0,0,0,0,0,1,0,0,0,0,0,0,0,2,0,0,8,0,0,8,0,1,1,2,0,0,0,0,0,0,0,0,0,0,0,0,0,0,0,0,0,0,0,0,0,0,1,1,0,2,1,0,0,0,2,0,0,0,0,2,0,0,0,0,0,5,4,0,6,4,0,0,0,0,1,0,2,0,0,2,0,0,0,1,2,1,0,0,1,1,2,0,0,0,0,0,2,0,0,9,1,0,0,1,0,0,0,1,0,16,0,0,0,0
"InChI=1S/C11H14ClNO/c12-10-7-13-6-5-8(10)3-4-11(14)9-1-2-9/h5-7,9,11,14H,1-4H2",1,1,6,0,0,0,0,0,0,0,0,0,0,0,0,0,0,0,0,0,0,0,0,0,0,0,0,0,0,0,0,0,0,0,0,0,0,1,0,0,0,3,0,0,0,0,0,0,1,0,0,0,0,0,0,0,1,8,4,17,15,27,17,0,1,1,2,0,0,0,0,0,0,0,0,0,0,0,0,0,0,0,0,0,0,0,0,0,0,1,1,0,0,1,0,0,0,1,0,0,0,0,0,0,0,0,0,0,3,0,0,6,4,0,0,0,0,1,0,14,0,0,0,0,0,0,0,0,1,0,0,1,1,2,0,0,0,0,0,2,0,1,9,1,0,0,1,0,0,0,1,0,16,0,0,0,0
"InChI=1S/C11H14ClNO/c1-2-6-13-11(14)10-5-3-4-9(7-10)8-12/h3-5,7H,2,6,8H2,1H3,(H,13,14)",1,1,4,0,0,0,0,0,0,0,0,0,0,0,0,0,0,0,0,0,0,0,0,0,0,0,0,0,0,0,0,0,0,6,0,0,0,1,0,0,0,0,0,0,0,0,0,0,0,0,0,1,1,0,0,0,1,3,3,9,0,0,9,0,0,1,4,1,0,0,0,0,0,0,0,0,0,0,0,0,0,0,1,0,0,0,3,3,0,0,1,0,0,1,0,0,0,0,1,1,0,0,0,0,0,0,0,0,0,0,0,6,6,0,0,0,0,0,0,18,0,0,1,3,3,0,0,1,1,0,0,1,3,0,0,0,0,0,0,0,0,1,6,0,0,0,1,0,0,0,0,0,6,0,0,0,0
"InChI=1S/C11H14ClNO/c1-8(13-14)11(2,3)9-4-6-10(12)7-5-9/h4-7,14H,1-3H3",1,1,4,0,0,0,0,0,0,0,0,0,0,0,0,0,0,0,0,0,0,0,0,0,0,1,0,1,0,0,1,0,1,0,0,0,0,1,0,0,0,0,0,0,0,0,0,0,1,0,0,1,0,0,0,0,0,0,0,0,0,0,0,0,0,1,1,1,0,0,0,0,0,0,0,0,0,0,0,0,0,1,0,0,0,1,0,0,0,0,1,0,0,1,0,0,0,0,0,0,0,0,0,0,0,0,0,0,0,0,0,6,6,0,0,0,0,0,0,0,0,0,3,0,0,0,1,3,1,0,0,1,1,2,0,0,0,0,0,0,0,1,6,0,0,0,1,0,0,0,0,0,6,0,0,0,0
"InChI=1S/C11H14ClNO/c1-9(14)13-7-6-10-4-2-3-5-11(10)8-12/h2-5H,6-8H2,1H3,(H,13,14)",1,1,4,0,0,0,0,0,0,0,0,0,0,0,0,0,0,0,0,0,0,0,0,0,0,0,0,0,0,0,0,0,0,6,0,0,0,1,0,0,0,0,0,0,0,0,0,0,0,0,0,1,1,0,0,0,1,3,3,9,9,9,9,3,0,1,4,1,0,0,0,0,0,0,0,0,0,0,0,0,0,0,1,0,0,0,3,3,0,0,1,0,0,1,0,0,0,0,1,1,0,0,0,0,0,0,0,0,0,0,0,6,6,0,0,0,0,0,0,18,0,0,1,0,0,3,0,1,1,0,0,1,3,0,0,0,0,0,0,0,0,1,6,0,0,0,1,0,0,0,0,0,6,0,0,0,0
"InChI=1S/C11H14ClNO/c12-7-4-8-13-11(14)9-10-5-2-1-3-6-10/h1-3,5-6H,4,7-9H2,(H,13,14)",1,1,4,0,0,0,0,0,0,0,0,0,0,0,0,0,0,0,0,0,0,0,0,0,0,0,0,0,0,0,0,0,0,6,0,0,0,1,0,0,0,3,0,0,0,0,0,0,0,0,0,1,1,0,0,0,1,3,3,18,9,9,18,0,0,1,4,1,0,0,0,0,0,0,0,0,0,0,0,0,0,0,1,0,0,0,3,6,0,0,1,0,0,1,0,0,0,0,1,1,0,0,0,0,0,0,0,0,3,0,0,6,6,0,0,0,0,0,0,24,0,0,0,0,0,0,0,0,1,0,0,1,3,0,0,0,0,0,0,0,0,1,6,0,0,0,1,0,0,0,0,0,6,0,0,0,0
"InChI=1S/C11H14ClNO/c1-7-4-9(3)10(5-8(7)2)13-11(14)6-12/h4-5H,6H2,1-3H3,(H,13,14)",1,1,4,0,0,0,0,0,0,0,0,0,0,0,0,0,0,0,0,0,0,0,0,0,0,0,0,0,0,0,0,0,0,3,0,0,0,1,0,0,0,3,0,0,0,0,0,0,0,0,0,1,1,0,0,0,1,0,0,0,0,0,0,0,0,1,2,1,2,2,0,0,0,0,0,0,0,0,0,0,0,0,1,0,0,0,0,3,0,0,1,0,0,1,0,0,0,0,1,1,0,0,0,0,0,0,0,0,3,0,0,6,6,0,0,0,0,0,0,6,0,0,3,0,0,0,0,3,1,0,0,1,3,0,0,0,0,0,0,0,0,1,6,0,0,0,1,0,0,0,0,0,6,0,0,0,0
"InChI=1S/C11H14ClNO/c1-14-10-5-4-8(6-9(10)12)11(13)7-2-3-7/h4-7,11H,2-3,13H2,1H3",1,1,5,0,0,0,0,0,0,0,0,0,0,0,0,0,0,0,0,0,1,0,0,0,0,0,0,0,0,0,0,0,0,0,0,1,0,1,0,0,0,0,0,0,0,0,0,0,1,0,0,0,1,0,0,0,2,5,4,8,0,0,8,0,0,1,3,0,0,0,1,0,0,0,0,0,0,0,0,0,0,0,0,0,0,0,0,0,1,0,1,0,2,1,0,0,0,1,0,0,0,0,0,0,0,0,0,0,0,2,0,6,6,0,0,0,0,0,0,2,0,0,1,0,0,0,0,1,1,0,0,1,1,2,0,0,0,0,0,0,1,0,9,1,0,0,1,0,0,0,0,0,18,0,0,0,0
"InChI=1S/C11H14ClNO/c1-7-6-14-11-8(10(7)13-2)4-3-5-9(11)12/h3-5,7,10,13H,6H2,1-2H3",1,1,5,0,0,0,0,0,0,0,0,0,0,0,0,0,0,0,0,0,1,0,0,0,0,0,0,0,0,0,0,0,0,3,0,1,0,1,0,0,0,0,0,0,0,0,0,0,1,0,0,0,2,0,0,0,2,3,0,0,0,0,0,0,1,1,6,0,0,2,1,0,0,0,0,0,0,0,0,0,0,0,0,0,0,0,0,0,1,0,1,0,2,0,0,0,0,1,0,0,0,0,2,0,0,0,0,3,0,0,1,6,6,0,0,0,0,1,0,1,0,0,2,0,3,3,0,2,1,0,0,1,1,2,0,0,0,0,0,0,0,0,10,0,0,0,2,0,0,0,1,0,11,2,0,0,0
"InChI=1S/C11H14ClNO/c12-10-3-1-2-9(6-10)7-11(13)4-5-14-8-11/h1-3,6H,4-5,7-8,13H2",1,1,5,0,0,0,0,0,0,0,0,0,0,0,0,0,0,0,0,0,1,0,1,0,0,0,0,0,0,0,0,0,0,6,0,0,0,1,0,0,0,9,0,0,0,0,0,0,1,0,0,0,1,0,0,0,2,3,3,9,23,13,9,0,1,1,3,0,0,2,1,0,0,0,0,0,0,0,0,0,0,0,0,1,0,0,0,9,1,0,1,0,0,0,0,0,0,0,0,0,0,0,1,0,0,0,0,6,3,0,1,6,6,0,0,0,0,1,0,9,0,1,0,0,0,0,0,0,1,0,0,1,1,2,0,0,0,0,0,0,1,0,11,0,0,1,1,0,0,0,0,0,18,0,0,0,0
"InChI=1S/C11H14ClNO/c1-2-13-10-5-8-3-4-9(12)6-11(8)14-7-10/h3-4,6,10,13H,2,5,7H2,1H3",1,1,5,0,0,0,0,0,0,0,0,0,0,0,0,0,0,0,0,0,1,0,0,0,0,0,0,0,0,0,0,0,0,6,0,0,0,1,0,0,0,6,0,0,0,0,0,0,0,0,0,0,2,0,0,0,2,0,0,0,18,8,0,0,1,1,6,0,0,2,1,0,0,0,0,0,0,0,0,0,0,0,0,1,0,0,3,6,1,0,1,0,2,0,0,0,0,1,0,0,0,0,0,0,0,0,0,3,0,0,1,6,6,0,0,0,0,1,0,8,3,0,1,3,0,6,0,1,1,0,0,1,1,2,0,0,0,0,0,0,0,0,10,0,0,0,2,0,0,0,1,0,11,2,0,0,0
"InChI=1S/C11H14ClNO/c1-8(13-14)11(2,3)9-5-4-6-10(12)7-9/h4-7,14H,1-3H3",1,1,4,0,0,0,0,0,0,0,0,0,0,0,0,0,0,0,0,0,0,0,0,0,0,1,0,1,0,0,1,0,1,0,0,0,0,1,0,0,0,0,0,0,0,0,0,0,1,0,0,1,0,0,0,0,0,0,0,0,0,0,0,0,0,1,1,1,0,0,0,0,0,0,0,0,0,0,0,0,0,1,0,0,0,1,0,0,0,0,1,0,0,1,0,0,0,0,0,0,0,0,0,0,0,0,0,0,0,0,0,6,6,0,0,0,0,0,0,0,0,0,3,0,0,0,1,3,1,0,0,1,1,2,0,0,0,0,0,0,0,1,6,0,0,0,1,0,0,0,0,0,6,0,0,0,0
"InChI=1S/C11H14ClNO/c1-11(14)7-13-5-4-8-2-3-9(12)6-10(8)11/h2-3,6,13-14H,4-5,7H2,1H3",1,1,5,0,0,0,0,0,0,0,0,0,0,0,0,0,0,0,0,0,1,0,0,0,0,0,0,0,0,0,0,0,0,6,0,0,0,2,0,1,0,6,0,0,0,0,0,0,1,0,0,0,2,0,0,0,1,0,6,9,9,9,9,0,1,1,6,0,0,0,1,2,0,0,0,0,0,0,0,0,0,0,0,1,0,0,6,3,1,1,1,0,0,1,0,0,0,3,0,0,0,0,0,0,0,0,0,0,3,2,0,6,6,0,0,0,0,1,0,3,6,1,1,0,3,6,0,1,1,0,0,1,1,2,0,0,0,0,0,0,0,1,11,0,0,0,1,1,0,0,0,0,15,2,0,0,0
"InChI=1S/C11H14ClNO/c1-7-4-5-8(2)9(6-7)10(12)11(14)13-3/h4-6,10H,1-3H3,(H,13,14)",1,1,4,0,0,0,0,0,0,0,0,0,0,0,0,0,0,0,0,0,0,0,0,0,0,0,0,0,0,0,0,0,0,0,0,1,0,1,0,0,0,0,0,0,0,0,0,0,0,0,0,1,1,0,0,0,1,0,0,0,0,0,0,0,0,1,4,1,0,0,0,0,0,0,0,0,0,0,0,0,0,0,1,0,0,0,0,0,0,0,1,0,0,1,0,0,0,0,1,1,0,0,0,0,0,0,0,0,0,0,0,6,6,0,0,0,0,0,0,0,0,0,3,0,0,0,0,3,1,0,0,1,3,0,0,0,0,0,0,0,0,1,6,0,0,0,1,0,0,0,0,0,6,0,0,0,0
"InChI=1S/C11H14ClNO/c1-3-14-11-6-4-5-10(7-11)13-8-9(2)12/h4-7,13H,2-3,8H2,1H3",1,1,3,0,0,0,0,0,0,0,0,0,0,0,0,0,0,0,0,0,1,0,0,0,0,0,0,0,0,0,0,0,0,6,0,0,0,1,0,0,0,0,0,1,2,0,0,0,0,0,0,0,2,0,0,0,2,2,0,0,0,0,0,0,0,1,4,0,2,2,1,0,0,0,0,0,0,0,0,0,0,0,0,0,0,0,3,0,1,0,1,0,2,1,0,0,0,1,0,0,0,0,1,0,0,0,0,3,0,2,0,6,6,0,0,0,0,0,1,15,3,0,1,3,0,0,0,1,1,0,0,1,1,0,0,0,0,0,0,0,0,0,6,0,0,0,1,0,0,0,0,0,6,0,0,0,0
"InChI=1S/C11H14ClNO/c1-14-8-4-5-9(10(12)6-8)11(13)7-2-3-7/h4-7,11H,2-3,13H2,1H3",1,1,5,0,0,0,0,0,0,0,0,0,0,0,0,0,0,0,0,0,1,0,0,0,0,0,0,0,0,0,0,0,0,0,0,1,0,1,0,0,0,0,0,0,0,0,0,0,1,0,0,0,1,0,0,0,2,5,4,8,0,0,8,0,0,1,3,0,0,0,1,0,0,0,0,0,0,0,0,0,0,0,0,0,0,0,0,0,1,0,1,0,2,1,0,0,0,1,0,0,0,0,0,0,0,0,0,0,0,2,0,6,6,0,0,0,0,0,0,2,0,0,1,0,0,0,0,1,1,0,0,1,1,2,0,0,0,0,0,0,1,0,9,1,0,0,1,0,0,0,0,0,18,0,0,0,0
"InChI=1S/C11H14ClNO/c12-9-1-3-10(4-2-9)14-11-5-7-13-8-6-11/h1-4,11,13H,5-8H2",1,1,5,0,0,0,0,0,0,0,0,0,0,0,0,0,0,0,0,0,1,0,0,0,0,0,0,0,0,0,0,0,0,6,0,0,0,1,0,0,0,6,0,0,0,0,0,0,0,0,0,0,2,0,0,0,2,0,5,18,33,16,18,0,1,1,6,0,0,0,1,2,0,0,0,0,0,0,0,0,0,0,0,0,0,0,6,6,1,1,1,0,2,1,0,0,0,2,0,0,0,0,2,0,0,0,0,0,6,4,0,6,6,0,0,0,0,1,0,4,6,1,0,0,0,0,0,0,1,0,0,1,1,2,0,0,0,0,0,0,0,0,12,0,0,0,2,0,0,0,1,0,26,0,0,0,0
"InChI=1S/C11H14ClNO/c1-8-6-10(13-7-9(2)12)4-5-11(8)14-3/h4-6,13H,2,7H2,1,3H3",1,1,3,0,0,0,0,0,0,0,0,0,0,0,0,0,0,0,0,0,1,0,0,0,0,0,0,0,0,0,0,0,0,3,0,1,0,1,0,0,0,0,0,1,2,0,0,0,0,0,0,0,2,0,0,0,2,2,0,0,0,0,0,0,0,1,4,0,2,2,1,0,0,0,0,0,0,0,0,0,0,0,0,0,0,0,3,0,1,0,1,0,2,1,0,0,0,1,0,0,0,0,0,0,0,0,0,0,0,2,0,6,6,0,0,0,0,0,1,9,3,0,2,0,0,0,0,2,1,0,0,1,1,0,0,0,0,0,0,0,0,0,6,0,0,0,1,0,0,0,0,0,6,0,0,0,0
"InChI=1S/C11H14ClNO/c1-9-4-3-5-10(8-9)11(14)13(2)7-6-12/h3-5,8H,6-7H2,1-2H3",1,1,4,0,0,0,0,0,0,0,0,0,0,0,0,0,0,0,0,0,1,0,0,0,0,0,0,0,0,0,0,0,0,6,0,1,0,0,0,0,0,0,0,0,0,0,0,0,0,0,0,0,3,0,1,1,0,0,0,9,0,0,9,3,0,1,7,0,0,0,1,0,0,0,0,0,0,0,0,0,0,0,1,0,0,0,3,3,0,0,1,1,0,0,0,0,0,0,1,1,0,0,0,0,0,0,0,0,0,0,0,6,6,0,0,0,0,0,0,12,0,1,2,0,3,0,0,2,1,0,0,1,3,0,0,0,0,0,0,0,0,0,6,0,0,0,1,0,0,0,0,0,6,0,0,0,0
"InChI=1S/C11H14ClNO/c1-8-2-4-9(5-3-8)11-13-7-10(6-12)14-11/h2-5,10-11,13H,6-7H2,1H3",1,1,5,0,0,0,0,0,0,0,0,0,0,0,0,0,0,0,0,0,1,0,1,0,0,0,0,0,0,0,0,0,0,6,0,0,0,1,0,0,0,0,0,0,0,0,0,0,0,0,0,0,2,0,0,0,2,3,5,0,0,0,0,0,2,1,6,0,0,0,1,2,0,0,0,0,0,0,0,0,0,0,1,1,0,0,3,0,1,1,1,0,0,0,0,0,0,1,1,1,0,0,0,0,0,0,0,0,6,0,1,6,6,0,0,0,0,2,0,7,3,0,1,0,0,0,0,1,1,0,0,1,3,0,0,0,0,0,0,0,0,0,11,0,0,1,1,0,0,0,0,1,14,0,0,0,0
"InChI=1S/C11H14ClNO/c1-7-4-5-9(6-8(7)2)10(12)11(14)13-3/h4-6,10H,1-3H3,(H,13,14)",1,1,4,0,0,0,0,0,0,0,0,0,0,0,0,0,0,0,0,0,0,0,0,0,0,0,0,0,0,0,0,0,0,0,0,1,0,1,0,0,0,0,0,0,0,0,0,0,0,0,0,1,1,0,0,0,1,0,0,0,0,0,0,0,0,1,4,1,0,0,0,0,0,0,0,0,0,0,0,0,0,0,1,0,0,0,0,0,0,0,1,0,0,1,0,0,0,0,1,1,0,0,0,0,0,0,0,0,0,0,0,6,6,0,0,0,0,0,0,0,0,0,3,0,0,0,0,3,1,0,0,1,3,0,0,0,0,0,0,0,0,1,6,0,0,0,1,0,0,0,0,0,6,0,0,0,0
"InChI=1S/C11H14ClNO/c1-9-4-2-3-5-10(9)8-13-11(14)6-7-12/h2-5H,6-8H2,1H3,(H,13,14)",1,1,4,0,0,0,0,0,0,0,0,0,0,0,0,0,0,0,0,0,0,0,0,0,0,0,0,0,0,0,0,0,0,6,0,0,0,1,0,0,0,3,0,0,0,0,0,0,0,0,0,1,1,0,0,0,1,6,0,9,9,9,9,3,0,1,4,1,0,0,0,0,0,0,0,0,0,0,0,0,0,0,1,0,0,0,3,3,0,0,1,0,0,1,0,0,0,0,1,1,0,0,0,0,0,0,0,0,3,0,0,6,6,0,0,0,0,0,0,18,0,0,1,0,0,0,0,1,1,0,0,1,3,0,0,0,0,0,0,0,0,1,6,0,0,0,1,0,0,0,0,0,6,0,0,0,0
"InChI=1S/C11H14ClNO/c1-6-4-8-10(13-3)7(2)14-11(8)9(12)5-6/h4-5,7,10,13H,1-3H3",1,1,5,0,0,0,0,0,0,0,0,0,0,0,0,0,0,0,0,0,1,0,1,0,0,0,0,0,0,0,0,0,0,0,0,1,0,1,0,0,0,0,0,0,0,0,0,0,0,0,0,0,2,0,0,0,2,0,0,0,0,0,0,0,1,1,6,0,0,2,1,0,0,0,0,0,0,0,0,0,0,0,0,1,0,0,0,0,1,0,1,0,2,0,0,0,0,2,0,0,0,0,1,0,0,0,0,0,0,0,1,6,6,0,0,0,0,1,0,0,0,0,3,0,0,0,0,3,1,0,0,1,1,2,0,0,0,0,0,0,0,0,9,0,0,1,1,0,0,0,0,0,7,2,0,0,0
"InChI=1S/C11H14ClNO/c1-8(12)7-14-11-6-4-3-5-10(11)9(2)13/h3-6,9H,1,7,13H2,2H3",1,1,3,0,0,0,0,0,0,0,0,0,0,0,0,0,0,0,0,0,1,0,0,0,0,0,0,0,0,0,0,0,0,3,0,0,0,1,0,0,0,0,0,1,2,0,0,0,0,0,0,0,1,0,0,0,2,0,0,0,0,0,0,0,0,1,3,0,0,0,1,0,0,0,0,0,0,0,0,0,0,0,0,0,0,0,0,0,1,0,1,0,2,1,0,0,0,1,0,0,0,0,1,0,0,0,0,3,0,2,0,6,6,0,0,0,0,0,1,9,0,0,1,0,0,0,0,1,1,0,0,1,1,0,0,0,0,0,0,0,1,0,6,0,0,0,1,0,0,0,0,0,6,0,0,0,0
"InChI=1S/C11H14ClNO/c1-14-8-4-5-10(12)9(7-8)11-3-2-6-13-11/h4-5,7,11,13H,2-3,6H2,1H3",1,1,5,0,0,0,0,0,0,0,0,0,0,0,0,0,0,0,0,0,1,0,1,0,0,0,0,0,0,0,0,0,0,3,0,1,0,1,0,0,0,6,0,0,0,0,0,0,0,0,0,0,2,0,0,0,2,5,2,18,8,8,18,0,1,1,6,0,0,0,1,2,0,0,0,0,0,0,0,0,0,0,0,0,0,0,3,6,1,1,1,0,2,1,0,0,0,1,0,0,0,0,0,0,0,0,0,0,0,2,0,6,6,0,0,0,0,1,0,3,3,0,1,0,0,0,0,1,1,0,0,1,1,2,0,0,0,0,0,0,0,0,11,0,0,1,1,0,0,0,0,1,22,0,0,0,0
"InChI=1S/C11H14ClNO/c12-8-6-11(14)13-9-7-10-4-2-1-3-5-10/h1-5H,6-9H2,(H,13,14)",1,1,4,0,0,0,0,0,0,0,0,0,0,0,0,0,0,0,0,0,0,0,0,0,0,0,0,0,0,0,0,0,0,6,0,0,0,1,0,0,0,3,0,0,0,0,0,0,0,0,0,1,1,0,0,0,1,6,3,18,9,18,18,0,0,1,4,1,0,0,0,0,0,0,0,0,0,0,0,0,0,0,1,0,0,0,3,6,0,0,1,0,0,1,0,0,0,0,1,1,0,0,0,0,0,0,0,0,3,0,0,6,6,0,0,0,0,0,0,24,0,0,0,0,0,0,0,0,1,0,0,1,3,0,0,0,0,0,0,0,0,1,6,0,0,0,1,0,0,0,0,0,6,0,0,0,0
"InChI=1S/C11H14ClNO/c1-6-4-5-8(12)11-9(6)10(13-3)7(2)14-11/h4-5,7,10,13H,1-3H3",1,1,5,0,0,0,0,0,0,0,0,0,0,0,0,0,0,0,0,0,1,0,1,0,0,0,0,0,0,0,0,0,0,0,0,1,0,1,0,0,0,0,0,0,0,0,0,0,0,0,0,0,2,0,0,0,2,0,0,0,0,0,0,0,1,1,6,0,0,2,1,0,0,0,0,0,0,0,0,0,0,0,0,1,0,0,0,0,1,0,1,0,2,0,0,0,0,2,0,0,0,0,1,0,0,0,0,0,0,0,1,6,6,0,0,0,0,1,0,0,0,0,3,0,0,0,0,3,1,0,0,1,1,2,0,0,0,0,0,0,0,0,9,0,0,1,1,0,0,0,0,0,7,2,0,0,0
"InChI=1S/C11H14ClNO/c1-8(7-10(12)11(13)14)9-5-3-2-4-6-9/h2-6,8,10H,7H2,1H3,(H2,13,14)",1,1,4,0,0,0,0,0,0,0,0,0,0,0,0,0,0,0,0,0,0,0,0,0,0,0,0,0,0,0,0,0,0,0,0,0,0,2,0,0,0,0,0,0,0,0,0,0,1,0,0,1,0,0,0,0,1,6,0,0,0,0,0,0,0,1,1,1,0,0,0,0,0,0,0,0,0,0,0,0,0,0,1,0,0,0,0,0,1,0,1,0,0,1,0,0,0,0,1,1,0,0,0,0,0,0,0,0,0,0,0,6,6,0,0,0,1,0,0,6,0,0,1,0,3,0,0,1,1,0,0,1,3,0,0,0,0,0,0,0,0,1,6,0,0,0,1,0,0,0,0,0,6,0,0,0,0
"InChI=1S/C11H14ClNO/c1-11(2,13-10(14)8-12)9-6-4-3-5-7-9/h3-7H,8H2,1-2H3,(H,13,14)",1,1,4,0,0,0,0,0,0,0,0,0,0,0,0,0,0,0,0,0,0,0,0,0,0,0,0,0,0,0,0,0,0,3,0,0,0,1,0,0,0,3,0,0,0,0,0,0,1,0,0,1,1,0,0,0,1,0,0,0,0,0,0,0,0,1,4,1,0,0,0,0,0,0,0,0,0,0,0,0,0,0,1,0,0,0,0,3,0,0,1,0,0,1,0,0,0,0,1,1,0,0,0,0,0,0,0,0,3,0,0,6,6,0,0,0,0,0,0,6,0,0,2,0,0,6,1,2,1,0,0,1,3,0,0,0,0,0,0,0,0,1,6,0,0,0,1,0,0,0,0,0,6,0,0,0,0
"InChI=1S/C11H14ClNO/c1-8-2-3-10(12)11(6-8)14-9-4-5-13-7-9/h2-3,6,9,13H,4-5,7H2,1H3",1,1,5,0,0,0,0,0,0,0,0,0,0,0,0,0,0,0,0,0,1,0,1,0,0,0,0,0,0,0,0,0,0,6,0,0,0,1,0,0,0,3,0,0,0,0,0,0,0,0,0,0,2,0,0,0,2,3,4,9,14,4,9,0,1,1,6,0,0,0,1,2,0,0,0,0,0,0,0,0,0,0,0,1,0,0,6,3,1,1,1,0,2,1,0,0,0,2,0,0,0,0,1,0,0,0,0,0,6,4,0,6,6,0,0,0,0,1,0,3,6,1,1,0,0,0,0,1,1,0,0,1,1,2,0,0,0,0,0,0,0,0,11,0,0,1,1,0,0,0,0,0,22,0,0,0,0
"InChI=1S/C11H14ClNO/c12-9-2-1-3-11(8-9)14-10-4-6-13-7-5-10/h1-3,8,10,13H,4-7H2",1,1,5,0,0,0,0,0,0,0,0,0,0,0,0,0,0,0,0,0,1,0,0,0,0,0,0,0,0,0,0,0,0,6,0,0,0,1,0,0,0,6,0,0,0,0,0,0,0,0,0,0,2,0,0,0,2,0,5,18,33,16,18,0,1,1,6,0,0,0,1,2,0,0,0,0,0,0,0,0,0,0,0,0,0,0,6,6,1,1,1,0,2,1,0,0,0,2,0,0,0,0,2,0,0,0,0,0,6,4,0,6,6,0,0,0,0,1,0,4,6,1,0,0,0,0,0,0,1,0,0,1,1,2,0,0,0,0,0,0,0,0,12,0,0,0,2,0,0,0,1,0,26,0,0,0,0
"InChI=1S/C11H14ClNO/c1-9-2-4-10(5-3-9)6-7-13-11(14)8-12/h2-5H,6-8H2,1H3,(H,13,14)",1,1,4,0,0,0,0,0,0,0,0,0,0,0,0,0,0,0,0,0,0,0,0,0,0,0,0,0,0,0,0,0,0,6,0,0,0,1,0,0,0,3,0,0,0,0,0,0,0,0,0,1,1,0,0,0,1,3,3,9,9,9,9,0,0,1,4,1,0,0,0,0,0,0,0,0,0,0,0,0,0,0,1,0,0,0,3,6,0,0,1,0,0,1,0,0,0,0,1,1,0,0,0,0,0,0,0,0,3,0,0,6,6,0,0,0,0,0,0,18,0,0,1,0,0,0,0,1,1,0,0,1,3,0,0,0,0,0,0,0,0,1,6,0,0,0,1,0,0,0,0,0,6,0,0,0,0
"InChI=1S/C11H14ClNO/c1-9-4-6-13-8-10(9)7-11(14)3-2-5-12/h4,6,8H,2-3,5,7H2,1H3",1,1,5,0,0,0,0,0,0,0,0,0,0,0,0,0,0,0,0,0,0,0,0,0,0,0,0,0,0,0,0,0,0,3,0,0,0,0,0,0,0,0,0,0,0,0,0,0,0,0,0,0,0,0,0,1,0,0,0,18,9,9,18,3,1,1,2,0,0,0,0,0,0,0,0,0,0,0,0,0,0,0,0,0,0,0,0,0,0,1,1,1,0,0,0,0,0,1,0,0,0,0,0,0,0,0,0,0,6,0,0,6,4,0,0,0,0,1,0,24,0,0,1,0,0,0,0,1,1,0,0,1,3,0,0,0,0,0,0,2,0,0,6,0,0,0,1,0,0,0,1,0,4,0,0,0,0
"InChI=1S/C11H14ClNO/c1-13-10-6-3-7-14-11-8(10)4-2-5-9(11)12/h2,4-5,10,13H,3,6-7H2,1H3",1,1,5,0,0,0,0,0,0,0,0,0,0,0,0,0,0,0,0,0,1,0,0,0,0,0,0,0,0,0,0,0,0,3,0,1,0,1,0,0,0,3,0,0,0,0,0,0,0,0,0,0,2,0,0,0,2,3,3,18,0,0,18,3,1,1,6,0,0,2,1,0,0,0,0,0,0,0,0,0,0,0,0,0,0,0,0,3,1,0,1,0,2,0,0,0,0,1,0,0,0,0,1,0,0,0,0,3,3,0,1,6,6,0,0,0,0,1,0,3,0,0,1,0,0,3,0,1,1,0,0,1,1,2,0,0,0,0,0,0,0,0,11,0,0,0,1,1,0,0,0,0,15,2,0,0,0
"InChI=1S/C11H14ClNO/c1-7(2)11-10(12)9(5-6-13-11)14-8-3-4-8/h5-8H,3-4H2,1-2H3",1,1,6,0,0,0,0,0,0,0,0,0,0,0,0,0,0,0,0,0,0,0,0,0,0,0,0,0,0,0,0,0,0,0,0,0,0,0,0,0,0,0,0,0,0,0,0,0,1,0,0,0,0,0,0,0,2,0,0,8,0,0,8,0,1,1,2,0,0,0,0,0,0,0,0,0,0,0,0,0,0,0,0,0,0,0,0,0,0,1,1,0,2,1,0,0,0,2,0,0,0,0,2,0,0,0,0,0,5,4,0,6,4,0,0,0,0,1,0,2,0,0,2,0,0,0,1,2,1,0,0,1,1,2,0,0,0,0,0,2,0,0,9,1,0,0,1,0,0,0,1,0,16,0,0,0,0
"InChI=1S/C11H14ClNO/c1-7-3-4-8(12)10-9(13-2)5-6-14-11(7)10/h3-4,9,13H,5-6H2,1-2H3",1,1,5,0,0,0,0,0,0,0,0,0,0,0,0,0,0,0,0,0,1,0,0,0,0,0,0,0,0,0,0,0,0,3,0,1,0,1,0,0,0,3,0,0,0,0,0,0,0,0,0,0,2,0,0,0,2,3,0,9,0,0,9,3,1,1,6,0,0,2,1,0,0,0,0,0,0,0,0,0,0,0,0,0,0,0,0,3,1,0,1,0,2,0,0,0,0,1,0,0,0,0,2,0,0,0,0,3,3,0,1,6,6,0,0,0,0,1,0,2,0,0,2,0,0,6,0,2,1,0,0,1,1,2,0,0,0,0,0,0,0,0,10,0,0,0,2,0,0,0,1,0,11,2,0,0,0
"InChI=1S/C11H14ClNO/c12-10-1-3-11(4-2-10)14-6-5-9-7-13-8-9/h1-4,9,13H,5-8H2",1,1,5,0,0,0,0,0,0,0,0,0,0,0,0,0,0,0,0,0,1,1,0,0,0,0,0,0,0,0,0,0,0,9,0,0,0,1,0,0,0,0,0,0,0,0,0,0,1,0,0,0,2,0,0,0,2,10,6,9,18,12,9,0,1,1,6,0,0,0,1,2,0,0,0,0,0,0,0,0,0,0,0,0,0,0,6,0,1,1,1,0,2,1,0,0,0,1,0,0,0,0,0,0,0,0,0,3,3,2,0,6,6,0,0,0,0,1,0,14,6,1,0,0,0,0,0,0,1,0,0,1,1,2,0,0,0,0,0,0,0,0,10,0,1,0,1,0,0,0,0,0,18,0,0,0,0
"InChI=1S/C11H14ClNO/c12-8-4-1-2-6-10(8)14-11-7-3-5-9(11)13/h1-2,4,6,9,11H,3,5,7,13H2",1,1,5,0,0,0,0,0,0,0,0,0,0,0,0,0,0,0,0,0,1,0,0,0,0,0,0,0,0,0,0,0,0,0,0,0,0,1,0,0,0,3,0,0,0,0,0,0,0,0,0,0,1,0,0,0,2,6,5,18,8,8,18,0,0,1,3,0,0,2,1,0,0,0,0,0,0,0,0,0,0,0,0,1,0,0,0,3,1,0,1,0,2,1,0,0,0,2,0,0,0,0,0,0,0,0,0,0,3,4,0,6,6,0,0,0,0,0,0,3,0,0,0,0,0,0,0,0,1,0,0,1,1,2,0,0,0,0,0,0,1,0,11,0,0,1,1,0,0,0,0,0,26,0,0,0,0
"InChI=1S/C11H14ClNO/c1-7-5-10(11(14)6-12)8(2)13(7)9-3-4-9/h5,9H,3-4,6H2,1-2H3",1,0,6,0,0,0,0,0,0,0,0,0,0,0,0,0,0,0,0,0,1,0,1,0,0,0,0,0,0,0,0,0,0,3,0,0,0,0,0,0,0,0,0,0,0,0,0,0,0,0,0,0,1,0,1,1,0,0,0,8,0,0,8,0,1,1,5,0,0,2,1,2,0,0,0,0,0,0,0,0,0,0,0,0,0,0,0,5,0,1,1,1,0,0,0,0,0,1,0,0,0,0,1,0,0,0,0,0,3,0,0,5,5,0,0,0,0,1,0,8,0,0,2,0,0,13,0,2,1,0,0,1,3,0,0,0,0,0,0,2,0,0,8,1,0,1,0,0,0,0,0,1,17,0,0,0,0
"InChI=1S/C11H14ClNO/c1-6-3-8(12)4-9-10(13)7(2)5-14-11(6)9/h3-4,7,10H,5,13H2,1-2H3",1,1,5,0,0,0,0,0,0,0,0,0,0,0,0,0,0,0,0,0,1,0,0,0,0,0,0,0,0,0,0,0,0,3,0,0,0,1,0,0,0,0,0,0,0,0,0,0,1,0,0,0,1,0,0,0,2,3,0,0,0,0,0,0,1,1,3,0,0,2,1,0,0,0,0,0,0,0,0,0,0,0,0,0,0,0,0,0,1,0,1,0,2,0,0,0,0,1,0,0,0,0,2,0,0,0,0,3,0,0,1,6,6,0,0,0,0,1,0,1,0,0,2,0,3,3,0,2,1,0,0,1,1,2,0,0,0,0,0,0,1,0,10,0,0,0,2,0,0,0,1,0,11,2,0,0,0
"InChI=1S/C11H14ClNO/c1-14-10-3-2-9(12)6-8(10)7-11(13)4-5-11/h2-3,6H,4-5,7,13H2,1H3",1,1,5,0,0,0,0,0,0,0,0,0,0,0,0,0,0,0,0,0,1,0,0,0,0,0,0,0,0,0,0,0,0,0,0,1,0,1,0,0,0,8,0,0,0,0,0,0,1,0,0,0,1,0,0,0,2,4,0,8,12,0,8,0,0,1,3,0,0,2,1,0,0,0,0,0,0,0,0,0,0,0,0,0,0,0,0,8,1,0,1,0,2,1,0,0,0,1,0,0,0,0,0,0,0,0,0,0,0,2,0,6,6,0,0,0,0,0,0,8,0,0,1,0,0,3,0,1,1,0,0,1,1,2,0,0,0,0,0,0,1,0,9,1,0,0,1,0,0,0,0,0,18,0,0,0,0
"InChI=1S/C11H14ClNO/c12-11-7-9(5-6-13-11)8-14-10-3-1-2-4-10/h5-7,10H,1-4,8H2",1,1,6,0,0,0,0,0,0,0,0,0,0,0,0,0,0,0,0,0,0,0,0,0,0,0,0,0,0,0,0,0,0,3,0,0,0,0,0,0,0,0,0,0,0,0,0,0,0,0,0,0,0,0,0,0,2,0,0,27,38,30,27,0,1,1,2,0,0,0,0,0,0,0,0,0,0,0,0,0,0,0,0,0,0,0,0,0,0,1,1,0,0,1,0,0,0,1,0,0,0,0,0,0,0,0,0,3,6,2,0,6,4,0,0,0,0,1,0,10,0,0,0,0,0,0,0,0,1,0,0,1,1,2,0,0,0,0,0,2,0,0,11,0,0,1,1,0,0,0,1,0,24,0,0,0,0
"InChI=1S/C11H14ClNO/c1-6-4-7(2)9(8(3)5-6)10(12)11(13)14/h4-5,10H,1-3H3,(H2,13,14)",1,1,4,0,0,0,0,0,0,0,0,0,0,0,0,0,0,0,0,0,0,0,0,0,0,0,0,0,0,0,0,0,0,0,0,0,0,2,0,0,0,0,0,0,0,0,0,0,0,0,0,1,0,0,0,0,1,0,0,0,0,0,0,0,0,1,1,1,0,0,0,0,0,0,0,0,0,0,0,0,0,0,1,0,0,0,0,0,1,0,1,0,0,1,0,0,0,0,1,1,0,0,0,0,0,0,0,0,0,0,0,6,6,0,0,0,1,0,0,0,0,0,3,0,0,0,0,3,1,0,0,1,3,0,0,0,0,0,0,0,0,1,6,0,0,0,1,0,0,0,0,0,6,0,0,0,0
"InChI=1S/C11H14ClNO/c1-8-6-9(2-3-11(8)12)14-10-4-5-13-7-10/h2-3,6,10,13H,4-5,7H2,1H3",1,1,5,0,0,0,0,0,0,0,0,0,0,0,0,0,0,0,0,0,1,0,1,0,0,0,0,0,0,0,0,0,0,6,0,0,0,1,0,0,0,3,0,0,0,0,0,0,0,0,0,0,2,0,0,0,2,3,4,9,14,4,9,0,1,1,6,0,0,0,1,2,0,0,0,0,0,0,0,0,0,0,0,1,0,0,6,3,1,1,1,0,2,1,0,0,0,2,0,0,0,0,1,0,0,0,0,0,6,4,0,6,6,0,0,0,0,1,0,3,6,1,1,0,0,0,0,1,1,0,0,1,1,2,0,0,0,0,0,0,0,0,11,0,0,1,1,0,0,0,0,0,22,0,0,0,0
"InChI=1S/C11H14ClNO/c1-8(10(12)7-11(13)14)9-5-3-2-4-6-9/h2-6,8,10H,7H2,1H3,(H2,13,14)",1,1,4,0,0,0,0,0,0,0,0,0,0,0,0,0,0,0,0,0,0,0,0,0,0,0,0,0,0,0,0,0,0,0,0,0,0,2,0,0,0,6,0,0,0,0,0,0,1,0,0,1,0,0,0,0,1,0,0,0,0,0,0,3,0,1,1,1,0,0,0,0,0,0,0,0,0,0,0,0,0,0,1,0,0,0,0,3,1,0,1,0,0,1,0,0,0,0,1,1,0,0,0,0,0,0,0,0,3,0,0,6,6,0,0,0,1,0,0,6,0,0,1,0,0,0,0,1,1,0,0,1,3,0,0,0,0,0,0,0,0,1,6,0,0,0,1,0,0,0,0,0,6,0,0,0,0
"InChI=1S/C11H14ClNO/c1-7-5-8(12)6-9-10(13-2)3-4-14-11(7)9/h5-6,10,13H,3-4H2,1-2H3",1,1,5,0,0,0,0,0,0,0,0,0,0,0,0,0,0,0,0,0,1,0,0,0,0,0,0,0,0,0,0,0,0,3,0,1,0,1,0,0,0,3,0,0,0,0,0,0,0,0,0,0,2,0,0,0,2,3,0,9,0,0,9,3,1,1,6,0,0,2,1,0,0,0,0,0,0,0,0,0,0,0,0,0,0,0,0,3,1,0,1,0,2,0,0,0,0,1,0,0,0,0,2,0,0,0,0,3,3,0,1,6,6,0,0,0,0,1,0,2,0,0,2,0,0,6,0,2,1,0,0,1,1,2,0,0,0,0,0,0,0,0,10,0,0,0,2,0,0,0,1,0,11,2,0,0,0
"InChI=1S/C11H14ClNO/c1-7-6-14-10-4-3-8(12)5-9(10)11(7)13-2/h3-5,7,11,13H,6H2,1-2H3",1,1,5,0,0,0,0,0,0,0,0,0,0,0,0,0,0,0,0,0,1,0,0,0,0,0,0,0,0,0,0,0,0,3,0,1,0,1,0,0,0,0,0,0,0,0,0,0,1,0,0,0,2,0,0,0,2,3,0,0,0,0,0,0,1,1,6,0,0,2,1,0,0,0,0,0,0,0,0,0,0,0,0,0,0,0,0,0,1,0,1,0,2,0,0,0,0,1,0,0,0,0,2,0,0,0,0,3,0,0,1,6,6,0,0,0,0,1,0,1,0,0,2,0,3,3,0,2,1,0,0,1,1,2,0,0,0,0,0,0,0,0,10,0,0,0,2,0,0,0,1,0,11,2,0,0,0
"InChI=1S/C11H14ClNO/c1-9-5-3-4-6-10(9)11(14)13(2)8-7-12/h3-6H,7-8H2,1-2H3",1,1,4,0,0,0,0,0,0,0,0,0,0,0,0,0,0,0,0,0,1,0,0,0,0,0,0,0,0,0,0,0,0,6,0,1,0,0,0,0,0,0,0,0,0,0,0,0,0,0,0,0,3,0,1,1,0,0,0,9,0,0,9,3,0,1,7,0,0,0,1,0,0,0,0,0,0,0,0,0,0,0,1,0,0,0,3,3,0,0,1,1,0,0,0,0,0,0,1,1,0,0,0,0,0,0,0,0,0,0,0,6,6,0,0,0,0,0,0,12,0,1,2,0,3,0,0,2,1,0,0,1,3,0,0,0,0,0,0,0,0,0,6,0,0,0,1,0,0,0,0,0,6,0,0,0,0
"InChI=1S/C11H14ClNO/c1-9-4-2-5-10(8-9)11(14)13-7-3-6-12/h2,4-5,8H,3,6-7H2,1H3,(H,13,14)",1,1,4,0,0,0,0,0,0,0,0,0,0,0,0,0,0,0,0,0,0,0,0,0,0,0,0,0,0,0,0,0,0,6,0,0,0,1,0,0,0,0,0,0,0,0,0,0,0,0,0,1,1,0,0,0,1,3,3,18,0,0,18,0,0,1,4,1,0,0,0,0,0,0,0,0,0,0,0,0,0,0,1,0,0,0,3,3,0,0,1,0,0,1,0,0,0,0,1,1,0,0,0,0,0,0,0,0,0,0,0,6,6,0,0,0,0,0,0,18,0,0,1,0,0,0,0,1,1,0,0,1,3,0,0,0,0,0,0,0,0,1,6,0,0,0,1,0,0,0,0,0,6,0,0,0,0
"InChI=1S/C11H14ClNO/c12-8-4-6-9(7-5-8)14-11-3-1-2-10(11)13/h4-7,10-11H,1-3,13H2",1,1,5,0,0,0,0,0,0,0,0,0,0,0,0,0,0,0,0,0,1,0,0,0,0,0,0,0,0,0,0,0,0,0,0,0,0,1,0,0,0,3,0,0,0,0,0,0,0,0,0,0,1,0,0,0,2,6,5,18,8,8,18,0,0,1,3,0,0,2,1,0,0,0,0,0,0,0,0,0,0,0,0,1,0,0,0,3,1,0,1,0,2,1,0,0,0,2,0,0,0,0,0,0,0,0,0,0,3,4,0,6,6,0,0,0,0,0,0,3,0,0,0,0,0,0,0,0,1,0,0,1,1,2,0,0,0,0,0,0,1,0,11,0,0,1,1,0,0,0,0,0,26,0,0,0,0
"InChI=1S/C11H14ClNO/c1-7-4-5-8(2)11(9(7)3)13-10(14)6-12/h4-5H,6H2,1-3H3,(H,13,14)",1,1,4,0,0,0,0,0,0,0,0,0,0,0,0,0,0,0,0,0,0,0,0,0,0,0,0,0,0,0,0,0,0,3,0,0,0,1,0,0,0,3,0,0,0,0,0,0,0,0,0,1,1,0,0,0,1,0,0,0,0,0,0,0,0,1,2,1,2,2,0,0,0,0,0,0,0,0,0,0,0,0,1,0,0,0,0,3,0,0,1,0,0,1,0,0,0,0,1,1,0,0,0,0,0,0,0,0,3,0,0,6,6,0,0,0,0,0,0,6,0,0,3,0,0,0,0,3,1,0,0,1,3,0,0,0,0,0,0,0,0,1,6,0,0,0,1,0,0,0,0,0,6,0,0,0,0
"InChI=1S/C11H14ClNO/c1-7-4-5-8(12)10-9(13)3-2-6-14-11(7)10/h4-5,9H,2-3,6,13H2,1H3",1,1,5,0,0,0,0,0,0,0,0,0,0,0,0,0,0,0,0,0,1,0,0,0,0,0,0,0,0,0,0,0,0,3,0,0,0,1,0,0,0,3,0,0,0,0,0,0,0,0,0,0,1,0,0,0,2,3,3,18,0,0,18,0,1,1,3,0,0,2,1,0,0,0,0,0,0,0,0,0,0,0,0,0,0,0,0,3,1,0,1,0,2,0,0,0,0,1,0,0,0,0,1,0,0,0,0,3,3,0,1,6,6,0,0,0,0,1,0,3,0,0,1,0,0,3,0,1,1,0,0,1,1,2,0,0,0,0,0,0,1,0,11,0,0,0,1,1,0,0,0,0,15,2,0,0,0
"InChI=1S/C11H14ClNO/c1-9-2-4-10(5-3-9)8-11(14)13-7-6-12/h2-5H,6-8H2,1H3,(H,13,14)",1,1,4,0,0,0,0,0,0,0,0,0,0,0,0,0,0,0,0,0,0,0,0,0,0,0,0,0,0,0,0,0,0,6,0,0,0,1,0,0,0,3,0,0,0,0,0,0,0,0,0,1,1,0,0,0,1,3,3,9,9,9,9,0,0,1,4,1,0,0,0,0,0,0,0,0,0,0,0,0,0,0,1,0,0,0,3,6,0,0,1,0,0,1,0,0,0,0,1,1,0,0,0,0,0,0,0,0,3,0,0,6,6,0,0,0,0,0,0,18,0,0,1,0,0,0,0,1,1,0,0,1,3,0,0,0,0,0,0,0,0,1,6,0,0,0,1,0,0,0,0,0,6,0,0,0,0
"InChI=1S/C11H14ClNO/c1-3-9-10(13)7-4-6(2)5-8(12)11(7)14-9/h4-5,9-10H,3,13H2,1-2H3",1,1,5,0,0,0,0,0,0,0,0,0,0,0,0,0,0,0,0,0,1,0,1,0,0,0,0,0,0,0,0,0,0,0,0,0,0,1,0,0,0,0,0,0,0,0,0,0,0,0,0,0,1,0,0,0,2,3,0,0,0,0,0,0,1,1,3,0,0,2,1,0,0,0,0,0,0,0,0,0,0,0,0,1,0,0,0,0,1,0,1,0,2,0,0,0,0,2,0,0,0,0,1,0,0,0,0,0,3,0,1,6,6,0,0,0,0,1,0,6,0,0,2,3,0,0,0,2,1,0,0,1,1,2,0,0,0,0,0,0,1,0,9,0,0,1,1,0,0,0,0,0,7,2,0,0,0
"InChI=1S/C11H14ClNO/c1-14-11-5-4-8(7-9(11)12)10-3-2-6-13-10/h4-5,7,10,13H,2-3,6H2,1H3",1,1,5,0,0,0,0,0,0,0,0,0,0,0,0,0,0,0,0,0,1,0,1,0,0,0,0,0,0,0,0,0,0,3,0,1,0,1,0,0,0,6,0,0,0,0,0,0,0,0,0,0,2,0,0,0,2,5,2,18,8,8,18,0,1,1,6,0,0,0,1,2,0,0,0,0,0,0,0,0,0,0,0,0,0,0,3,6,1,1,1,0,2,1,0,0,0,1,0,0,0,0,0,0,0,0,0,0,0,2,0,6,6,0,0,0,0,1,0,3,3,0,1,0,0,0,0,1,1,0,0,1,1,2,0,0,0,0,0,0,0,0,11,0,0,1,1,0,0,0,0,1,22,0,0,0,0
"InChI=1S/C11H14ClNO/c12-10-7-13-5-4-8(10)6-9-2-1-3-11(9)14/h4-5,7,9,11,14H,1-3,6H2",1,1,6,0,0,0,0,0,0,0,0,0,0,0,0,0,0,0,0,0,0,0,0,0,0,0,0,0,0,0,0,0,0,0,0,0,0,1,0,0,0,3,0,0,0,0,0,0,1,0,0,0,0,0,0,0,1,9,5,18,26,23,18,0,1,1,2,0,0,0,0,0,0,0,0,0,0,0,0,0,0,0,0,0,0,0,0,0,0,1,1,0,0,1,0,0,0,1,0,0,0,0,0,0,0,0,0,0,3,2,0,6,4,0,0,0,0,1,0,9,0,0,0,0,0,0,0,0,1,0,0,1,1,2,0,0,0,0,0,2,0,1,11,0,0,1,1,0,0,0,1,0,24,0,0,0,0
"InChI=1S/C11H14ClNO/c1-6-4-8(12)9(13)7-5-11(2,3)14-10(6)7/h4H,5,13H2,1-3H3",1,1,5,0,0,0,0,0,0,0,0,0,0,0,0,0,0,0,0,0,1,0,1,0,0,0,0,0,0,0,0,0,0,0,0,0,0,1,0,0,0,0,0,0,0,0,0,0,1,0,0,0,1,0,0,0,2,3,0,0,0,0,0,0,1,1,1,0,2,2,1,0,0,0,0,0,0,0,0,0,0,0,0,0,0,0,0,0,1,0,1,0,2,0,0,0,0,4,0,0,0,0,1,0,0,0,0,0,3,0,1,6,6,0,0,0,0,1,0,1,0,0,3,0,6,3,1,3,1,0,0,1,1,2,0,0,0,0,0,0,1,0,9,0,0,1,1,0,0,0,0,0,7,2,0,0,0
"InChI=1S/C11H14ClNO/c1-7-5-8(12)6-9-10(13)3-2-4-14-11(7)9/h5-6,10H,2-4,13H2,1H3",1,1,5,0,0,0,0,0,0,0,0,0,0,0,0,0,0,0,0,0,1,0,0,0,0,0,0,0,0,0,0,0,0,3,0,0,0,1,0,0,0,3,0,0,0,0,0,0,0,0,0,0,1,0,0,0,2,3,3,18,0,0,18,0,1,1,3,0,0,2,1,0,0,0,0,0,0,0,0,0,0,0,0,0,0,0,0,3,1,0,1,0,2,0,0,0,0,1,0,0,0,0,1,0,0,0,0,3,3,0,1,6,6,0,0,0,0,1,0,3,0,0,1,0,0,3,0,1,1,0,0,1,1,2,0,0,0,0,0,0,1,0,11,0,0,0,1,1,0,0,0,0,15,2,0,0,0
"InChI=1S/C11H14ClNO/c1-8-6-11(7-13-8)14-10-4-2-9(12)3-5-10/h2-5,8,11,13H,6-7H2,1H3",1,1,5,0,0,0,0,0,0,0,0,0,0,0,0,0,0,0,0,0,1,0,1,0,0,0,0,0,0,0,0,0,0,3,0,0,0,1,0,0,0,3,0,0,0,0,0,0,0,0,0,0,2,0,0,0,2,3,2,0,8,0,0,3,1,1,6,0,0,0,1,2,0,0,0,0,0,0,0,0,0,0,0,1,0,0,3,3,1,1,1,0,2,1,0,0,0,2,0,0,0,0,1,0,0,0,0,0,6,4,0,6,6,0,0,0,0,1,0,2,3,0,1,0,3,3,0,1,1,0,0,1,1,2,0,0,0,0,0,0,0,0,11,0,0,1,1,0,0,0,0,0,22,0,0,0,0
"InChI=1S/C11H14ClNO/c1-14-10-3-2-8(12)6-9(10)11(7-13)4-5-11/h2-3,6H,4-5,7,13H2,1H3",1,1,5,0,0,0,0,0,0,0,0,0,0,0,0,0,0,0,0,0,1,0,0,0,0,0,0,0,0,0,0,0,0,3,0,1,0,1,0,0,0,0,0,0,0,0,0,0,1,0,0,0,1,0,0,0,2,5,4,8,12,0,8,0,0,1,3,0,0,0,1,0,0,0,0,0,0,0,0,0,0,0,0,0,0,0,3,0,1,0,1,0,2,1,0,0,0,1,0,0,0,0,0,0,0,0,0,0,0,2,0,6,6,0,0,0,0,0,0,8,3,0,1,0,0,0,0,1,1,0,0,1,1,2,0,0,0,0,0,0,1,0,9,1,0,0,1,0,0,0,0,1,18,0,0,0,0
"InChI=1S/C11H14ClNO/c1-9-3-2-4-10(7-9)5-6-13-11(14)8-12/h2-4,7H,5-6,8H2,1H3,(H,13,14)",1,1,4,0,0,0,0,0,0,0,0,0,0,0,0,0,0,0,0,0,0,0,0,0,0,0,0,0,0,0,0,0,0,6,0,0,0,1,0,0,0,3,0,0,0,0,0,0,0,0,0,1,1,0,0,0,1,3,3,9,9,9,9,0,0,1,4,1,0,0,0,0,0,0,0,0,0,0,0,0,0,0,1,0,0,0,3,6,0,0,1,0,0,1,0,0,0,0,1,1,0,0,0,0,0,0,0,0,3,0,0,6,6,0,0,0,0,0,0,18,0,0,1,0,0,3,0,1,1,0,0,1,3,0,0,0,0,0,0,0,0,1,6,0,0,0,1,0,0,0,0,0,6,0,0,0,0
"InChI=1S/C11H14ClNO/c1-3-13-9-6-14-11-8(12)5-4-7(2)10(9)11/h4-5,9,13H,3,6H2,1-2H3",1,1,5,0,0,0,0,0,0,0,0,0,0,0,0,0,0,0,0,0,1,0,1,0,0,0,0,0,0,0,0,0,0,6,0,0,0,1,0,0,0,3,0,0,0,0,0,0,0,0,0,0,2,0,0,0,2,0,0,0,9,0,0,0,1,1,6,0,0,2,1,0,0,0,0,0,0,0,0,0,0,0,0,1,0,0,3,3,1,0,1,0,2,0,0,0,0,1,0,0,0,0,1,0,0,0,0,3,0,0,1,6,6,0,0,0,0,1,0,7,3,0,2,3,0,6,0,2,1,0,0,1,1,2,0,0,0,0,0,0,0,0,9,0,0,1,1,0,0,0,0,0,7,2,0,0,0
"InChI=1S/C11H14ClNO/c1-14-8-4-5-9(10(12)7-8)11-3-2-6-13-11/h4-5,7,11,13H,2-3,6H2,1H3",1,1,5,0,0,0,0,0,0,0,0,0,0,0,0,0,0,0,0,0,1,0,1,0,0,0,0,0,0,0,0,0,0,3,0,1,0,1,0,0,0,6,0,0,0,0,0,0,0,0,0,0,2,0,0,0,2,5,2,18,8,8,18,0,1,1,6,0,0,0,1,2,0,0,0,0,0,0,0,0,0,0,0,0,0,0,3,6,1,1,1,0,2,1,0,0,0,1,0,0,0,0,0,0,0,0,0,0,0,2,0,6,6,0,0,0,0,1,0,3,3,0,1,0,0,0,0,1,1,0,0,1,1,2,0,0,0,0,0,0,0,0,11,0,0,1,1,0,0,0,0,1,22,0,0,0,0
"InChI=1S/C11H14ClNO/c12-9-11(14)13-8-4-7-10-5-2-1-3-6-10/h1-3,5-6H,4,7-9H2,(H,13,14)",1,1,4,0,0,0,0,0,0,0,0,0,0,0,0,0,0,0,0,0,0,0,0,0,0,0,0,0,0,0,0,0,0,6,0,0,0,1,0,0,0,3,0,0,0,0,0,0,0,0,0,1,1,0,0,0,1,3,3,18,9,9,18,0,0,1,4,1,0,0,0,0,0,0,0,0,0,0,0,0,0,0,1,0,0,0,3,6,0,0,1,0,0,1,0,0,0,0,1,1,0,0,0,0,0,0,0,0,3,0,0,6,6,0,0,0,0,0,0,24,0,0,0,0,0,0,0,0,1,0,0,1,3,0,0,0,0,0,0,0,0,1,6,0,0,0,1,0,0,0,0,0,6,0,0,0,0
"InChI=1S/C11H14ClNO/c12-10-7-13-5-4-9(10)6-11(14)8-2-1-3-8/h4-5,7-8,11,14H,1-3,6H2",1,1,6,0,0,0,0,0,0,0,0,0,0,0,0,0,0,0,0,0,0,0,0,0,0,0,0,0,0,0,0,0,0,0,0,0,0,1,0,0,0,3,0,0,0,0,0,0,1,0,0,0,0,0,0,0,1,6,5,17,26,15,17,0,1,1,2,0,0,0,0,0,0,0,0,0,0,0,0,0,0,0,0,0,0,0,0,0,0,1,1,0,0,1,0,0,0,1,0,0,0,0,0,0,0,0,0,0,3,0,0,6,4,0,0,0,0,1,0,9,0,0,0,0,0,0,0,0,1,0,0,1,1,2,0,0,0,0,0,2,0,1,10,0,1,0,1,0,0,0,1,0,20,0,0,0,0
"InChI=1S/C11H14ClNO/c1-9(13)10-5-2-3-6-11(10)14-8-4-7-12/h2-7,9H,8,13H2,1H3",1,1,3,0,0,0,0,0,0,0,0,0,0,0,0,0,0,0,0,0,1,0,0,0,0,0,0,0,0,0,0,0,0,3,0,0,0,1,0,0,0,0,0,1,2,0,0,0,0,0,0,0,1,0,0,0,2,0,0,0,0,0,0,0,0,1,3,0,0,0,1,0,0,0,0,0,0,0,0,0,0,0,0,0,0,0,0,0,1,0,1,0,2,1,0,0,0,1,0,0,0,0,1,0,0,0,0,3,0,2,0,6,6,0,0,0,0,0,0,6,0,0,1,0,0,0,0,1,1,0,0,1,1,0,0,0,0,0,0,0,1,0,6,0,0,0,1,0,0,0,0,0,6,0,0,0,0
"InChI=1S/C11H14ClNO/c1-3-13-10-6-14-11-8(10)4-7(2)5-9(11)12/h4-5,10,13H,3,6H2,1-2H3",1,1,5,0,0,0,0,0,0,0,0,0,0,0,0,0,0,0,0,0,1,0,1,0,0,0,0,0,0,0,0,0,0,6,0,0,0,1,0,0,0,3,0,0,0,0,0,0,0,0,0,0,2,0,0,0,2,0,0,0,9,0,0,0,1,1,6,0,0,2,1,0,0,0,0,0,0,0,0,0,0,0,0,1,0,0,3,3,1,0,1,0,2,0,0,0,0,1,0,0,0,0,1,0,0,0,0,3,0,0,1,6,6,0,0,0,0,1,0,7,3,0,2,3,0,3,0,2,1,0,0,1,1,2,0,0,0,0,0,0,0,0,9,0,0,1,1,0,0,0,0,0,7,2,0,0,0
"InChI=1S/C11H14ClNO/c1-8(2)13-11(12)9-6-4-5-7-10(9)14-3/h4-8H,1-3H3",1,1,4,0,0,0,0,0,0,0,0,0,0,0,0,0,0,0,0,0,0,0,0,0,0,0,0,0,0,0,0,0,0,0,0,1,0,0,0,0,0,0,0,0,0,0,0,0,0,0,0,1,1,0,0,0,2,0,0,0,0,0,0,0,0,1,4,1,0,0,0,0,0,0,0,0,0,0,0,0,0,0,0,0,0,0,0,0,0,0,1,0,2,1,0,0,0,1,0,0,0,0,1,0,0,0,0,0,0,2,0,6,6,0,0,0,0,0,0,0,0,0,3,0,0,0,1,3,1,0,0,1,1,0,0,0,0,0,0,0,0,0,6,0,0,0,1,0,0,0,0,0,6,0,0,0,0
"InChI=1S/C11H14ClNO/c12-11-7-13-4-3-9(11)5-8-1-2-10(14)6-8/h3-4,7-8,10,14H,1-2,5-6H2",1,1,6,0,0,0,0,0,0,0,0,0,0,0,0,0,0,0,0,0,0,0,0,0,0,0,0,0,0,0,0,0,0,0,0,0,0,1,0,0,0,6,0,0,0,0,0,0,1,0,0,0,0,0,0,0,1,3,6,9,23,13,9,0,1,1,2,0,0,0,0,0,0,0,0,0,0,0,0,0,0,0,0,0,0,0,0,0,0,1,1,0,0,1,0,0,0,1,0,0,0,0,0,0,0,0,0,0,6,2,0,6,4,0,0,0,0,1,0,9,0,0,0,0,0,0,0,0,1,0,0,1,1,2,0,0,0,0,0,2,0,1,11,0,0,1,1,0,0,0,1,0,24,0,0,0,0
"InChI=1S/C11H14ClNO/c12-11-6-5-9(7-13-11)8-14-10-3-1-2-4-10/h5-7,10H,1-4,8H2",1,1,6,0,0,0,0,0,0,0,0,0,0,0,0,0,0,0,0,0,0,0,0,0,0,0,0,0,0,0,0,0,0,3,0,0,0,0,0,0,0,0,0,0,0,0,0,0,0,0,0,0,0,0,0,0,2,0,0,27,38,30,27,0,1,1,2,0,0,0,0,0,0,0,0,0,0,0,0,0,0,0,0,0,0,0,0,0,0,1,1,0,0,1,0,0,0,1,0,0,0,0,1,0,0,0,0,3,6,2,0,6,4,0,0,0,0,1,0,10,0,0,0,0,0,0,0,0,1,0,0,1,1,2,0,0,0,0,0,2,0,0,11,0,0,1,1,0,0,0,1,0,24,0,0,0,0
"InChI=1S/C11H14ClNO/c1-9-5-2-3-6-10(9)11(14)13-8-4-7-12/h2-3,5-6H,4,7-8H2,1H3,(H,13,14)",1,1,4,0,0,0,0,0,0,0,0,0,0,0,0,0,0,0,0,0,0,0,0,0,0,0,0,0,0,0,0,0,0,6,0,0,0,1,0,0,0,0,0,0,0,0,0,0,0,0,0,1,1,0,0,0,1,3,3,18,0,0,18,0,0,1,4,1,0,0,0,0,0,0,0,0,0,0,0,0,0,0,1,0,0,0,3,3,0,0,1,0,0,1,0,0,0,0,1,1,0,0,0,0,0,0,0,0,0,0,0,6,6,0,0,0,0,0,0,18,0,0,1,0,0,0,0,1,1,0,0,1,3,0,0,0,0,0,0,0,0,1,6,0,0,0,1,0,0,0,0,0,6,0,0,0,0
"InChI=1S/C11H14ClNO/c12-11-9(4-3-7-13-11)8-14-10-5-1-2-6-10/h3-4,7,10H,1-2,5-6,8H2",1,1,6,0,0,0,0,0,0,0,0,0,0,0,0,0,0,0,0,0,0,0,0,0,0,0,0,0,0,0,0,0,0,3,0,0,0,0,0,0,0,0,0,0,0,0,0,0,0,0,0,0,0,0,0,0,2,0,0,27,38,30,27,0,1,1,2,0,0,0,0,0,0,0,0,0,0,0,0,0,0,0,0,0,0,0,0,0,0,1,1,0,0,1,0,0,0,1,0,0,0,0,1,0,0,0,0,3,6,2,0,6,4,0,0,0,0,1,0,10,0,0,0,0,0,0,0,0,1,0,0,1,1,2,0,0,0,0,0,2,0,0,11,0,0,1,1,0,0,0,1,0,24,0,0,0,0
"InChI=1S/C11H14ClNO/c12-10(6-7-11(13)14)8-9-4-2-1-3-5-9/h1-5,10H,6-8H2,(H2,13,14)",1,1,4,0,0,0,0,0,0,0,0,0,0,0,0,0,0,0,0,0,0,0,0,0,0,0,0,0,0,0,0,0,0,0,0,0,0,2,0,0,0,6,0,0,0,0,0,0,0,0,0,1,0,0,0,0,1,6,0,9,9,0,9,0,0,1,1,1,0,0,0,0,0,0,0,0,0,0,0,0,0,0,1,0,0,0,0,3,1,0,1,0,0,1,0,0,0,0,1,1,0,0,0,0,0,0,0,0,3,0,0,6,6,0,0,0,1,0,0,18,0,0,0,0,0,0,0,0,1,0,0,1,3,0,0,0,0,0,0,0,0,1,6,0,0,0,1,0,0,0,0,0,6,0,0,0,0
"InChI=1S/C11H14ClNO/c1-11(2,8-12)13-10(14)9-6-4-3-5-7-9/h3-7H,8H2,1-2H3,(H,13,14)",1,1,4,0,0,0,0,0,0,0,0,0,0,0,0,0,0,0,0,0,0,0,0,0,0,0,0,0,0,0,0,0,0,3,0,0,0,1,0,0,0,0,0,0,0,0,0,0,1,0,0,1,1,0,0,0,1,0,3,0,0,0,0,0,0,1,4,1,0,0,0,0,0,0,0,0,0,0,0,0,0,0,1,0,0,0,0,3,0,0,1,0,0,1,0,0,0,0,1,1,0,0,0,0,0,0,0,0,0,0,0,6,6,0,0,0,0,0,0,6,0,0,2,0,6,0,1,2,1,0,0,1,3,0,0,0,0,0,0,0,0,1,6,0,0,0,1,0,0,0,0,0,6,0,0,0,0
"InChI=1S/C11H14ClNO/c1-4-13-8(3)9-6-10(12)7(2)5-11(9)14/h5-6,13H,4H2,1-3H3",1,0,4,0,0,0,0,0,0,0,0,0,0,0,0,0,0,0,0,0,1,0,0,0,0,0,0,0,0,0,0,0,0,3,0,0,0,1,0,0,0,0,0,3,6,0,0,0,0,2,1,0,2,0,0,1,0,0,0,0,0,0,0,3,0,1,4,0,0,0,1,0,0,0,0,0,0,0,0,0,0,0,0,0,0,0,3,0,1,0,1,1,0,0,0,0,0,1,0,0,0,0,1,0,0,0,0,0,0,2,0,0,0,0,0,0,0,0,0,6,3,0,3,3,0,0,0,3,1,0,0,1,1,2,0,0,0,0,0,0,0,0,6,0,0,0,1,0,0,0,0,0,6,0,0,0,0
"InChI=1S/C11H14ClNO/c1-7(2)11-9(14-8-3-4-8)5-6-10(12)13-11/h5-8H,3-4H2,1-2H3",1,1,6,0,0,0,0,0,0,0,0,0,0,0,0,0,0,0,0,0,0,0,0,0,0,0,0,0,0,0,0,0,0,0,0,0,0,0,0,0,0,0,0,0,0,0,0,0,1,0,0,0,0,0,0,0,2,0,0,8,0,0,8,0,1,1,2,0,0,0,0,0,0,0,0,0,0,0,0,0,0,0,0,1,0,0,0,0,0,1,1,0,2,1,0,0,0,2,0,0,0,0,0,0,0,0,0,0,5,4,0,6,4,0,0,0,0,1,0,2,0,0,2,0,0,0,1,2,1,0,0,1,1,2,0,0,0,0,0,2,0,0,9,1,0,0,1,0,0,0,1,0,16,0,0,0,0
"InChI=1S/C11H14ClNO/c12-10-7-13-5-2-9(10)6-11(8-14)3-1-4-11/h2,5,7,14H,1,3-4,6,8H2",1,1,6,0,0,0,0,0,0,0,0,0,0,0,0,0,0,0,0,0,0,0,0,0,0,0,0,0,0,0,0,0,0,3,0,0,0,1,0,0,0,0,0,0,0,0,0,0,1,0,0,0,0,0,0,0,1,9,5,17,38,24,17,0,1,1,2,0,0,0,0,0,0,0,0,0,0,0,0,0,0,0,0,0,0,0,0,0,0,1,1,0,0,1,0,0,0,0,0,0,0,0,0,0,0,0,0,3,0,0,0,6,4,0,0,0,0,1,0,15,3,0,0,0,0,0,0,0,1,0,0,1,1,2,0,0,0,0,0,2,0,1,10,0,1,0,1,0,0,0,1,0,20,0,0,0,0
"InChI=1S/C11H14ClNO/c12-8-9-13-11(14)7-6-10-4-2-1-3-5-10/h1-5H,6-9H2,(H,13,14)",1,1,4,0,0,0,0,0,0,0,0,0,0,0,0,0,0,0,0,0,0,0,0,0,0,0,0,0,0,0,0,0,0,6,0,0,0,1,0,0,0,3,0,0,0,0,0,0,0,0,0,1,1,0,0,0,1,6,3,18,9,18,18,0,0,1,4,1,0,0,0,0,0,0,0,0,0,0,0,0,0,0,1,0,0,0,3,6,0,0,1,0,0,1,0,0,0,0,1,1,0,0,0,0,0,0,0,0,3,0,0,6,6,0,0,0,0,0,0,24,0,0,0,0,0,0,0,0,1,0,0,1,3,0,0,0,0,0,0,0,0,1,6,0,0,0,1,0,0,0,0,0,6,0,0,0,0
"InChI=1S/C11H14ClNO/c1-13-10-3-2-6-14-11-5-4-8(12)7-9(10)11/h4-5,7,10,13H,2-3,6H2,1H3",1,1,5,0,0,0,0,0,0,0,0,0,0,0,0,0,0,0,0,0,1,0,0,0,0,0,0,0,0,0,0,0,0,3,0,1,0,1,0,0,0,3,0,0,0,0,0,0,0,0,0,0,2,0,0,0,2,3,3,18,0,0,18,3,1,1,6,0,0,2,1,0,0,0,0,0,0,0,0,0,0,0,0,0,0,0,0,3,1,0,1,0,2,0,0,0,0,1,0,0,0,0,1,0,0,0,0,3,3,0,1,6,6,0,0,0,0,1,0,3,0,0,1,0,0,3,0,1,1,0,0,1,1,2,0,0,0,0,0,0,0,0,11,0,0,0,1,1,0,0,0,0,15,2,0,0,0
"InChI=1S/C11H14ClNO/c1-7(2)10-11(14-8-3-4-8)9(12)5-6-13-10/h5-8H,3-4H2,1-2H3",1,1,6,0,0,0,0,0,0,0,0,0,0,0,0,0,0,0,0,0,0,0,0,0,0,0,0,0,0,0,0,0,0,0,0,0,0,0,0,0,0,0,0,0,0,0,0,0,1,0,0,0,0,0,0,0,2,0,0,8,0,0,8,0,1,1,2,0,0,0,0,0,0,0,0,0,0,0,0,0,0,0,0,1,0,0,0,0,0,1,1,0,2,1,0,0,0,2,0,0,0,0,0,0,0,0,0,0,5,4,0,6,4,0,0,0,0,1,0,2,0,0,2,0,0,0,1,2,1,0,0,1,1,2,0,0,0,0,0,2,0,0,9,1,0,0,1,0,0,0,1,0,16,0,0,0,0
"InChI=1S/C11H14ClNO/c1-11(2,3)14-13-10(12)9-7-5-4-6-8-9/h4-8H,1-3H3",1,1,4,0,0,0,0,0,0,0,0,0,0,0,0,0,0,0,0,0,0,0,0,0,0,1,0,0,0,0,1,0,1,0,0,0,0,0,0,0,0,0,0,0,0,0,0,0,1,0,0,1,0,0,0,0,1,0,0,0,0,0,0,0,0,1,1,1,0,0,0,0,0,0,0,0,0,0,0,0,0,1,0,0,0,1,0,0,0,0,1,0,0,1,0,0,0,3,0,0,0,0,0,0,0,0,0,0,0,0,0,6,6,0,0,0,0,0,0,0,0,0,3,0,0,0,3,3,1,0,0,1,1,0,0,0,0,0,0,0,0,0,6,0,0,0,1,0,0,0,0,0,6,0,0,0,0
"InChI=1S/C11H14ClNO/c1-14-11-3-2-7(5-10(11)12)9-4-8(9)6-13/h2-3,5,8-9H,4,6,13H2,1H3",1,1,5,0,0,0,0,0,0,0,0,0,0,0,0,0,0,0,0,0,1,0,0,0,0,0,0,0,0,0,0,0,0,3,0,1,0,1,0,0,0,0,0,0,0,0,0,0,2,0,0,0,1,0,0,0,2,3,2,0,6,0,0,0,0,1,3,0,0,0,1,0,0,0,0,0,0,0,0,0,0,0,0,0,0,0,3,0,1,0,1,0,2,1,0,0,0,1,0,0,0,0,0,0,0,0,0,0,0,2,0,6,6,0,0,0,0,0,0,7,3,0,1,0,0,0,0,1,1,0,0,1,1,2,0,0,0,0,0,0,1,0,9,1,0,0,1,0,0,0,0,1,18,0,0,0,0
"InChI=1S/C11H14ClNO/c1-3-8-10(13)9-6(2)4-5-7(12)11(9)14-8/h4-5,8,10H,3,13H2,1-2H3",1,1,5,0,0,0,0,0,0,0,0,0,0,0,0,0,0,0,0,0,1,0,1,0,0,0,0,0,0,0,0,0,0,0,0,0,0,1,0,0,0,0,0,0,0,0,0,0,0,0,0,0,1,0,0,0,2,3,0,0,0,0,0,0,1,1,3,0,0,2,1,0,0,0,0,0,0,0,0,0,0,0,0,1,0,0,0,0,1,0,1,0,2,0,0,0,0,2,0,0,0,0,1,0,0,0,0,0,3,0,1,6,6,0,0,0,0,1,0,6,0,0,2,3,0,0,0,2,1,0,0,1,1,2,0,0,0,0,0,0,1,0,9,0,0,1,1,0,0,0,0,0,7,2,0,0,0
"InChI=1S/C11H14ClNO/c1-7(2)8-3-4-9-11(10(8)12)13-5-6-14-9/h3-4,7,13H,5-6H2,1-2H3",1,1,5,0,0,0,0,0,0,0,0,0,0,0,0,0,0,0,0,0,1,0,0,0,0,0,0,0,0,0,0,0,0,6,0,0,0,1,0,0,0,3,0,0,0,0,0,0,1,0,0,0,2,0,0,0,2,0,3,9,0,0,9,0,2,1,4,0,2,0,1,2,0,0,0,0,0,0,0,0,0,0,0,2,0,0,3,3,1,1,1,0,2,0,0,0,0,1,0,0,0,0,0,0,0,0,0,3,3,0,1,6,6,0,0,0,0,2,0,2,3,0,2,0,0,0,1,2,1,0,0,1,1,2,0,0,0,0,0,0,0,0,10,0,0,0,2,0,0,0,1,0,9,2,0,0,0
"InChI=1S/C11H14ClNO/c12-10(8-11(13)14)7-6-9-4-2-1-3-5-9/h1-5,10H,6-8H2,(H2,13,14)",1,1,4,0,0,0,0,0,0,0,0,0,0,0,0,0,0,0,0,0,0,0,0,0,0,0,0,0,0,0,0,0,0,0,0,0,0,2,0,0,0,6,0,0,0,0,0,0,0,0,0,1,0,0,0,0,1,0,6,9,9,0,9,0,0,1,1,1,0,0,0,0,0,0,0,0,0,0,0,0,0,0,1,0,0,0,0,3,1,0,1,0,0,1,0,0,0,0,1,1,0,0,0,0,0,0,0,0,3,0,0,6,6,0,0,0,1,0,0,18,0,0,0,0,0,0,0,0,1,0,0,1,3,0,0,0,0,0,0,0,0,1,6,0,0,0,1,0,0,0,0,0,6,0,0,0,0
"InChI=1S/C11H14ClNO/c1-13-10-3-2-6-14-11-7-8(12)4-5-9(10)11/h4-5,7,10,13H,2-3,6H2,1H3",1,1,5,0,0,0,0,0,0,0,0,0,0,0,0,0,0,0,0,0,1,0,0,0,0,0,0,0,0,0,0,0,0,3,0,1,0,1,0,0,0,3,0,0,0,0,0,0,0,0,0,0,2,0,0,0,2,3,3,18,0,0,18,3,1,1,6,0,0,2,1,0,0,0,0,0,0,0,0,0,0,0,0,0,0,0,0,3,1,0,1,0,2,0,0,0,0,1,0,0,0,0,1,0,0,0,0,3,3,0,1,6,6,0,0,0,0,1,0,3,0,0,1,0,0,3,0,1,1,0,0,1,1,2,0,0,0,0,0,0,0,0,11,0,0,0,1,1,0,0,0,0,15,2,0,0,0
"InChI=1S/C11H14ClNO/c12-10-5-9(7-13-8-10)6-11-3-1-2-4-14-11/h5,7-8,11H,1-4,6H2",1,1,6,0,0,0,0,0,0,0,0,0,0,0,0,0,0,0,0,0,0,0,0,0,0,0,0,0,0,0,0,0,0,3,0,0,0,0,0,0,0,0,0,0,0,0,0,0,0,0,0,0,0,0,0,0,2,0,0,27,35,34,27,0,2,1,2,0,0,0,0,0,0,0,0,0,0,0,0,0,0,0,0,0,0,0,0,0,0,1,1,0,0,0,0,0,0,1,0,0,0,0,0,0,0,0,0,3,9,0,1,6,4,0,0,0,0,2,0,10,0,0,0,0,0,0,0,0,1,0,0,1,1,2,0,0,0,0,0,2,0,0,12,0,0,0,2,0,0,0,2,0,20,0,0,0,0
"InChI=1S/C11H14ClNO/c1-9-4-2-3-5-10(9)8-11(14)13-7-6-12/h2-5H,6-8H2,1H3,(H,13,14)",1,1,4,0,0,0,0,0,0,0,0,0,0,0,0,0,0,0,0,0,0,0,0,0,0,0,0,0,0,0,0,0,0,6,0,0,0,1,0,0,0,3,0,0,0,0,0,0,0,0,0,1,1,0,0,0,1,3,3,9,9,9,9,3,0,1,4,1,0,0,0,0,0,0,0,0,0,0,0,0,0,0,1,0,0,0,3,6,0,0,1,0,0,1,0,0,0,0,1,1,0,0,0,0,0,0,0,0,3,0,0,6,6,0,0,0,0,0,0,18,0,0,1,0,0,0,0,1,1,0,0,1,3,0,0,0,0,0,0,0,0,1,6,0,0,0,1,0,0,0,0,0,6,0,0,0,0
"InChI=1S/C11H14ClNO/c1-9-4-2-3-5-10(9)6-7-13-11(14)8-12/h2-5H,6-8H2,1H3,(H,13,14)",1,1,4,0,0,0,0,0,0,0,0,0,0,0,0,0,0,0,0,0,0,0,0,0,0,0,0,0,0,0,0,0,0,6,0,0,0,1,0,0,0,3,0,0,0,0,0,0,0,0,0,1,1,0,0,0,1,3,3,9,9,9,9,3,0,1,4,1,0,0,0,0,0,0,0,0,0,0,0,0,0,0,1,0,0,0,3,6,0,0,1,0,0,1,0,0,0,0,1,1,0,0,0,0,0,0,0,0,3,0,0,6,6,0,0,0,0,0,0,18,0,0,1,0,0,3,0,1,1,0,0,1,3,0,0,0,0,0,0,0,0,1,6,0,0,0,1,0,0,0,0,0,6,0,0,0,0
"InChI=1S/C11H14ClNO/c1-7(2)9-5-6-13-11(12)10(9)14-8-3-4-8/h5-8H,3-4H2,1-2H3",1,1,6,0,0,0,0,0,0,0,0,0,0,0,0,0,0,0,0,0,0,0,0,0,0,0,0,0,0,0,0,0,0,0,0,0,0,0,0,0,0,0,0,0,0,0,0,0,1,0,0,0,0,0,0,0,2,0,0,8,0,0,8,0,1,1,2,0,0,0,0,0,0,0,0,0,0,0,0,0,0,0,0,1,0,0,0,0,0,1,1,0,2,1,0,0,0,2,0,0,0,0,0,0,0,0,0,0,5,4,0,6,4,0,0,0,0,1,0,2,0,0,2,0,0,0,1,2,1,0,0,1,1,2,0,0,0,0,0,2,0,0,9,1,0,0,1,0,0,0,1,0,16,0,0,0,0
"InChI=1S/C11H14ClNO/c12-10-5-1-2-6-11(10)14-9-4-3-7-13-8-9/h1-2,5-6,9,13H,3-4,7-8H2",1,1,5,0,0,0,0,0,0,0,0,0,0,0,0,0,0,0,0,0,1,0,0,0,0,0,0,0,0,0,0,0,0,6,0,0,0,1,0,0,0,3,0,0,0,0,0,0,0,0,0,0,2,0,0,0,2,6,3,18,17,18,18,0,1,1,6,0,0,0,1,2,0,0,0,0,0,0,0,0,0,0,0,1,0,0,6,3,1,1,1,0,2,1,0,0,0,2,0,0,0,0,0,0,0,0,0,0,6,4,0,6,6,0,0,0,0,1,0,4,6,1,0,0,0,0,0,0,1,0,0,1,1,2,0,0,0,0,0,0,0,0,12,0,0,0,2,0,0,0,1,0,26,0,0,0,0
"InChI=1S/C11H14ClNO/c1-7(2)9-5-11(12)13-6-10(9)14-8-3-4-8/h5-8H,3-4H2,1-2H3",1,1,6,0,0,0,0,0,0,0,0,0,0,0,0,0,0,0,0,0,0,0,0,0,0,0,0,0,0,0,0,0,0,0,0,0,0,0,0,0,0,0,0,0,0,0,0,0,1,0,0,0,0,0,0,0,2,0,0,8,0,0,8,0,1,1,2,0,0,0,0,0,0,0,0,0,0,0,0,0,0,0,0,1,0,0,0,0,0,1,1,0,2,1,0,0,0,2,0,0,0,0,0,0,0,0,0,0,5,4,0,6,4,0,0,0,0,1,0,2,0,0,2,0,0,0,1,2,1,0,0,1,1,2,0,0,0,0,0,2,0,0,9,1,0,0,1,0,0,0,1,0,16,0,0,0,0
"InChI=1S/C11H14ClNO/c1-13-4-2-8-6-10(12)11(14)7-9(8)3-5-13/h6-7,14H,2-5H2,1H3",1,1,5,0,0,0,0,0,0,0,0,0,0,0,0,0,0,0,0,0,1,0,0,0,0,0,0,0,0,0,0,0,0,6,0,1,0,1,0,0,0,0,0,0,0,0,0,0,0,0,0,0,3,0,1,0,1,0,3,18,27,25,18,6,1,1,9,0,0,0,1,2,0,0,0,0,0,0,0,0,0,0,0,0,0,0,6,6,0,1,1,0,2,1,0,0,0,1,0,0,0,0,0,0,0,0,0,0,0,2,0,6,6,0,0,0,0,1,0,4,0,3,1,0,6,0,0,1,1,0,0,1,1,2,0,0,0,0,0,0,0,1,11,0,0,0,1,1,0,0,0,0,15,2,0,0,0
"InChI=1S/C11H14ClNO/c1-8-4-5-11(14-3)10(6-8)13-7-9(2)12/h4-6,13H,2,7H2,1,3H3",1,1,3,0,0,0,0,0,0,0,0,0,0,0,0,0,0,0,0,0,1,0,0,0,0,0,0,0,0,0,0,0,0,3,0,1,0,1,0,0,0,0,0,1,2,0,0,0,0,0,0,0,2,0,0,0,2,2,0,0,0,0,0,0,0,1,4,0,2,2,1,0,0,0,0,0,0,0,0,0,0,0,0,1,0,0,3,0,1,0,1,0,2,1,0,0,0,1,0,0,0,0,0,0,0,0,0,0,0,2,0,6,6,0,0,0,0,0,1,9,3,0,2,0,0,0,0,2,1,0,0,1,1,0,0,0,0,0,0,0,0,0,6,0,0,0,1,0,0,0,0,0,6,0,0,0,0
"InChI=1S/C11H14ClNO/c12-9-3-1-2-4-11(9)14-7-10(13)8-5-6-8/h1-4,8,10H,5-7,13H2",1,1,5,0,0,0,0,0,0,0,0,0,0,0,0,0,0,0,0,0,1,0,0,0,0,0,0,0,0,0,0,0,0,3,0,0,0,1,0,0,0,3,0,0,0,0,0,0,1,0,0,0,1,0,0,0,2,5,4,8,15,12,8,0,0,1,3,0,0,0,1,0,0,0,0,0,0,0,0,0,0,0,0,1,0,0,0,3,1,0,1,0,2,1,0,0,0,1,0,0,0,0,0,0,0,0,0,3,0,2,0,6,6,0,0,0,0,0,0,8,0,0,0,0,0,0,0,0,1,0,0,1,1,2,0,0,0,0,0,0,1,0,9,1,0,0,1,0,0,0,0,0,18,0,0,0,0
"InChI=1S/C11H14ClNO/c1-7-4-9(7)11(14)5-8-2-3-13-6-10(8)12/h2-3,6-7,9,11,14H,4-5H2,1H3",1,1,6,0,0,0,0,0,0,0,0,0,0,0,0,0,0,0,0,0,0,0,0,0,0,0,0,0,0,0,0,0,0,0,0,0,0,1,0,0,0,3,0,0,0,0,0,0,2,0,0,0,0,0,0,0,1,3,2,0,9,6,0,2,1,1,2,0,0,0,0,0,0,0,0,0,0,0,0,0,0,0,0,0,0,0,0,0,0,1,1,0,0,1,0,0,0,1,0,0,0,0,0,0,0,0,0,0,3,0,0,6,4,0,0,0,0,1,0,7,0,0,1,0,3,3,0,1,1,0,0,1,1,2,0,0,0,0,0,2,0,1,9,1,0,0,1,0,0,0,1,0,16,0,0,0,0
"InChI=1S/C11H14ClNO/c12-11(14)13-9-5-4-8-10-6-2-1-3-7-10/h1-3,6-7H,4-5,8-9H2,(H,13,14)",1,1,4,0,0,0,0,0,0,0,0,0,0,0,0,0,0,0,0,0,0,0,0,0,0,0,1,0,0,0,0,0,0,3,0,0,0,1,0,0,0,0,0,0,0,0,0,0,0,0,0,1,1,0,0,0,1,3,3,27,9,0,27,0,0,1,4,1,0,0,0,0,0,0,0,0,0,0,0,0,0,0,1,0,0,0,3,3,0,0,1,0,0,1,0,0,0,0,1,0,0,0,0,0,0,0,0,0,0,0,0,6,6,0,0,0,0,0,0,24,0,0,0,0,0,0,0,0,1,0,0,1,1,0,0,0,0,0,0,0,0,1,6,0,0,0,1,0,0,0,0,0,6,0,0,0,0
"InChI=1S/C11H14ClNO/c12-9-3-1-2-4-11(9)14-6-5-8-7-10(8)13/h1-4,8,10H,5-7,13H2",1,1,5,0,0,0,0,0,0,0,0,0,0,0,0,0,0,0,0,0,1,0,0,0,0,0,0,0,0,0,0,0,0,3,0,0,0,1,0,0,0,3,0,0,0,0,0,0,1,0,0,0,1,0,0,0,2,5,6,9,15,6,9,0,0,1,3,0,0,2,1,0,0,0,0,0,0,0,0,0,0,0,0,0,0,0,0,3,1,0,1,0,2,1,0,0,0,1,0,0,0,0,0,0,0,0,0,3,3,2,0,6,6,0,0,0,0,0,0,13,0,0,0,0,0,0,0,0,1,0,0,1,1,2,0,0,0,0,0,0,1,0,9,1,0,0,1,0,0,0,0,0,18,0,0,0,0
"InChI=1S/C11H14ClNO/c12-9-1-2-11(14)10(7-9)8-3-5-13-6-4-8/h1-2,7-8,13-14H,3-6H2",1,1,5,0,0,0,0,0,0,0,0,0,0,0,0,0,0,0,0,0,1,0,0,0,0,0,0,0,0,0,0,0,0,6,0,0,0,2,0,0,0,6,0,0,0,0,0,0,1,0,0,0,2,0,0,0,1,0,11,18,33,16,18,0,1,1,6,0,0,0,1,2,0,0,0,0,0,0,0,0,0,0,0,0,0,0,6,6,1,1,1,0,2,1,0,0,0,1,0,0,0,0,0,0,0,0,0,0,0,2,0,6,6,0,0,0,0,1,0,4,6,1,0,0,0,0,0,0,1,0,0,1,1,2,0,0,0,0,0,0,0,1,12,0,0,0,2,0,0,0,1,1,26,0,0,0,0
"InChI=1S/C11H14ClNO/c1-8-5-9(2)7-10(6-8)11(14)13-4-3-12/h5-7H,3-4H2,1-2H3,(H,13,14)",1,1,4,0,0,0,0,0,0,0,0,0,0,0,0,0,0,0,0,0,0,0,0,0,0,0,0,0,0,0,0,0,0,6,0,0,0,1,0,0,0,0,0,0,0,0,0,0,0,0,0,1,1,0,0,0,1,3,3,9,0,0,9,0,0,1,4,1,0,0,0,0,0,0,0,0,0,0,0,0,0,0,1,0,0,0,3,3,0,0,1,0,0,1,0,0,0,0,1,1,0,0,0,0,0,0,0,0,0,0,0,6,6,0,0,0,0,0,0,12,0,0,2,0,0,0,0,2,1,0,0,1,3,0,0,0,0,0,0,0,0,1,6,0,0,0,1,0,0,0,0,0,6,0,0,0,0
"InChI=1S/C11H14ClNO/c1-10(12)7-8-13(14)9-11-5-3-2-4-6-11/h2-6,9-10H,7-8H2,1H3",1,1,4,0,0,0,0,0,0,0,0,0,0,0,0,0,0,0,0,0,1,0,0,0,0,1,0,0,0,0,1,0,1,3,0,0,0,0,0,0,0,0,0,0,0,0,0,0,0,0,0,1,1,0,0,0,0,0,0,9,0,0,9,3,0,1,4,2,0,0,1,0,0,0,0,0,0,0,0,0,0,1,0,0,1,0,3,3,0,0,1,1,0,0,0,0,0,0,0,0,0,0,0,1,0,0,0,0,3,0,0,6,6,0,0,0,0,0,0,12,0,0,1,0,3,0,0,1,1,0,0,1,3,0,0,0,0,0,0,0,0,0,6,0,0,0,1,0,0,0,0,0,6,0,0,0,0
"InChI=1S/C11H14ClNO/c1-3-8-4-5-9(11(14)13-2)6-10(8)7-12/h4-6H,3,7H2,1-2H3,(H,13,14)",1,1,4,0,0,0,0,0,0,0,0,0,0,0,0,0,0,0,0,0,0,0,0,0,0,0,0,0,0,0,0,0,0,3,0,1,0,1,0,0,0,0,0,0,0,0,0,0,0,0,0,1,1,0,0,0,1,0,0,0,9,0,0,0,0,1,4,1,0,0,0,0,0,0,0,0,0,0,0,0,0,0,1,0,0,0,0,0,0,0,1,0,0,1,0,0,0,0,1,1,0,0,0,0,0,0,0,0,0,0,0,6,6,0,0,0,0,0,0,12,0,0,2,3,0,3,0,2,1,0,0,1,3,0,0,0,0,0,0,0,0,1,6,0,0,0,1,0,0,0,0,0,6,0,0,0,0
"InChI=1S/C11H14ClNO/c1-8-3-4-10(5-9(8)2)7-13-11(14)6-12/h3-5H,6-7H2,1-2H3,(H,13,14)",1,1,4,0,0,0,0,0,0,0,0,0,0,0,0,0,0,0,0,0,0,0,0,0,0,0,0,0,0,0,0,0,0,6,0,0,0,1,0,0,0,3,0,0,0,0,0,0,0,0,0,1,1,0,0,0,1,3,0,0,9,0,0,0,0,1,4,1,0,0,0,0,0,0,0,0,0,0,0,0,0,0,1,0,0,0,3,3,0,0,1,0,0,1,0,0,0,0,1,1,0,0,0,0,0,0,0,0,3,0,0,6,6,0,0,0,0,0,0,12,0,0,2,0,0,3,0,2,1,0,0,1,3,0,0,0,0,0,0,0,0,1,6,0,0,0,1,0,0,0,0,0,6,0,0,0,0
"InChI=1S/C11H14ClNO/c1-4-5-13-8(2)6-10(9(13)3)11(14)7-12/h4,6H,1,5,7H2,2-3H3",1,0,4,0,0,0,0,0,0,0,0,0,0,0,0,0,0,0,0,0,1,0,1,0,0,0,0,0,0,0,0,0,0,6,0,0,0,0,0,0,0,0,0,1,2,0,0,0,0,0,0,0,1,0,1,1,0,0,0,0,0,0,0,6,1,1,5,0,0,0,1,2,0,0,0,0,0,0,0,0,0,0,0,0,0,0,3,0,0,1,1,1,0,0,0,0,0,1,0,0,0,0,1,0,0,0,0,0,3,0,0,5,5,0,0,0,0,1,1,15,0,0,2,0,0,3,0,2,1,0,0,1,3,0,0,0,0,0,0,2,0,0,5,0,0,1,0,0,0,0,0,0,5,0,0,0,0
"InChI=1S/C11H14ClNO/c12-10-3-1-2-4-11(10)14-8-9-5-6-13-7-9/h1-4,9,13H,5-8H2",1,1,5,0,0,0,0,0,0,0,0,0,0,0,0,0,0,0,0,0,1,0,1,0,0,0,0,0,0,0,0,0,0,9,0,0,0,1,0,0,0,3,0,0,0,0,0,0,1,0,0,0,2,0,0,0,2,6,7,9,23,13,9,0,1,1,6,0,0,0,1,2,0,0,0,0,0,0,0,0,0,0,0,0,0,0,6,3,1,1,1,0,2,1,0,0,0,1,0,0,0,0,1,0,0,0,0,3,0,2,0,6,6,0,0,0,0,1,0,9,6,1,0,0,0,0,0,0,1,0,0,1,1,2,0,0,0,0,0,0,0,0,11,0,0,1,1,0,0,0,0,0,22,0,0,0,0
"InChI=1S/C11H14ClNO/c1-7(2)9-5-6-10(11(12)13-9)14-8-3-4-8/h5-8H,3-4H2,1-2H3",1,1,6,0,0,0,0,0,0,0,0,0,0,0,0,0,0,0,0,0,0,0,0,0,0,0,0,0,0,0,0,0,0,0,0,0,0,0,0,0,0,0,0,0,0,0,0,0,1,0,0,0,0,0,0,0,2,0,0,8,0,0,8,0,1,1,2,0,0,0,0,0,0,0,0,0,0,0,0,0,0,0,0,1,0,0,0,0,0,1,1,0,2,1,0,0,0,2,0,0,0,0,0,0,0,0,0,0,5,4,0,6,4,0,0,0,0,1,0,2,0,0,2,0,0,0,1,2,1,0,0,1,1,2,0,0,0,0,0,2,0,0,9,1,0,0,1,0,0,0,1,0,16,0,0,0,0
"InChI=1S/C11H14ClNO/c1-7-5-8-10(13)3-2-4-14-11(8)9(12)6-7/h5-6,10H,2-4,13H2,1H3",1,1,5,0,0,0,0,0,0,0,0,0,0,0,0,0,0,0,0,0,1,0,0,0,0,0,0,0,0,0,0,0,0,3,0,0,0,1,0,0,0,3,0,0,0,0,0,0,0,0,0,0,1,0,0,0,2,3,3,18,0,0,18,0,1,1,3,0,0,2,1,0,0,0,0,0,0,0,0,0,0,0,0,0,0,0,0,3,1,0,1,0,2,0,0,0,0,1,0,0,0,0,1,0,0,0,0,3,3,0,1,6,6,0,0,0,0,1,0,3,0,0,1,0,0,0,0,1,1,0,0,1,1,2,0,0,0,0,0,0,1,0,11,0,0,0,1,1,0,0,0,0,15,2,0,0,0
"InChI=1S/C11H14ClNO/c1-9-3-2-4-10(7-9)8-11(14)13-6-5-12/h2-4,7H,5-6,8H2,1H3,(H,13,14)",1,1,4,0,0,0,0,0,0,0,0,0,0,0,0,0,0,0,0,0,0,0,0,0,0,0,0,0,0,0,0,0,0,6,0,0,0,1,0,0,0,3,0,0,0,0,0,0,0,0,0,1,1,0,0,0,1,3,3,9,9,9,9,0,0,1,4,1,0,0,0,0,0,0,0,0,0,0,0,0,0,0,1,0,0,0,3,6,0,0,1,0,0,1,0,0,0,0,1,1,0,0,0,0,0,0,0,0,3,0,0,6,6,0,0,0,0,0,0,18,0,0,1,0,0,3,0,1,1,0,0,1,3,0,0,0,0,0,0,0,0,1,6,0,0,0,1,0,0,0,0,0,6,0,0,0,0
"InChI=1S/C11H14ClNO/c12-10-8-13-6-3-9(10)7-11(14)4-1-2-5-11/h3,6,8,14H,1-2,4-5,7H2",1,1,6,0,0,0,0,0,0,0,0,0,0,0,0,0,0,0,0,0,0,0,0,0,0,0,0,0,0,0,0,0,0,0,0,0,0,1,0,0,0,9,0,0,0,0,0,0,1,0,0,0,0,0,0,0,1,6,5,27,38,27,27,0,1,1,2,0,0,0,0,0,0,0,0,0,0,0,0,0,0,0,0,0,0,0,0,0,0,1,1,0,0,1,0,0,0,3,0,0,0,0,0,0,0,0,0,0,9,2,0,6,4,0,0,0,0,1,0,10,0,0,0,0,0,0,0,0,1,0,0,1,1,2,0,0,0,0,0,2,0,1,11,0,0,1,1,0,0,0,1,0,24,0,0,0,0
"InChI=1S/C11H14ClNO/c12-9-1-2-10(11(14)7-9)8-3-5-13-6-4-8/h1-2,7-8,13-14H,3-6H2",1,1,5,0,0,0,0,0,0,0,0,0,0,0,0,0,0,0,0,0,1,0,0,0,0,0,0,0,0,0,0,0,0,6,0,0,0,2,0,0,0,6,0,0,0,0,0,0,1,0,0,0,2,0,0,0,1,0,11,18,33,16,18,0,1,1,6,0,0,0,1,2,0,0,0,0,0,0,0,0,0,0,0,0,0,0,6,6,1,1,1,0,2,1,0,0,0,1,0,0,0,0,0,0,0,0,0,0,0,2,0,6,6,0,0,0,0,1,0,4,6,1,0,0,0,0,0,0,1,0,0,1,1,2,0,0,0,0,0,0,0,1,12,0,0,0,2,0,0,0,1,1,26,0,0,0,0
"InChI=1S/C11H14ClNO/c1-2-14-11(13-12)9-8-10-6-4-3-5-7-10/h3-7H,2,8-9H2,1H3",1,1,4,0,0,0,0,0,0,0,0,0,0,0,0,0,0,0,0,0,0,0,0,0,0,1,0,0,0,0,1,0,0,3,0,0,1,0,0,0,0,0,0,0,0,0,0,0,0,0,0,1,0,0,0,0,2,0,0,9,9,9,9,0,0,1,1,1,0,0,0,0,0,0,0,0,0,0,0,0,0,0,1,0,0,0,0,3,0,0,1,0,0,1,0,0,0,0,1,1,0,0,0,0,0,0,0,3,3,0,0,6,6,0,0,0,0,0,0,18,0,0,1,3,0,3,0,1,1,0,0,1,0,0,0,0,0,0,0,0,0,0,6,0,0,0,1,0,0,0,0,0,6,0,0,0,0
"InChI=1S/C11H14ClNO/c1-8-6-10(14-3)4-5-11(8)13-7-9(2)12/h4-6,13H,2,7H2,1,3H3",1,1,3,0,0,0,0,0,0,0,0,0,0,0,0,0,0,0,0,0,1,0,0,0,0,0,0,0,0,0,0,0,0,3,0,1,0,1,0,0,0,0,0,1,2,0,0,0,0,0,0,0,2,0,0,0,2,2,0,0,0,0,0,0,0,1,4,0,2,2,1,0,0,0,0,0,0,0,0,0,0,0,0,0,0,0,3,0,1,0,1,0,2,1,0,0,0,1,0,0,0,0,0,0,0,0,0,0,0,2,0,6,6,0,0,0,0,0,1,9,3,0,2,0,0,3,0,2,1,0,0,1,1,0,0,0,0,0,0,0,0,0,6,0,0,0,1,0,0,0,0,0,6,0,0,0,0
"InChI=1S/C11H14ClNO/c1-7(2)10-5-9(12)11(6-13-10)14-8-3-4-8/h5-8H,3-4H2,1-2H3",1,1,6,0,0,0,0,0,0,0,0,0,0,0,0,0,0,0,0,0,0,0,0,0,0,0,0,0,0,0,0,0,0,0,0,0,0,0,0,0,0,0,0,0,0,0,0,0,1,0,0,0,0,0,0,0,2,0,0,8,0,0,8,0,1,1,2,0,0,0,0,0,0,0,0,0,0,0,0,0,0,0,0,1,0,0,0,0,0,1,1,0,2,1,0,0,0,2,0,0,0,0,0,0,0,0,0,0,5,4,0,6,4,0,0,0,0,1,0,2,0,0,2,0,0,0,1,2,1,0,0,1,1,2,0,0,0,0,0,2,0,0,9,1,0,0,1,0,0,0,1,0,16,0,0,0,0
"InChI=1S/C11H14ClNO/c1-7-5-8-10(13-2)3-4-14-11(8)9(12)6-7/h5-6,10,13H,3-4H2,1-2H3",1,1,5,0,0,0,0,0,0,0,0,0,0,0,0,0,0,0,0,0,1,0,0,0,0,0,0,0,0,0,0,0,0,3,0,1,0,1,0,0,0,3,0,0,0,0,0,0,0,0,0,0,2,0,0,0,2,3,0,9,0,0,9,3,1,1,6,0,0,2,1,0,0,0,0,0,0,0,0,0,0,0,0,0,0,0,0,3,1,0,1,0,2,0,0,0,0,1,0,0,0,0,2,0,0,0,0,3,3,0,1,6,6,0,0,0,0,1,0,2,0,0,2,0,0,3,0,2,1,0,0,1,1,2,0,0,0,0,0,0,0,0,10,0,0,0,2,0,0,0,1,0,11,2,0,0,0
"InChI=1S/C11H14ClNO/c12-9-3-5-10(6-4-9)14-11-2-1-7-13-8-11/h3-6,11,13H,1-2,7-8H2",1,1,5,0,0,0,0,0,0,0,0,0,0,0,0,0,0,0,0,0,1,0,0,0,0,0,0,0,0,0,0,0,0,6,0,0,0,1,0,0,0,3,0,0,0,0,0,0,0,0,0,0,2,0,0,0,2,6,3,18,17,18,18,0,1,1,6,0,0,0,1,2,0,0,0,0,0,0,0,0,0,0,0,1,0,0,6,3,1,1,1,0,2,1,0,0,0,2,0,0,0,0,0,0,0,0,0,0,6,4,0,6,6,0,0,0,0,1,0,4,6,1,0,0,0,0,0,0,1,0,0,1,1,2,0,0,0,0,0,0,0,0,12,0,0,0,2,0,0,0,1,0,26,0,0,0,0
"InChI=1S/C11H14ClNO/c1-3-13-11(14)9-5-4-8(2)10(6-9)7-12/h4-6H,3,7H2,1-2H3,(H,13,14)",1,1,4,0,0,0,0,0,0,0,0,0,0,0,0,0,0,0,0,0,0,0,0,0,0,0,0,0,0,0,0,0,0,6,0,0,0,1,0,0,0,0,0,0,0,0,0,0,0,0,0,1,1,0,0,0,1,3,0,0,0,0,0,3,0,1,4,1,0,0,0,0,0,0,0,0,0,0,0,0,0,0,1,0,0,0,3,0,0,0,1,0,0,1,0,0,0,0,1,1,0,0,0,0,0,0,0,0,0,0,0,6,6,0,0,0,0,0,0,12,0,0,2,3,0,0,0,2,1,0,0,1,3,0,0,0,0,0,0,0,0,1,6,0,0,0,1,0,0,0,0,0,6,0,0,0,0
"InChI=1S/C11H14ClNO/c1-3-10(11(12)13-14)9-6-4-8(2)5-7-9/h4-7,10,14H,3H2,1-2H3",1,1,4,0,0,0,0,0,0,0,0,0,0,0,0,0,0,0,0,0,0,0,0,0,0,1,0,1,0,0,1,0,1,0,0,0,0,1,0,0,0,0,0,0,0,0,0,0,1,0,0,1,0,0,0,0,0,0,3,0,0,0,0,0,0,1,1,1,0,0,0,0,0,0,0,0,0,0,0,0,0,1,0,0,0,1,0,0,0,0,1,0,0,1,0,0,0,0,0,0,0,0,0,0,0,0,0,0,0,0,0,6,6,0,0,0,0,0,0,6,0,0,2,3,0,0,0,2,1,0,0,1,1,0,0,0,0,0,0,0,0,1,6,0,0,0,1,0,0,0,0,0,6,0,0,0,0
"InChI=1S/C11H14ClNO/c12-9-3-5-10(6-4-9)14-7-11(13)8-1-2-8/h3-6,8,11H,1-2,7,13H2",1,1,5,0,0,0,0,0,0,0,0,0,0,0,0,0,0,0,0,0,1,0,0,0,0,0,0,0,0,0,0,0,0,3,0,0,0,1,0,0,0,3,0,0,0,0,0,0,1,0,0,0,1,0,0,0,2,5,4,8,15,12,8,0,0,1,3,0,0,0,1,0,0,0,0,0,0,0,0,0,0,0,0,1,0,0,0,3,1,0,1,0,2,1,0,0,0,1,0,0,0,0,0,0,0,0,0,3,0,2,0,6,6,0,0,0,0,0,0,8,0,0,0,0,0,0,0,0,1,0,0,1,1,2,0,0,0,0,0,0,1,0,9,1,0,0,1,0,0,0,0,0,18,0,0,0,0
"InChI=1S/C11H14ClNO/c1-11(2)6-5-7-8(12)3-4-9(13)10(7)14-11/h3-4H,5-6,13H2,1-2H3",1,1,5,0,0,0,0,0,0,0,0,0,0,0,0,0,0,0,0,0,1,0,0,0,0,0,0,0,0,0,0,0,0,0,0,0,0,1,0,0,0,0,0,0,0,0,0,0,1,0,0,0,1,0,0,0,2,0,3,9,0,0,9,6,1,1,1,0,2,2,1,0,0,0,0,0,0,0,0,0,0,0,0,1,0,0,0,0,1,0,1,0,2,0,0,0,0,4,0,0,0,0,0,0,0,0,0,0,3,0,1,6,6,0,0,0,0,1,0,2,0,0,2,0,6,0,1,2,1,0,0,1,1,2,0,0,0,0,0,0,1,0,10,0,0,0,2,0,0,0,1,0,11,2,0,0,0
"InChI=1S/C11H14ClNO/c1-8-3-4-10(7-9(8)2)11(14)13-6-5-12/h3-4,7H,5-6H2,1-2H3,(H,13,14)",1,1,4,0,0,0,0,0,0,0,0,0,0,0,0,0,0,0,0,0,1,0,0,0,0,0,0,0,0,0,0,0,0,6,0,0,0,1,0,0,0,3,0,0,0,0,0,0,0,0,0,0,2,0,0,1,0,0,0,9,0,0,9,0,0,1,4,0,0,0,1,0,0,0,0,0,0,0,0,0,0,0,1,0,0,0,3,3,1,0,1,1,0,0,0,0,0,0,1,1,0,0,0,0,0,0,0,0,0,0,0,6,6,0,0,0,0,0,0,12,3,0,2,0,0,0,0,2,1,0,0,1,3,0,0,0,0,0,0,0,0,0,6,0,0,0,1,0,0,0,0,0,6,0,0,0,0
"InChI=1S/C11H14ClNO/c1-6-3-4-8(12)11-10(6)9(13)5-7(2)14-11/h3-4,7,9H,5,13H2,1-2H3",1,1,5,0,0,0,0,0,0,0,0,0,0,0,0,0,0,0,0,0,1,0,0,0,0,0,0,0,0,0,0,0,0,0,0,0,0,1,0,0,0,3,0,0,0,0,0,0,0,0,0,0,1,0,0,0,2,0,0,0,0,0,0,0,1,1,3,0,0,2,1,0,0,0,0,0,0,0,0,0,0,0,0,0,0,0,0,3,1,0,1,0,2,0,0,0,0,2,0,0,0,0,2,0,0,0,0,0,3,0,1,6,6,0,0,0,0,1,0,1,0,0,2,0,3,3,0,2,1,0,0,1,1,2,0,0,0,0,0,0,1,0,10,0,0,0,2,0,0,0,1,0,11,2,0,0,0
"InChI=1S/C11H14ClNO/c1-13-6-4-8-9(5-7-13)11(14)3-2-10(8)12/h2-3,14H,4-7H2,1H3",1,1,5,0,0,0,0,0,0,0,0,0,0,0,0,0,0,0,0,0,1,0,0,0,0,0,0,0,0,0,0,0,0,6,0,1,0,1,0,0,0,0,0,0,0,0,0,0,0,0,0,0,3,0,1,0,1,3,6,18,27,25,18,6,1,1,9,0,0,0,1,2,0,0,0,0,0,0,0,0,0,0,0,0,0,0,6,6,0,1,1,0,2,1,0,0,0,1,0,0,0,0,0,0,0,0,0,0,0,2,0,6,6,0,0,0,0,1,0,4,0,3,1,0,6,0,0,1,1,0,0,1,1,2,0,0,0,0,0,0,0,1,11,0,0,0,1,1,0,0,0,0,15,2,0,0,0
"InChI=1S/C11H14ClNO/c1-11(2)6-9(13)7-4-3-5-8(12)10(7)14-11/h3-5,9H,6,13H2,1-2H3",1,1,5,0,0,0,0,0,0,0,0,0,0,0,0,0,0,0,0,0,1,0,0,0,0,0,0,0,0,0,0,0,0,0,0,0,0,1,0,0,0,3,0,0,0,0,0,0,1,0,0,0,1,0,0,0,2,0,0,0,0,0,0,0,1,1,3,0,0,2,1,0,0,0,0,0,0,0,0,0,0,0,0,0,0,0,0,3,1,0,1,0,2,0,0,0,0,4,0,0,0,0,2,0,0,0,0,0,3,0,1,6,6,0,0,0,0,1,0,1,0,0,2,0,6,0,1,2,1,0,0,1,1,2,0,0,0,0,0,0,1,0,10,0,0,0,2,0,0,0,1,0,11,2,0,0,0
"InChI=1S/C11H14ClNO/c1-11(14,9-2-3-9)6-8-4-5-13-7-10(8)12/h4-5,7,9,14H,2-3,6H2,1H3",1,1,6,0,0,0,0,0,0,0,0,0,0,0,0,0,0,0,0,0,0,0,0,0,0,0,0,0,0,0,0,0,0,0,0,0,0,1,0,0,0,3,0,0,0,0,0,0,2,0,0,0,0,0,0,0,1,5,4,8,15,12,8,5,1,1,2,0,0,0,0,0,0,0,0,0,0,0,0,0,0,0,0,0,0,0,0,0,0,1,1,0,0,1,0,0,0,3,0,0,0,0,0,0,0,0,0,0,3,0,0,6,4,0,0,0,0,1,0,8,0,0,1,0,3,4,0,1,1,0,0,1,1,2,0,0,0,0,0,2,0,1,9,1,0,0,1,0,0,0,1,0,16,0,0,0,0
"InChI=1S/C11H14ClNO/c1-7(2)8-5-10(11(12)13-6-8)14-9-3-4-9/h5-7,9H,3-4H2,1-2H3",1,1,6,0,0,0,0,0,0,0,0,0,0,0,0,0,0,0,0,0,0,0,0,0,0,0,0,0,0,0,0,0,0,0,0,0,0,0,0,0,0,0,0,0,0,0,0,0,1,0,0,0,0,0,0,0,2,0,0,8,0,0,8,0,1,1,2,0,0,0,0,0,0,0,0,0,0,0,0,0,0,0,0,1,0,0,0,0,0,1,1,0,2,1,0,0,0,2,0,0,0,0,0,0,0,0,0,0,5,4,0,6,4,0,0,0,0,1,0,2,0,0,2,0,0,0,1,2,1,0,0,1,1,2,0,0,0,0,0,2,0,0,9,1,0,0,1,0,0,0,1,0,16,0,0,0,0
"InChI=1S/C11H14ClNO/c1-2-3-4-7-10(12)11-8-5-6-9-13(11)14/h2,5-6,8-10H,1,3-4,7H2",1,1,4,0,0,0,0,0,0,0,0,0,0,0,0,0,0,0,0,0,1,0,0,0,0,1,0,0,0,0,1,0,1,0,0,0,0,0,0,0,0,0,0,1,2,0,0,0,0,0,0,0,0,0,0,0,0,0,0,18,6,6,18,0,1,1,2,1,0,0,1,2,0,0,0,0,0,0,0,0,0,1,0,0,1,0,0,0,0,1,1,1,2,0,0,0,0,0,0,0,0,0,0,1,0,0,0,0,0,2,0,6,6,0,0,0,0,1,1,21,0,0,0,0,0,0,0,0,1,0,0,1,3,0,0,0,0,0,0,2,0,0,6,0,0,0,1,0,0,0,1,0,6,0,0,0,0
"InChI=1S/C11H14ClNO/c12-9-4-3-5-10(8-9)14-11-6-1-2-7-13-11/h3-5,8,11,13H,1-2,6-7H2",1,1,5,0,0,0,0,0,0,0,0,0,0,0,0,0,0,0,0,0,1,0,0,0,0,0,0,0,0,0,0,0,0,3,0,0,0,1,0,0,0,6,0,0,0,0,0,0,0,0,0,0,2,0,0,0,2,6,5,27,17,16,27,0,1,1,6,0,0,0,1,2,0,0,0,0,0,0,0,0,0,0,1,0,0,0,3,6,1,1,1,0,2,1,0,0,0,1,1,1,0,0,0,0,0,0,0,0,3,4,0,6,6,0,0,0,0,1,0,4,3,0,0,0,0,0,0,0,1,0,0,1,1,2,0,0,0,0,0,0,0,0,12,0,0,0,2,0,0,0,1,0,26,0,0,0,0
"InChI=1S/C11H14ClNO/c12-10-5-1-2-6-11(10)14-8-9-4-3-7-13-9/h1-2,5-6,9,13H,3-4,7-8H2",1,1,5,0,0,0,0,0,0,0,0,0,0,0,0,0,0,0,0,0,1,0,1,0,0,0,0,0,0,0,0,0,0,6,0,0,0,1,0,0,0,9,0,0,0,0,0,0,0,0,0,0,2,0,0,0,2,5,2,18,26,23,18,0,1,1,6,0,0,0,1,2,0,0,0,0,0,0,0,0,0,0,0,1,0,0,3,9,1,1,1,0,2,1,0,0,0,1,0,0,0,0,0,0,0,0,0,3,0,2,0,6,6,0,0,0,0,1,0,9,3,0,0,0,0,0,0,0,1,0,0,1,1,2,0,0,0,0,0,0,0,0,11,0,0,1,1,0,0,0,0,0,22,0,0,0,0
"InChI=1S/C11H14ClNO/c12-10-1-3-11(4-2-10)14-8-9-5-6-13-7-9/h1-4,9,13H,5-8H2",1,1,5,0,0,0,0,0,0,0,0,0,0,0,0,0,0,0,0,0,1,0,1,0,0,0,0,0,0,0,0,0,0,9,0,0,0,1,0,0,0,3,0,0,0,0,0,0,1,0,0,0,2,0,0,0,2,6,7,9,23,13,9,0,1,1,6,0,0,0,1,2,0,0,0,0,0,0,0,0,0,0,0,0,0,0,6,3,1,1,1,0,2,1,0,0,0,1,0,0,0,0,1,0,0,0,0,3,0,2,0,6,6,0,0,0,0,1,0,9,6,1,0,0,0,0,0,0,1,0,0,1,1,2,0,0,0,0,0,0,0,0,11,0,0,1,1,0,0,0,0,0,22,0,0,0,0
"InChI=1S/C11H14ClNO/c12-9-4-3-8-2-1-5-11(14,7-13)10(8)6-9/h3-4,6,14H,1-2,5,7,13H2",1,1,5,0,0,0,0,0,0,0,0,0,0,0,0,0,0,0,0,0,1,0,0,0,0,0,0,0,0,0,0,0,0,3,0,0,0,2,0,1,0,6,0,0,0,0,0,0,1,0,0,0,1,0,0,0,1,6,9,18,9,26,18,0,0,1,3,0,0,0,1,0,0,0,0,0,0,0,0,0,0,0,0,1,0,0,3,0,1,0,1,0,0,1,0,0,0,3,0,0,0,0,0,0,0,0,0,0,6,2,0,6,6,0,0,0,0,0,0,9,3,0,0,0,0,0,0,0,1,0,0,1,1,2,0,0,0,0,0,0,1,1,10,0,0,0,2,0,0,0,0,0,15,2,0,0,0
"InChI=1S/C11H14ClNO/c1-7(2)10-5-9(6-13-11(10)12)14-8-3-4-8/h5-8H,3-4H2,1-2H3",1,1,6,0,0,0,0,0,0,0,0,0,0,0,0,0,0,0,0,0,0,0,0,0,0,0,0,0,0,0,0,0,0,0,0,0,0,0,0,0,0,0,0,0,0,0,0,0,1,0,0,0,0,0,0,0,2,0,0,8,0,0,8,0,1,1,2,0,0,0,0,0,0,0,0,0,0,0,0,0,0,0,0,1,0,0,0,0,0,1,1,0,2,1,0,0,0,2,0,0,0,0,0,0,0,0,0,0,5,4,0,6,4,0,0,0,0,1,0,2,0,0,2,0,0,0,1,2,1,0,0,1,1,2,0,0,0,0,0,2,0,0,9,1,0,0,1,0,0,0,1,0,16,0,0,0,0
"InChI=1S/C11H14ClNO/c12-11-8-10(6-7-13-11)14-9-4-2-1-3-5-9/h6-9H,1-5H2",1,1,6,0,0,0,0,0,0,0,0,0,0,0,0,0,0,0,0,0,0,0,0,0,0,0,0,0,0,0,0,0,0,0,0,0,0,0,0,0,0,0,0,0,0,0,0,0,0,0,0,0,0,0,0,0,2,0,0,36,33,26,36,0,1,1,2,0,0,0,0,0,0,0,0,0,0,0,0,0,0,0,0,0,0,0,0,0,0,1,1,0,2,1,0,0,0,2,0,0,0,0,2,0,0,0,0,0,6,4,0,6,4,0,0,0,0,1,0,5,0,0,0,0,0,0,0,0,1,0,0,1,1,2,0,0,0,0,0,2,0,0,12,0,0,0,2,0,0,0,1,0,28,0,0,0,0
"InChI=1S/C11H14ClNO/c12-9-3-1-4-10(7-9)14-11-5-2-6-13-8-11/h1,3-4,7,11,13H,2,5-6,8H2",1,1,5,0,0,0,0,0,0,0,0,0,0,0,0,0,0,0,0,0,1,0,0,0,0,0,0,0,0,0,0,0,0,6,0,0,0,1,0,0,0,3,0,0,0,0,0,0,0,0,0,0,2,0,0,0,2,6,3,18,17,18,18,0,1,1,6,0,0,0,1,2,0,0,0,0,0,0,0,0,0,0,0,1,0,0,6,3,1,1,1,0,2,1,0,0,0,2,0,0,0,0,0,0,0,0,0,0,6,4,0,6,6,0,0,0,0,1,0,4,6,1,0,0,0,0,0,0,1,0,0,1,1,2,0,0,0,0,0,0,0,0,12,0,0,0,2,0,0,0,1,0,26,0,0,0,0
"InChI=1S/C11H14ClNO/c1-14-9-4-2-3-8(10(9)12)7-11(13)5-6-11/h2-4H,5-7,13H2,1H3",1,1,5,0,0,0,0,0,0,0,0,0,0,0,0,0,0,0,0,0,1,0,0,0,0,0,0,0,0,0,0,0,0,0,0,1,0,1,0,0,0,8,0,0,0,0,0,0,1,0,0,0,1,0,0,0,2,4,0,8,12,0,8,0,0,1,3,0,0,2,1,0,0,0,0,0,0,0,0,0,0,0,0,0,0,0,0,8,1,0,1,0,2,1,0,0,0,1,0,0,0,0,0,0,0,0,0,0,0,2,0,6,6,0,0,0,0,0,0,8,0,0,1,0,0,0,0,1,1,0,0,1,1,2,0,0,0,0,0,0,1,0,9,1,0,0,1,0,0,0,0,0,18,0,0,0,0
"InChI=1S/C11H14ClNO/c1-14-11-3-2-8(6-10(11)12)9-4-5-13-7-9/h2-3,6,9,13H,4-5,7H2,1H3",1,1,5,0,0,0,0,0,0,0,0,0,0,0,0,0,0,0,0,0,1,0,1,0,0,0,0,0,0,0,0,0,0,6,0,1,0,1,0,0,0,3,0,0,0,0,0,0,1,0,0,0,2,0,0,0,2,3,4,9,14,4,9,0,1,1,6,0,0,0,1,2,0,0,0,0,0,0,0,0,0,0,0,0,0,0,6,3,1,1,1,0,2,1,0,0,0,1,0,0,0,0,0,0,0,0,0,0,0,2,0,6,6,0,0,0,0,1,0,3,6,1,1,0,0,0,0,1,1,0,0,1,1,2,0,0,0,0,0,0,0,0,11,0,0,1,1,0,0,0,0,1,22,0,0,0,0
"InChI=1S/C11H14ClNO/c1-9(12)7-13-8-10-5-3-4-6-11(10)14-2/h3-6,13H,1,7-8H2,2H3",1,1,3,0,0,0,0,0,0,0,0,0,0,0,0,0,0,0,0,0,1,0,0,0,0,0,0,0,0,0,0,0,0,6,0,1,0,1,0,0,0,0,0,1,2,0,0,0,0,0,0,0,2,0,0,0,2,2,0,0,0,6,0,0,0,1,6,0,0,0,1,0,0,0,0,0,0,0,0,0,0,0,0,0,0,0,6,0,1,0,1,0,2,1,0,0,0,1,0,0,0,0,1,0,0,0,0,0,0,2,0,6,6,0,0,0,0,0,1,15,6,1,1,0,0,3,0,1,1,0,0,1,1,0,0,0,0,0,0,0,0,0,6,0,0,0,1,0,0,0,0,0,6,0,0,0,0
"InChI=1S/C11H14ClNO/c1-11(2,3)9-4-5-13-7-8(9)10(14)6-12/h4-5,7H,6H2,1-3H3",1,1,5,0,0,0,0,0,0,0,0,0,0,0,0,0,0,0,0,0,0,0,0,0,0,0,0,0,0,0,0,0,0,3,0,0,0,0,0,0,0,0,0,0,0,0,0,0,1,0,0,0,0,0,0,1,0,0,0,0,0,0,0,0,1,1,2,0,0,0,0,0,0,0,0,0,0,0,0,0,0,0,0,0,0,0,0,0,0,1,1,1,0,0,0,0,0,1,0,0,0,0,1,0,0,0,0,0,3,0,0,6,4,0,0,0,0,1,0,6,0,0,3,0,0,0,3,3,1,0,0,1,3,0,0,0,0,0,0,2,0,0,6,0,0,0,1,0,0,0,1,0,4,0,0,0,0
"InChI=1S/C11H14ClNO/c1-14-11-9-7-13-6-2-3-8(9)4-5-10(11)12/h4-5,13H,2-3,6-7H2,1H3",1,1,5,0,0,0,0,0,0,0,0,0,0,0,0,0,0,0,0,0,1,0,0,0,0,0,0,0,0,0,0,0,0,6,0,1,0,1,0,0,0,3,0,0,0,0,0,0,0,0,0,0,2,0,0,0,2,3,3,18,18,17,18,0,1,1,6,0,0,0,1,2,0,0,0,0,0,0,0,0,0,0,0,0,0,0,6,3,1,1,1,0,2,1,0,0,0,1,0,0,0,0,1,0,0,0,0,0,0,2,0,6,6,0,0,0,0,1,0,4,6,1,1,0,0,3,0,1,1,0,0,1,1,2,0,0,0,0,0,0,0,0,11,0,0,0,1,1,0,0,0,0,15,2,0,0,0
"InChI=1S/C11H14ClNO/c1-7(2)11-9(12)5-13-6-10(11)14-8-3-4-8/h5-8H,3-4H2,1-2H3",1,1,6,0,0,0,0,0,0,0,0,0,0,0,0,0,0,0,0,0,0,0,0,0,0,0,0,0,0,0,0,0,0,0,0,0,0,0,0,0,0,0,0,0,0,0,0,0,1,0,0,0,0,0,0,0,2,0,0,8,0,0,8,0,1,1,2,0,0,0,0,0,0,0,0,0,0,0,0,0,0,0,0,1,0,0,0,0,0,1,1,0,2,1,0,0,0,2,0,0,0,0,0,0,0,0,0,0,5,4,0,6,4,0,0,0,0,1,0,2,0,0,2,0,0,0,1,2,1,0,0,1,1,2,0,0,0,0,0,2,0,0,9,1,0,0,1,0,0,0,1,0,16,0,0,0,0
"InChI=1S/C11H14ClNO/c1-7(2)11-10(14-9-3-4-9)5-8(12)6-13-11/h5-7,9H,3-4H2,1-2H3",1,1,6,0,0,0,0,0,0,0,0,0,0,0,0,0,0,0,0,0,0,0,0,0,0,0,0,0,0,0,0,0,0,0,0,0,0,0,0,0,0,0,0,0,0,0,0,0,1,0,0,0,0,0,0,0,2,0,0,8,0,0,8,0,1,1,2,0,0,0,0,0,0,0,0,0,0,0,0,0,0,0,0,1,0,0,0,0,0,1,1,0,2,1,0,0,0,2,0,0,0,0,0,0,0,0,0,0,5,4,0,6,4,0,0,0,0,1,0,2,0,0,2,0,0,0,1,2,1,0,0,1,1,2,0,0,0,0,0,2,0,0,9,1,0,0,1,0,0,0,1,0,16,0,0,0,0
"InChI=1S/C11H14ClNO/c1-7-4-5-8(12)11-10(7)9(13)3-2-6-14-11/h4-5,9H,2-3,6,13H2,1H3",1,1,5,0,0,0,0,0,0,0,0,0,0,0,0,0,0,0,0,0,1,0,0,0,0,0,0,0,0,0,0,0,0,3,0,0,0,1,0,0,0,3,0,0,0,0,0,0,0,0,0,0,1,0,0,0,2,3,3,18,0,0,18,0,1,1,3,0,0,2,1,0,0,0,0,0,0,0,0,0,0,0,0,0,0,0,0,3,1,0,1,0,2,0,0,0,0,1,0,0,0,0,1,0,0,0,0,3,3,0,1,6,6,0,0,0,0,1,0,3,0,0,1,0,0,3,0,1,1,0,0,1,1,2,0,0,0,0,0,0,1,0,11,0,0,0,1,1,0,0,0,0,15,2,0,0,0
"InChI=1S/C11H14ClNO/c12-10-7-4-8-11(13-10)14-9-5-2-1-3-6-9/h4,7-9H,1-3,5-6H2",1,1,6,0,0,0,0,0,0,0,0,0,0,0,0,0,0,0,0,0,0,0,0,0,0,0,0,0,0,0,0,0,0,0,0,0,0,0,0,0,0,0,0,0,0,0,0,0,0,0,0,0,0,0,0,0,2,0,0,36,33,26,36,0,1,1,2,0,0,0,0,0,0,0,0,0,0,0,0,0,0,0,1,0,0,0,0,0,0,1,1,0,2,1,0,0,0,1,1,1,0,0,0,0,0,0,0,0,6,4,0,6,4,0,0,0,0,1,0,5,0,0,0,0,0,0,0,0,1,0,0,1,1,2,0,0,0,0,0,2,0,0,12,0,0,0,2,0,0,0,1,0,28,0,0,0,0
"InChI=1S/C11H14ClNO/c12-10-7-4-8-13-11(10)14-9-5-2-1-3-6-9/h4,7-9H,1-3,5-6H2",1,1,6,0,0,0,0,0,0,0,0,0,0,0,0,0,0,0,0,0,0,0,0,0,0,0,0,0,0,0,0,0,0,0,0,0,0,0,0,0,0,0,0,0,0,0,0,0,0,0,0,0,0,0,0,0,2,0,0,36,33,26,36,0,1,1,2,0,0,0,0,0,0,0,0,0,0,0,0,0,0,0,1,0,0,0,0,0,0,1,1,0,2,1,0,0,0,1,1,1,0,0,0,0,0,0,0,0,6,4,0,6,4,0,0,0,0,1,0,5,0,0,0,0,0,0,0,0,1,0,0,1,1,2,0,0,0,0,0,2,0,0,12,0,0,0,2,0,0,0,1,0,28,0,0,0,0
"InChI=1S/C11H14ClNO/c1-5-4-8-9(6(2)10(5)12)11(13)7(3)14-8/h4,7,11H,13H2,1-3H3",1,1,5,0,0,0,0,0,0,0,0,0,0,0,0,0,0,0,0,0,1,0,1,0,0,0,0,0,0,0,0,0,0,0,0,0,0,1,0,0,0,0,0,0,0,0,0,0,0,0,0,0,1,0,0,0,2,0,0,0,0,0,0,0,1,1,3,0,0,2,1,0,0,0,0,0,0,0,0,0,0,0,0,1,0,0,0,0,1,0,1,0,2,0,0,0,0,2,0,0,0,0,1,0,0,0,0,0,0,0,1,6,6,0,0,0,0,1,0,0,0,0,3,0,0,0,0,3,1,0,0,1,1,2,0,0,0,0,0,0,1,0,9,0,0,1,1,0,0,0,0,0,7,2,0,0,0
"InChI=1S/C11H14ClNO/c1-6-3-4-8(12)11-9(6)10(13)7(2)5-14-11/h3-4,7,10H,5,13H2,1-2H3",1,1,5,0,0,0,0,0,0,0,0,0,0,0,0,0,0,0,0,0,1,0,0,0,0,0,0,0,0,0,0,0,0,3,0,0,0,1,0,0,0,0,0,0,0,0,0,0,1,0,0,0,1,0,0,0,2,3,0,0,0,0,0,0,1,1,3,0,0,2,1,0,0,0,0,0,0,0,0,0,0,0,0,0,0,0,0,0,1,0,1,0,2,0,0,0,0,1,0,0,0,0,2,0,0,0,0,3,0,0,1,6,6,0,0,0,0,1,0,1,0,0,2,0,3,0,0,2,1,0,0,1,1,2,0,0,0,0,0,0,1,0,10,0,0,0,2,0,0,0,1,0,11,2,0,0,0
"InChI=1S/C11H14ClNO/c12-10-2-1-3-11(6-10)14-8-9-4-5-13-7-9/h1-3,6,9,13H,4-5,7-8H2",1,1,5,0,0,0,0,0,0,0,0,0,0,0,0,0,0,0,0,0,1,0,1,0,0,0,0,0,0,0,0,0,0,9,0,0,0,1,0,0,0,3,0,0,0,0,0,0,1,0,0,0,2,0,0,0,2,6,7,9,23,13,9,0,1,1,6,0,0,0,1,2,0,0,0,0,0,0,0,0,0,0,0,0,0,0,6,3,1,1,1,0,2,1,0,0,0,1,0,0,0,0,1,0,0,0,0,3,0,2,0,6,6,0,0,0,0,1,0,9,6,1,0,0,0,0,0,0,1,0,0,1,1,2,0,0,0,0,0,0,0,0,11,0,0,1,1,0,0,0,0,0,22,0,0,0,0
"InChI=1S/C11H14ClNO/c1-7-3-4-8(12)11-10(7)9(13-2)5-6-14-11/h3-4,9,13H,5-6H2,1-2H3",1,1,5,0,0,0,0,0,0,0,0,0,0,0,0,0,0,0,0,0,1,0,0,0,0,0,0,0,0,0,0,0,0,3,0,1,0,1,0,0,0,3,0,0,0,0,0,0,0,0,0,0,2,0,0,0,2,3,0,9,0,0,9,3,1,1,6,0,0,2,1,0,0,0,0,0,0,0,0,0,0,0,0,0,0,0,0,3,1,0,1,0,2,0,0,0,0,1,0,0,0,0,2,0,0,0,0,3,3,0,1,6,6,0,0,0,0,1,0,2,0,0,2,0,0,6,0,2,1,0,0,1,1,2,0,0,0,0,0,0,0,0,10,0,0,0,2,0,0,0,1,0,11,2,0,0,0
"InChI=1S/C11H14ClNO/c1-3-9(11(12)13-14)10-7-5-4-6-8(10)2/h4-7,9,14H,3H2,1-2H3",1,1,4,0,0,0,0,0,0,0,0,0,0,0,0,0,0,0,0,0,0,0,0,0,0,1,0,1,0,0,1,0,1,0,0,0,0,1,0,0,0,0,0,0,0,0,0,0,1,0,0,1,0,0,0,0,0,0,3,0,0,0,0,0,0,1,1,1,0,0,0,0,0,0,0,0,0,0,0,0,0,1,0,0,0,1,0,0,0,0,1,0,0,1,0,0,0,0,0,0,0,0,0,0,0,0,0,0,0,0,0,6,6,0,0,0,0,0,0,6,0,0,2,3,0,3,0,2,1,0,0,1,1,0,0,0,0,0,0,0,0,1,6,0,0,0,1,0,0,0,0,0,6,0,0,0,0
"InChI=1S/C11H14ClNO/c12-9-3-5-11(6-4-9)14-8-10-2-1-7-13-10/h3-6,10,13H,1-2,7-8H2",1,1,5,0,0,0,0,0,0,0,0,0,0,0,0,0,0,0,0,0,1,0,1,0,0,0,0,0,0,0,0,0,0,6,0,0,0,1,0,0,0,9,0,0,0,0,0,0,0,0,0,0,2,0,0,0,2,5,2,18,26,23,18,0,1,1,6,0,0,0,1,2,0,0,0,0,0,0,0,0,0,0,0,1,0,0,3,9,1,1,1,0,2,1,0,0,0,1,0,0,0,0,0,0,0,0,0,3,0,2,0,6,6,0,0,0,0,1,0,9,3,0,0,0,0,0,0,0,1,0,0,1,1,2,0,0,0,0,0,0,0,0,11,0,0,1,1,0,0,0,0,0,22,0,0,0,0
"InChI=1S/C11H14ClNO/c1-8(12)7-14-11-5-3-10(4-6-11)9(2)13/h3-6,9H,1,7,13H2,2H3",1,1,3,0,0,0,0,0,0,0,0,0,0,0,0,0,0,0,0,0,1,0,0,0,0,0,0,0,0,0,0,0,0,3,0,0,0,1,0,0,0,0,0,1,2,0,0,0,0,0,0,0,1,0,0,0,2,0,0,0,0,0,0,0,0,1,3,0,0,0,1,0,0,0,0,0,0,0,0,0,0,0,0,0,0,0,0,0,1,0,1,0,2,1,0,0,0,1,0,0,0,0,0,0,0,0,0,3,0,2,0,6,6,0,0,0,0,0,1,9,0,0,1,0,0,0,0,1,1,0,0,1,1,0,0,0,0,0,0,0,1,0,6,0,0,0,1,0,0,0,0,0,6,0,0,0,0
"InChI=1S/C11H14ClNO/c12-11(14)10-6-9(7-13-10)8-4-2-1-3-5-8/h1-5,9-11,13-14H,6-7H2",1,1,5,0,0,0,0,0,0,0,0,0,0,0,0,0,0,0,0,0,1,0,1,0,0,0,0,0,0,0,0,0,0,3,0,0,0,2,0,1,0,3,0,0,0,0,0,0,1,0,0,0,2,0,0,0,1,6,5,0,8,0,0,0,1,1,6,0,0,0,1,2,0,0,0,0,0,0,0,0,0,0,0,1,0,0,3,3,1,1,1,0,0,1,0,0,0,0,0,0,0,0,0,0,0,0,0,0,0,0,0,6,6,0,0,0,0,1,0,2,3,0,0,0,0,0,0,0,1,0,0,1,3,0,0,0,0,0,0,0,0,1,11,0,0,1,1,0,0,0,0,1,22,0,0,0,0
"InChI=1S/C11H14ClNO/c12-10-7-9(1-2-11(10)14)8-3-5-13-6-4-8/h1-2,7-8,13-14H,3-6H2",1,1,5,0,0,0,0,0,0,0,0,0,0,0,0,0,0,0,0,0,1,0,0,0,0,0,0,0,0,0,0,0,0,6,0,0,0,2,0,0,0,6,0,0,0,0,0,0,1,0,0,0,2,0,0,0,1,0,5,18,33,16,18,0,1,1,6,0,0,0,1,2,0,0,0,0,0,0,0,0,0,0,0,0,0,0,6,6,1,1,1,0,2,1,0,0,0,1,0,0,0,0,0,0,0,0,0,0,0,2,0,6,6,0,0,0,0,1,0,4,6,1,0,0,0,0,0,0,1,0,0,1,1,2,0,0,0,0,0,0,0,1,12,0,0,0,2,0,0,0,1,1,26,0,0,0,0
"InChI=1S/C11H14ClNO/c1-8-4-3-5-10(9(8)2)11(14)13-7-6-12/h3-5H,6-7H2,1-2H3,(H,13,14)",1,1,4,0,0,0,0,0,0,0,0,0,0,0,0,0,0,0,0,0,0,0,0,0,0,0,0,0,0,0,0,0,0,6,0,0,0,1,0,0,0,0,0,0,0,0,0,0,0,0,0,1,1,0,0,0,1,3,3,9,0,0,9,0,0,1,4,1,0,0,0,0,0,0,0,0,0,0,0,0,0,0,1,0,0,0,3,3,0,0,1,0,0,1,0,0,0,0,1,1,0,0,0,0,0,0,0,0,0,0,0,6,6,0,0,0,0,0,0,12,0,0,2,0,0,0,0,2,1,0,0,1,3,0,0,0,0,0,0,0,0,1,6,0,0,0,1,0,0,0,0,0,6,0,0,0,0
"InChI=1S/C11H14ClNO/c1-11(2)6-9(13)8-5-7(12)3-4-10(8)14-11/h3-5,9H,6,13H2,1-2H3",1,1,5,0,0,0,0,0,0,0,0,0,0,0,0,0,0,0,0,0,1,0,0,0,0,0,0,0,0,0,0,0,0,0,0,0,0,1,0,0,0,3,0,0,0,0,0,0,1,0,0,0,1,0,0,0,2,0,0,0,0,0,0,0,1,1,3,0,0,2,1,0,0,0,0,0,0,0,0,0,0,0,0,0,0,0,0,3,1,0,1,0,2,0,0,0,0,4,0,0,0,0,2,0,0,0,0,0,3,0,1,6,6,0,0,0,0,1,0,1,0,0,2,0,6,0,1,2,1,0,0,1,1,2,0,0,0,0,0,0,1,0,10,0,0,0,2,0,0,0,1,0,11,2,0,0,0
"InChI=1S/C11H14ClNO/c1-7(2)9-5-13-6-10(11(9)12)14-8-3-4-8/h5-8H,3-4H2,1-2H3",1,1,6,0,0,0,0,0,0,0,0,0,0,0,0,0,0,0,0,0,0,0,0,0,0,0,0,0,0,0,0,0,0,0,0,0,0,0,0,0,0,0,0,0,0,0,0,0,1,0,0,0,0,0,0,0,2,0,0,8,0,0,8,0,1,1,2,0,0,0,0,0,0,0,0,0,0,0,0,0,0,0,0,1,0,0,0,0,0,1,1,0,2,1,0,0,0,2,0,0,0,0,0,0,0,0,0,0,5,4,0,6,4,0,0,0,0,1,0,2,0,0,2,0,0,0,1,2,1,0,0,1,1,2,0,0,0,0,0,2,0,0,9,1,0,0,1,0,0,0,1,0,16,0,0,0,0
"InChI=1S/C11H14ClNO/c1-8(12)7-14-11-5-3-4-10(6-11)9(2)13/h3-6,9H,1,7,13H2,2H3",1,1,3,0,0,0,0,0,0,0,0,0,0,0,0,0,0,0,0,0,1,0,0,0,0,0,0,0,0,0,0,0,0,3,0,0,0,1,0,0,0,0,0,1,2,0,0,0,0,0,0,0,1,0,0,0,2,0,0,0,0,0,0,0,0,1,3,0,0,0,1,0,0,0,0,0,0,0,0,0,0,0,0,0,0,0,0,0,1,0,1,0,2,1,0,0,0,1,0,0,0,0,0,0,0,0,0,3,0,2,0,6,6,0,0,0,0,0,1,9,0,0,1,0,0,0,0,1,1,0,0,1,1,0,0,0,0,0,0,0,1,0,6,0,0,0,1,0,0,0,0,0,6,0,0,0,0
"InChI=1S/C11H14ClNO/c1-9(12)8-14-11-6-4-3-5-10(11)7-13-2/h3-6,13H,1,7-8H2,2H3",1,1,3,0,0,0,0,0,0,0,0,0,0,0,0,0,0,0,0,0,1,0,0,0,0,0,0,0,0,0,0,0,0,6,0,1,0,1,0,0,0,0,0,1,2,0,0,0,0,0,0,0,2,0,0,0,2,0,0,0,0,9,0,0,0,1,6,0,0,0,1,0,0,0,0,0,0,0,0,0,0,0,0,0,0,0,3,0,1,0,1,0,2,1,0,0,0,1,0,0,0,0,1,0,0,0,0,3,0,2,0,6,6,0,0,0,0,0,1,15,3,1,1,0,3,0,0,1,1,0,0,1,1,0,0,0,0,0,0,0,0,0,6,0,0,0,1,0,0,0,0,0,6,0,0,0,0
"InChI=1S/C11H14ClNO/c1-11(2,3)10-8(9(14)7-12)5-4-6-13-10/h4-6H,7H2,1-3H3",1,1,5,0,0,0,0,0,0,0,0,0,0,0,0,0,0,0,0,0,0,0,0,0,0,0,0,0,0,0,0,0,0,3,0,0,0,0,0,0,0,0,0,0,0,0,0,0,1,0,0,0,0,0,0,1,0,0,0,0,0,0,0,0,1,1,2,0,0,0,0,0,0,0,0,0,0,0,0,0,0,0,0,0,0,0,0,0,0,1,1,1,0,0,0,0,0,1,0,0,0,0,1,0,0,0,0,0,3,0,0,6,4,0,0,0,0,1,0,6,0,0,3,0,0,0,3,3,1,0,0,1,3,0,0,0,0,0,0,2,0,0,6,0,0,0,1,0,0,0,1,0,4,0,0,0,0
"InChI=1S/C11H14ClNO/c1-11(2)6-9(13)8-4-3-7(12)5-10(8)14-11/h3-5,9H,6,13H2,1-2H3",1,1,5,0,0,0,0,0,0,0,0,0,0,0,0,0,0,0,0,0,1,0,0,0,0,0,0,0,0,0,0,0,0,0,0,0,0,1,0,0,0,3,0,0,0,0,0,0,1,0,0,0,1,0,0,0,2,0,0,0,0,0,0,0,1,1,3,0,0,2,1,0,0,0,0,0,0,0,0,0,0,0,0,0,0,0,0,3,1,0,1,0,2,0,0,0,0,4,0,0,0,0,2,0,0,0,0,0,3,0,1,6,6,0,0,0,0,1,0,1,0,0,2,0,6,0,1,2,1,0,0,1,1,2,0,0,0,0,0,0,1,0,10,0,0,0,2,0,0,0,1,0,11,2,0,0,0
"InChI=1S/C11H14ClNO/c1-3-6-13-8(2)10-7-9(12)4-5-11(10)14/h4-5,7,13H,3,6H2,1-2H3",1,0,4,0,0,0,0,0,0,0,0,0,0,0,0,0,0,0,0,0,1,0,0,0,0,0,0,0,0,0,0,0,0,3,0,0,0,1,0,0,0,3,0,3,6,0,0,0,0,1,1,0,2,0,0,1,0,0,0,9,0,0,9,3,0,1,4,0,0,0,1,0,0,0,0,0,0,0,0,0,0,0,0,0,0,0,3,3,1,0,1,1,0,0,0,0,0,1,0,0,0,0,1,0,0,0,0,0,0,2,0,0,0,0,0,0,0,0,0,12,3,0,2,3,3,3,0,2,1,0,0,1,1,2,0,0,0,0,0,0,0,0,6,0,0,0,1,0,0,0,0,0,6,0,0,0,0
"InChI=1S/C11H14ClNO/c1-7(2)11-10(12)5-9(6-13-11)14-8-3-4-8/h5-8H,3-4H2,1-2H3",1,1,6,0,0,0,0,0,0,0,0,0,0,0,0,0,0,0,0,0,0,0,0,0,0,0,0,0,0,0,0,0,0,0,0,0,0,0,0,0,0,0,0,0,0,0,0,0,1,0,0,0,0,0,0,0,2,0,0,8,0,0,8,0,1,1,2,0,0,0,0,0,0,0,0,0,0,0,0,0,0,0,0,1,0,0,0,0,0,1,1,0,2,1,0,0,0,2,0,0,0,0,0,0,0,0,0,0,5,4,0,6,4,0,0,0,0,1,0,2,0,0,2,0,0,0,1,2,1,0,0,1,1,2,0,0,0,0,0,2,0,0,9,1,0,0,1,0,0,0,1,0,16,0,0,0,0
"InChI=1S/C11H14ClNO/c12-9-3-1-5-11(7-9)14-8-10-4-2-6-13-10/h1,3,5,7,10,13H,2,4,6,8H2",1,1,5,0,0,0,0,0,0,0,0,0,0,0,0,0,0,0,0,0,1,0,1,0,0,0,0,0,0,0,0,0,0,6,0,0,0,1,0,0,0,9,0,0,0,0,0,0,0,0,0,0,2,0,0,0,2,5,2,18,26,23,18,0,1,1,6,0,0,0,1,2,0,0,0,0,0,0,0,0,0,0,0,1,0,0,3,9,1,1,1,0,2,1,0,0,0,1,0,0,0,0,0,0,0,0,0,3,0,2,0,6,6,0,0,0,0,1,0,9,3,0,0,0,0,0,0,0,1,0,0,1,1,2,0,0,0,0,0,0,0,0,11,0,0,1,1,0,0,0,0,0,22,0,0,0,0
"InChI=1S/C11H14ClNO/c1-8(2)6-11(7-14-11)9-3-4-13-10(12)5-9/h3-5,8H,6-7H2,1-2H3",1,1,6,0,0,0,0,0,0,0,0,0,0,0,0,0,0,0,0,0,0,0,0,0,0,0,0,0,0,0,0,0,0,3,0,0,0,0,0,0,0,0,0,0,0,0,0,0,2,0,0,0,0,0,0,0,2,0,0,0,6,0,0,0,2,1,2,0,0,0,0,0,0,0,0,0,0,0,0,0,0,0,0,0,0,0,0,0,0,1,1,0,0,0,0,0,0,3,0,0,0,0,0,0,0,0,0,3,5,0,1,6,4,0,0,0,0,2,0,7,0,0,2,0,6,6,1,2,1,0,0,1,1,2,0,0,0,0,0,2,0,0,9,1,0,0,1,0,0,1,1,1,8,0,0,0,0
"InChI=1S/C11H14ClNO/c12-10-3-1-2-8-4-5-11(13,7-14)6-9(8)10/h1-3,14H,4-7,13H2",1,1,5,0,0,0,0,0,0,0,0,0,0,0,0,0,0,0,0,0,1,0,0,0,0,0,0,0,0,0,0,0,0,3,0,0,0,2,0,1,0,9,0,0,0,0,0,0,1,0,0,0,1,0,0,0,1,9,3,9,26,8,9,0,0,1,3,0,0,2,1,0,0,0,0,0,0,0,0,0,0,0,0,1,0,0,0,9,1,0,1,0,0,1,0,0,0,0,0,0,0,0,0,0,0,0,0,3,0,0,0,6,6,0,0,0,0,0,0,9,3,0,0,0,0,0,0,0,1,0,0,1,1,2,0,0,0,0,0,0,1,1,10,0,0,0,2,0,0,0,0,0,15,2,0,0,0
"InChI=1S/C11H14ClNO/c12-10-3-4-11-9(5-7-14-11)8(10)2-1-6-13/h3-4H,1-2,5-7,13H2",1,1,5,0,0,0,0,0,0,0,0,0,0,0,0,0,0,0,0,0,1,0,1,0,0,0,0,0,0,0,0,0,0,6,0,0,0,1,0,0,0,3,0,0,0,0,0,0,0,0,0,0,1,0,0,0,2,3,0,27,9,22,27,0,1,1,3,0,0,0,1,0,0,0,0,0,0,0,0,0,0,0,0,0,0,0,3,3,1,0,1,0,2,0,0,0,0,1,0,0,0,0,0,0,0,0,0,3,3,0,1,6,6,0,0,0,0,1,0,20,3,0,0,0,0,0,0,0,1,0,0,1,1,2,0,0,0,0,0,0,1,0,9,0,0,1,1,0,0,0,0,0,7,2,0,0,0
"InChI=1S/C11H14ClNO/c12-7-11(14)9-5-6-13(8-9)10-3-1-2-4-10/h5-6,8,10H,1-4,7H2",1,0,6,0,0,0,0,0,0,0,0,0,0,0,0,0,0,0,0,0,1,0,1,0,0,0,0,0,0,0,0,0,0,3,0,0,0,0,0,0,0,0,0,0,0,0,0,0,0,0,0,0,1,0,1,1,0,0,0,27,20,12,27,0,1,1,5,0,0,2,1,2,0,0,0,0,0,0,0,0,0,0,0,0,0,0,0,6,0,1,1,1,0,0,0,0,0,1,0,0,0,0,1,0,0,0,0,0,3,0,0,5,5,0,0,0,0,1,0,10,0,0,0,0,0,0,0,0,1,0,0,1,3,0,0,0,0,0,0,2,0,0,10,0,0,2,0,0,0,0,0,1,25,0,0,0,0
"InChI=1S/C11H14ClNO/c1-2-11(12)13-8-9-14-10-6-4-3-5-7-10/h3-7H,2,8-9H2,1H3",1,1,4,0,0,0,0,0,0,0,0,0,0,0,0,0,0,0,0,0,0,0,0,0,0,0,0,0,0,0,0,0,0,6,0,0,0,0,0,0,0,0,0,0,0,0,0,0,0,0,0,1,1,0,0,0,2,0,0,9,9,9,9,0,0,1,4,1,0,0,0,0,0,0,0,0,0,0,0,0,0,0,0,1,0,0,3,6,0,0,1,0,2,1,0,0,0,1,0,0,0,0,0,0,0,0,0,3,3,2,0,6,6,0,0,0,0,0,0,18,0,0,1,3,0,3,0,1,1,0,0,1,1,0,0,0,0,0,0,0,0,0,6,0,0,0,1,0,0,0,0,0,6,0,0,0,0
"InChI=1S/C11H14ClNO/c1-6-7(2)13-11-8(10(6)12)4-3-5-9(11)14/h9,14H,3-5H2,1-2H3",1,1,6,0,0,0,0,0,0,0,0,0,0,0,0,0,0,0,0,0,0,0,0,0,0,0,0,0,0,0,0,0,0,0,0,0,0,1,0,0,0,3,0,0,0,0,0,0,0,0,0,0,0,0,0,0,1,3,6,18,0,8,18,0,1,1,2,0,0,0,0,0,0,0,0,0,0,0,0,0,0,0,0,1,0,0,0,0,0,1,1,0,0,1,0,0,0,1,0,0,0,0,0,0,0,0,0,0,3,2,0,6,4,0,0,0,0,1,0,3,0,0,2,0,0,3,0,2,1,0,0,1,1,2,0,0,0,0,0,2,0,1,10,0,0,0,2,0,0,0,1,0,14,2,0,0,0
"InChI=1S/C11H14ClNO/c1-14-13-11(8-5-9-12)10-6-3-2-4-7-10/h2-4,6-7H,5,8-9H2,1H3",1,1,4,0,0,0,0,0,0,0,0,0,0,0,0,0,0,0,0,0,0,0,0,0,0,1,0,0,0,0,1,0,1,3,0,1,0,0,0,0,0,0,0,0,0,0,0,0,0,0,0,1,0,0,0,0,1,0,0,18,0,0,18,0,0,1,1,1,0,0,0,0,0,0,0,0,0,0,0,0,0,1,0,0,0,1,0,3,0,0,1,0,0,1,0,0,0,0,0,0,0,0,0,0,0,0,0,0,0,0,0,6,6,0,0,0,0,0,0,18,0,0,1,0,0,3,0,1,1,0,0,1,3,0,0,0,0,0,0,0,0,0,6,0,0,0,1,0,0,0,0,0,6,0,0,0,0
"InChI=1S/C11H14ClNO/c1-8(2)13-11(12)9-4-6-10(14-3)7-5-9/h4-8H,1-3H3",1,1,4,0,0,0,0,0,0,0,0,0,0,0,0,0,0,0,0,0,0,0,0,0,0,0,0,0,0,0,0,0,0,0,0,1,0,0,0,0,0,0,0,0,0,0,0,0,0,0,0,1,1,0,0,0,2,0,0,0,0,0,0,0,0,1,4,1,0,0,0,0,0,0,0,0,0,0,0,0,0,0,0,0,0,0,0,0,0,0,1,0,2,1,0,0,0,1,0,0,0,0,0,0,0,0,0,0,0,2,0,6,6,0,0,0,0,0,0,0,0,0,3,0,0,0,1,3,1,0,0,1,1,0,0,0,0,0,0,0,0,0,6,0,0,0,1,0,0,0,0,0,6,0,0,0,0
"InChI=1S/C11H14ClNO/c1-9(13)10-3-5-11(6-4-10)14-8-2-7-12/h2-7,9H,8,13H2,1H3",1,1,3,0,0,0,0,0,0,0,0,0,0,0,0,0,0,0,0,0,1,0,0,0,0,0,0,0,0,0,0,0,0,3,0,0,0,1,0,0,0,0,0,1,2,0,0,0,0,0,0,0,1,0,0,0,2,0,0,0,0,0,0,0,0,1,3,0,0,0,1,0,0,0,0,0,0,0,0,0,0,0,0,0,0,0,0,0,1,0,1,0,2,1,0,0,0,1,0,0,0,0,0,0,0,0,0,3,0,2,0,6,6,0,0,0,0,0,0,6,0,0,1,0,0,0,0,1,1,0,0,1,1,0,0,0,0,0,0,0,1,0,6,0,0,0,1,0,0,0,0,0,6,0,0,0,0
"InChI=1S/C11H14ClNO/c1-13-9-10-5-2-3-6-11(10)14-8-4-7-12/h2-7,13H,8-9H2,1H3",1,1,3,0,0,0,0,0,0,0,0,0,0,0,0,0,0,0,0,0,1,0,0,0,0,0,0,0,0,0,0,0,0,6,0,1,0,1,0,0,0,0,0,1,2,0,0,0,0,0,0,0,2,0,0,0,2,0,0,0,0,9,0,0,0,1,6,0,0,0,1,0,0,0,0,0,0,0,0,0,0,0,0,0,0,0,3,0,1,0,1,0,2,1,0,0,0,1,0,0,0,0,1,0,0,0,0,3,0,2,0,6,6,0,0,0,0,0,0,12,3,1,1,0,3,0,0,1,1,0,0,1,1,0,0,0,0,0,0,0,0,0,6,0,0,0,1,0,0,0,0,0,6,0,0,0,0
"InChI=1S/C11H14ClNO/c1-9(13)10-4-2-5-11(8-10)14-7-3-6-12/h2-6,8-9H,7,13H2,1H3",1,1,3,0,0,0,0,0,0,0,0,0,0,0,0,0,0,0,0,0,1,0,0,0,0,0,0,0,0,0,0,0,0,3,0,0,0,1,0,0,0,0,0,1,2,0,0,0,0,0,0,0,1,0,0,0,2,0,0,0,0,0,0,0,0,1,3,0,0,0,1,0,0,0,0,0,0,0,0,0,0,0,0,0,0,0,0,0,1,0,1,0,2,1,0,0,0,1,0,0,0,0,0,0,0,0,0,3,0,2,0,6,6,0,0,0,0,0,0,6,0,0,1,0,0,0,0,1,1,0,0,1,1,0,0,0,0,0,0,0,1,0,6,0,0,0,1,0,0,0,0,0,6,0,0,0,0
"InChI=1S/C11H14ClNO/c1-13-7-8-4-5-14-11-6-9(12)2-3-10(8)11/h2-3,6,8,13H,4-5,7H2,1H3",1,1,5,0,0,0,0,0,0,0,0,0,0,0,0,0,0,0,0,0,1,0,0,0,0,0,0,0,0,0,0,0,0,6,0,1,0,1,0,0,0,0,0,0,0,0,0,0,1,0,0,0,2,0,0,0,2,3,3,9,9,0,9,0,1,1,6,0,0,0,1,0,0,0,0,0,0,0,0,0,0,0,0,0,0,0,3,0,1,0,1,0,2,0,0,0,0,1,0,0,0,0,0,0,0,0,0,3,3,0,1,6,6,0,0,0,0,1,0,8,3,1,1,0,3,3,0,1,1,0,0,1,1,2,0,0,0,0,0,0,0,0,10,0,0,0,2,0,0,0,1,0,11,2,0,0,0
"InChI=1S/C11H14ClNO/c12-9-6-7-11(13-8-9)14-10-4-2-1-3-5-10/h6-8,10H,1-5H2",1,1,6,0,0,0,0,0,0,0,0,0,0,0,0,0,0,0,0,0,0,0,0,0,0,0,0,0,0,0,0,0,0,0,0,0,0,0,0,0,0,0,0,0,0,0,0,0,0,0,0,0,0,0,0,0,2,0,0,36,33,26,36,0,1,1,2,0,0,0,0,0,0,0,0,0,0,0,0,0,0,0,1,0,0,0,0,0,0,1,1,0,2,1,0,0,0,1,1,1,0,0,0,0,0,0,0,0,6,4,0,6,4,0,0,0,0,1,0,5,0,0,0,0,0,0,0,0,1,0,0,1,1,2,0,0,0,0,0,2,0,0,12,0,0,0,2,0,0,0,1,0,28,0,0,0,0
"InChI=1S/C11H14ClNO/c1-2-3-6-13-8-9-4-5-11(14)10(12)7-9/h4-5,7-8,13H,2-3,6H2,1H3",1,0,4,0,0,0,0,0,0,0,0,0,0,0,0,0,0,0,0,0,1,0,0,0,0,0,0,0,0,0,0,0,0,3,0,0,0,1,0,0,0,3,0,3,6,0,0,0,0,1,1,0,2,0,0,1,0,3,0,18,0,0,18,3,0,1,4,0,0,0,1,0,0,0,0,0,0,0,0,0,0,0,0,0,0,0,3,3,1,0,1,1,0,0,0,0,0,1,0,0,0,0,0,0,0,0,0,0,0,2,0,0,0,0,0,0,0,0,0,18,3,0,1,3,3,0,0,1,1,0,0,1,1,2,0,0,0,0,0,0,0,0,6,0,0,0,1,0,0,0,0,0,6,0,0,0,0
"InChI=1S/C11H14ClNO/c12-7-6-11(14)10-5-4-9-3-1-2-8-13(9)10/h4-5H,1-3,6-8H2",1,0,6,0,0,0,0,0,0,0,0,0,0,0,0,0,0,0,0,0,1,0,1,0,0,0,0,0,0,0,0,0,0,6,0,0,0,0,0,0,0,0,0,0,0,0,0,0,0,0,0,0,1,0,1,1,0,0,0,36,17,25,36,0,1,1,5,0,0,0,1,0,0,0,0,0,0,0,0,0,0,0,0,1,0,0,3,6,0,1,1,1,0,0,0,0,0,1,0,0,0,0,0,0,0,0,0,0,3,0,0,5,5,0,0,0,0,1,0,16,0,0,0,0,0,0,0,0,1,0,0,1,3,0,0,0,0,0,0,2,0,0,9,0,0,1,1,0,0,0,1,0,14,2,0,0,0
"InChI=1S/C11H14ClNO/c1-2-3-6-13-8-9-7-10(12)4-5-11(9)14/h4-5,7-8,13H,2-3,6H2,1H3",1,0,4,0,0,0,0,0,0,0,0,0,0,0,0,0,0,0,0,0,1,0,0,0,0,0,0,0,0,0,0,0,0,3,0,0,0,1,0,0,0,3,0,3,6,0,0,0,0,1,1,0,2,0,0,1,0,3,0,18,0,0,18,3,0,1,4,0,0,0,1,0,0,0,0,0,0,0,0,0,0,0,0,0,0,0,3,3,1,0,1,1,0,0,0,0,0,1,0,0,0,0,1,0,0,0,0,0,0,2,0,0,0,0,0,0,0,0,0,18,3,0,1,3,3,0,0,1,1,0,0,1,1,2,0,0,0,0,0,0,0,0,6,0,0,0,1,0,0,0,0,0,6,0,0,0,0
"InChI=1S/C11H14ClNO/c1-8(2)13-11(12)9-5-4-6-10(7-9)14-3/h4-8H,1-3H3",1,1,4,0,0,0,0,0,0,0,0,0,0,0,0,0,0,0,0,0,0,0,0,0,0,0,0,0,0,0,0,0,0,0,0,1,0,0,0,0,0,0,0,0,0,0,0,0,0,0,0,1,1,0,0,0,2,0,0,0,0,0,0,0,0,1,4,1,0,0,0,0,0,0,0,0,0,0,0,0,0,0,0,0,0,0,0,0,0,0,1,0,2,1,0,0,0,1,0,0,0,0,0,0,0,0,0,0,0,2,0,6,6,0,0,0,0,0,0,0,0,0,3,0,0,0,1,3,1,0,0,1,1,0,0,0,0,0,0,0,0,0,6,0,0,0,1,0,0,0,0,0,6,0,0,0,0
"InChI=1S/C11H14ClNO/c1-8-3-4-9(2)10(7-8)11(14)13-6-5-12/h3-4,7H,5-6H2,1-2H3,(H,13,14)",1,1,4,0,0,0,0,0,0,0,0,0,0,0,0,0,0,0,0,0,0,0,0,0,0,0,0,0,0,0,0,0,0,6,0,0,0,1,0,0,0,0,0,0,0,0,0,0,0,0,0,1,1,0,0,0,1,3,3,9,0,0,9,0,0,1,4,1,0,0,0,0,0,0,0,0,0,0,0,0,0,0,1,0,0,0,3,3,0,0,1,0,0,1,0,0,0,0,1,1,0,0,0,0,0,0,0,0,0,0,0,6,6,0,0,0,0,0,0,12,0,0,2,0,0,0,0,2,1,0,0,1,3,0,0,0,0,0,0,0,0,1,6,0,0,0,1,0,0,0,0,0,6,0,0,0,0
"InChI=1S/C11H14ClNO/c1-9(12)8-14-11-5-3-2-4-10(11)6-7-13/h2-5H,1,6-8,13H2",1,1,3,0,0,0,0,0,0,0,0,0,0,0,0,0,0,0,0,0,1,0,0,0,0,0,0,0,0,0,0,0,0,6,0,0,0,1,0,0,0,3,0,1,2,0,0,0,0,0,0,0,1,0,0,0,2,0,0,9,0,9,9,0,0,1,3,0,0,0,1,0,0,0,0,0,0,0,0,0,0,0,0,0,0,0,3,3,1,0,1,0,2,1,0,0,0,1,0,0,0,0,0,0,0,0,0,3,0,2,0,6,6,0,0,0,0,0,1,21,3,0,0,0,0,0,0,0,1,0,0,1,1,0,0,0,0,0,0,0,1,0,6,0,0,0,1,0,0,0,0,0,6,0,0,0,0
"InChI=1S/C11H14ClNO/c1-3-13-7-8-4-5-9(12)6-10(8)11(13)14-2/h3-5,9,11H,1,6-7H2,2H3",1,0,5,0,0,0,0,0,0,0,0,0,0,0,0,0,0,0,0,0,1,0,1,0,0,0,0,0,0,0,0,0,0,3,0,1,0,0,0,0,0,0,2,3,6,0,0,0,0,2,1,0,3,0,1,0,2,0,0,0,15,9,0,0,1,1,7,0,0,0,1,2,0,0,0,0,0,0,0,0,0,0,1,0,0,0,3,2,0,1,1,0,0,1,0,0,0,0,1,1,0,0,0,0,0,0,0,0,0,2,0,0,0,0,0,0,0,1,1,5,0,0,1,0,0,6,0,1,1,0,0,1,3,2,0,0,0,0,0,0,0,0,9,0,0,1,1,0,0,0,0,0,11,2,0,0,0
"InChI=1S/C11H14ClNO/c1-2-9-4-5-10(12)8-11(9)13-6-3-7-14/h2,4-5,8,14H,3,6-7H2,1H3",1,0,4,0,0,0,0,0,0,0,0,0,0,0,0,0,0,0,0,0,0,0,0,0,0,0,0,0,0,0,0,0,0,6,0,0,0,1,0,0,0,3,0,3,6,0,0,0,0,1,0,1,1,0,0,0,1,3,0,18,0,0,18,0,0,1,4,1,0,2,0,0,0,0,0,0,0,0,0,0,0,0,0,0,0,0,3,3,0,0,1,0,0,1,0,0,0,0,0,0,0,0,1,0,0,0,0,3,3,0,0,0,0,0,0,0,0,0,0,18,3,0,1,0,0,0,0,1,1,0,0,1,1,2,0,0,0,0,0,0,0,1,6,0,0,0,1,0,0,0,0,0,6,0,0,0,0
"InChI=1S/C11H14ClNO/c12-5-6-13-7-8-14-11-4-2-1-3-10(11)9-13/h1-4H,5-9H2",1,1,5,0,0,0,0,0,0,0,0,0,0,0,0,0,0,0,0,0,1,0,0,0,0,0,0,0,0,0,0,0,0,15,0,0,0,0,0,0,0,0,0,0,0,0,0,0,0,0,0,0,3,0,1,0,2,0,0,18,36,18,18,0,2,1,9,0,0,0,1,2,0,0,0,0,0,0,0,0,0,0,0,1,0,0,9,6,0,1,1,0,2,0,0,0,0,1,0,0,0,0,1,0,0,0,0,3,3,0,1,6,6,0,0,0,0,2,0,15,0,3,0,0,0,0,0,0,1,0,0,1,3,0,0,0,0,0,0,0,0,0,11,0,0,0,1,1,0,0,0,0,11,2,0,0,0
"InChI=1S/C11H14ClNO/c1-10(12)9-13-7-8-14-11-5-3-2-4-6-11/h2-6,13H,1,7-9H2",1,1,3,0,0,0,0,0,0,0,0,0,0,0,0,0,0,0,0,0,1,0,0,0,0,0,0,0,0,0,0,0,0,9,0,0,0,1,0,0,0,3,0,1,2,0,0,0,0,0,0,0,2,0,0,0,2,2,0,9,9,6,9,0,0,1,6,0,0,0,1,0,0,0,0,0,0,0,0,0,0,0,0,1,0,0,6,3,1,0,1,0,2,1,0,0,0,1,0,0,0,0,0,0,0,0,0,3,3,2,0,6,6,0,0,0,0,0,1,21,6,1,0,0,0,0,0,0,1,0,0,1,1,0,0,0,0,0,0,0,0,0,6,0,0,0,1,0,0,0,0,0,6,0,0,0,0
"InChI=1S/C11H14ClNO/c12-11-7-10(5-6-13-11)14-8-9-3-1-2-4-9/h5-7,9H,1-4,8H2",1,1,6,0,0,0,0,0,0,0,0,0,0,0,0,0,0,0,0,0,0,0,0,0,0,0,0,0,0,0,0,0,0,3,0,0,0,0,0,0,0,0,0,0,0,0,0,0,1,0,0,0,0,0,0,0,2,0,0,27,38,27,27,0,1,1,2,0,0,0,0,0,0,0,0,0,0,0,0,0,0,0,0,0,0,0,0,0,0,1,1,0,2,1,0,0,0,1,0,0,0,0,2,0,0,0,0,3,0,2,0,6,4,0,0,0,0,1,0,10,0,0,0,0,0,0,0,0,1,0,0,1,1,2,0,0,0,0,0,2,0,0,11,0,0,1,1,0,0,0,1,0,24,0,0,0,0
"InChI=1S/C11H14ClNO/c1-13-4-3-8-5-10(12)11(14-2)6-9(8)7-13/h5-6H,3-4,7H2,1-2H3",1,1,5,0,0,0,0,0,0,0,0,0,0,0,0,0,0,0,0,0,1,0,0,0,0,0,0,0,0,0,0,0,0,6,0,2,0,0,0,0,0,0,0,0,0,0,0,0,0,0,0,0,3,0,1,0,2,0,0,9,17,8,9,3,1,1,9,0,0,0,1,2,0,0,0,0,0,0,0,0,0,0,0,0,0,0,6,3,0,1,1,0,2,1,0,0,0,1,0,0,0,0,0,0,0,0,0,0,0,2,0,6,6,0,0,0,0,1,0,3,0,3,2,0,6,0,0,2,1,0,0,1,1,2,0,0,0,0,0,0,0,0,10,0,0,0,2,0,0,0,1,0,11,2,0,0,0
"InChI=1S/C11H14ClNO/c1-6-5-9-10(7(2)11(6)12)8(13)3-4-14-9/h5,8H,3-4,13H2,1-2H3",1,1,5,0,0,0,0,0,0,0,0,0,0,0,0,0,0,0,0,0,1,0,0,0,0,0,0,0,0,0,0,0,0,3,0,0,0,1,0,0,0,3,0,0,0,0,0,0,0,0,0,0,1,0,0,0,2,3,0,9,0,0,9,0,1,1,3,0,0,2,1,0,0,0,0,0,0,0,0,0,0,0,0,0,0,0,0,3,1,0,1,0,2,0,0,0,0,1,0,0,0,0,2,0,0,0,0,3,3,0,1,6,6,0,0,0,0,1,0,2,0,0,2,0,0,3,0,2,1,0,0,1,1,2,0,0,0,0,0,0,1,0,10,0,0,0,2,0,0,0,1,0,11,2,0,0,0
"InChI=1S/C11H14ClNO/c1-7-8(2)11(13-9(7)3)5-4-10(14)6-12/h4-5,13H,6H2,1-3H3",1,0,4,0,0,0,0,0,0,0,0,0,0,0,0,0,0,0,0,0,1,0,1,0,0,0,0,0,0,0,0,0,0,3,0,0,0,1,0,0,0,0,0,1,2,0,0,0,0,0,0,0,0,0,0,1,0,0,0,0,0,0,0,0,1,1,2,0,0,0,1,2,0,0,0,0,0,0,0,0,0,0,0,0,0,0,0,0,1,1,1,1,0,0,0,0,0,1,0,0,0,0,0,0,0,0,0,0,3,0,0,5,5,0,0,0,0,1,0,6,0,0,3,0,0,0,0,3,1,0,0,1,3,0,0,0,0,0,0,2,0,0,5,0,0,1,0,0,0,0,0,0,5,0,0,0,0
"InChI=1S/C11H14ClNO/c1-8-3-4-11(10(5-8)6-13)14-7-9(2)12/h3-5H,2,6-7,13H2,1H3",1,1,3,0,0,0,0,0,0,0,0,0,0,0,0,0,0,0,0,0,1,0,0,0,0,0,0,0,0,0,0,0,0,6,0,0,0,1,0,0,0,0,0,1,2,0,0,0,0,0,0,0,1,0,0,0,2,0,0,0,0,9,0,0,0,1,3,0,0,0,1,0,0,0,0,0,0,0,0,0,0,0,0,0,0,0,3,0,1,0,1,0,2,1,0,0,0,1,0,0,0,0,1,0,0,0,0,3,0,2,0,6,6,0,0,0,0,0,1,15,3,0,1,0,0,3,0,1,1,0,0,1,1,0,0,0,0,0,0,0,1,0,6,0,0,0,1,0,0,0,0,0,6,0,0,0,0
"InChI=1S/C11H14ClNO/c12-10-6-3-7-11(13-10)14-8-9-4-1-2-5-9/h3,6-7,9H,1-2,4-5,8H2",1,1,6,0,0,0,0,0,0,0,0,0,0,0,0,0,0,0,0,0,0,0,0,0,0,0,0,0,0,0,0,0,0,3,0,0,0,0,0,0,0,0,0,0,0,0,0,0,1,0,0,0,0,0,0,0,2,0,0,27,38,27,27,0,1,1,2,0,0,0,0,0,0,0,0,0,0,0,0,0,0,0,1,0,0,0,0,0,0,1,1,0,2,1,0,0,0,0,1,1,0,0,0,0,0,0,0,3,0,2,0,6,4,0,0,0,0,1,0,10,0,0,0,0,0,0,0,0,1,0,0,1,1,2,0,0,0,0,0,2,0,0,11,0,0,1,1,0,0,0,1,0,24,0,0,0,0
"InChI=1S/C11H14ClNO/c1-14-10-3-2-8-4-6-13-7-5-9(8)11(10)12/h2-3,13H,4-7H2,1H3",1,1,5,0,0,0,0,0,0,0,0,0,0,0,0,0,0,0,0,0,1,0,0,0,0,0,0,0,0,0,0,0,0,6,0,1,0,1,0,0,0,6,0,0,0,0,0,0,0,0,0,0,2,0,0,0,2,0,0,18,27,25,18,0,1,1,6,0,0,0,1,2,0,0,0,0,0,0,0,0,0,0,0,0,0,0,6,6,1,1,1,0,2,1,0,0,0,1,0,0,0,0,0,0,0,0,0,0,0,2,0,6,6,0,0,0,0,1,0,4,6,1,1,0,0,0,0,1,1,0,0,1,1,2,0,0,0,0,0,0,0,0,11,0,0,0,1,1,0,0,0,0,15,2,0,0,0
"InChI=1S/C11H14ClNO/c1-6-8-4-3-5-9(14)11(8)13-7(2)10(6)12/h9,14H,3-5H2,1-2H3",1,1,6,0,0,0,0,0,0,0,0,0,0,0,0,0,0,0,0,0,0,0,0,0,0,0,0,0,0,0,0,0,0,0,0,0,0,1,0,0,0,3,0,0,0,0,0,0,0,0,0,0,0,0,0,0,1,3,6,18,0,8,18,3,1,1,2,0,0,0,0,0,0,0,0,0,0,0,0,0,0,0,0,1,0,0,0,0,0,1,1,0,0,1,0,0,0,1,0,0,0,0,0,0,0,0,0,0,3,2,0,6,4,0,0,0,0,1,0,3,0,0,2,0,0,3,0,2,1,0,0,1,1,2,0,0,0,0,0,2,0,1,10,0,0,0,2,0,0,0,1,0,14,2,0,0,0
"InChI=1S/C11H14ClNO/c1-8-3-4-10(9(2)7-8)11(14)13-6-5-12/h3-4,7H,5-6H2,1-2H3,(H,13,14)",1,1,4,0,0,0,0,0,0,0,0,0,0,0,0,0,0,0,0,0,0,0,0,0,0,0,0,0,0,0,0,0,0,6,0,0,0,1,0,0,0,0,0,0,0,0,0,0,0,0,0,1,1,0,0,0,1,3,3,9,0,0,9,0,0,1,4,1,0,0,0,0,0,0,0,0,0,0,0,0,0,0,1,0,0,0,3,3,0,0,1,0,0,1,0,0,0,0,1,1,0,0,0,0,0,0,0,0,0,0,0,6,6,0,0,0,0,0,0,12,0,0,2,0,0,0,0,2,1,0,0,1,3,0,0,0,0,0,0,0,0,1,6,0,0,0,1,0,0,0,0,0,6,0,0,0,0
"InChI=1S/C11H14ClNO/c1-3-11(2,10(12)13-14)9-7-5-4-6-8-9/h4-8,14H,3H2,1-2H3",1,1,4,0,0,0,0,0,0,0,0,0,0,0,0,0,0,0,0,0,0,0,0,0,0,1,0,1,0,0,1,0,1,0,0,0,0,1,0,0,0,0,0,0,0,0,0,0,1,0,0,1,0,0,0,0,0,0,3,0,0,0,0,0,0,1,1,1,0,0,0,0,0,0,0,0,0,0,0,0,0,1,0,0,0,1,0,0,0,0,1,0,0,1,0,0,0,0,0,0,0,0,0,0,0,0,0,0,0,0,0,6,6,0,0,0,0,0,0,6,0,0,2,3,3,0,0,2,1,0,0,1,1,0,0,0,0,0,0,0,0,1,6,0,0,0,1,0,0,0,0,0,6,0,0,0,0
"InChI=1S/C11H14ClNO/c1-14-10-6-5-8(12)11-7(10)3-2-4-9(11)13/h5-6,9H,2-4,13H2,1H3",1,1,5,0,0,0,0,0,0,0,0,0,0,0,0,0,0,0,0,0,1,0,0,0,0,0,0,0,0,0,0,0,0,0,0,1,0,1,0,0,0,3,0,0,0,0,0,0,0,0,0,0,1,0,0,0,2,3,6,18,0,8,18,0,0,1,3,0,0,2,1,0,0,0,0,0,0,0,0,0,0,0,0,0,0,0,0,3,1,0,1,0,2,1,0,0,0,1,0,0,0,0,0,0,0,0,0,0,0,2,0,6,6,0,0,0,0,0,0,3,0,0,1,0,0,3,0,1,1,0,0,1,1,2,0,0,0,0,0,0,1,0,10,0,0,0,2,0,0,0,0,0,15,2,0,0,0
"InChI=1S/C11H14ClNO/c1-11(2,3)9-6-4-8(5-7-9)10(12)13-14/h4-7,14H,1-3H3",1,1,4,0,0,0,0,0,0,0,0,0,0,0,0,0,0,0,0,0,0,0,0,0,0,1,0,1,0,0,1,0,1,0,0,0,0,1,0,0,0,0,0,0,0,0,0,0,1,0,0,1,0,0,0,0,0,0,0,0,0,0,0,0,0,1,1,1,0,0,0,0,0,0,0,0,0,0,0,0,0,1,0,0,0,1,0,0,0,0,1,0,0,1,0,0,0,0,0,0,0,0,0,0,0,0,0,0,0,0,0,6,6,0,0,0,0,0,0,0,0,0,3,0,0,0,3,3,1,0,0,1,1,0,0,0,0,0,0,0,0,1,6,0,0,0,1,0,0,0,0,0,6,0,0,0,0
"InChI=1S/C11H14ClNO/c1-6-4-9-10(7(2)11(6)12)8(13-3)5-14-9/h4,8,13H,5H2,1-3H3",1,1,5,0,0,0,0,0,0,0,0,0,0,0,0,0,0,0,0,0,1,0,1,0,0,0,0,0,0,0,0,0,0,3,0,1,0,1,0,0,0,3,0,0,0,0,0,0,0,0,0,0,2,0,0,0,2,0,0,0,0,0,0,3,1,1,6,0,0,2,1,0,0,0,0,0,0,0,0,0,0,0,0,1,0,0,0,3,1,0,1,0,2,0,0,0,0,1,0,0,0,0,1,0,0,0,0,3,0,0,1,6,6,0,0,0,0,1,0,1,0,0,3,0,0,3,0,3,1,0,0,1,1,2,0,0,0,0,0,0,0,0,9,0,0,1,1,0,0,0,0,0,7,2,0,0,0
"InChI=1S/C11H14ClNO/c12-9-6-7-13-11(8-9)14-10-4-2-1-3-5-10/h6-8,10H,1-5H2",1,1,6,0,0,0,0,0,0,0,0,0,0,0,0,0,0,0,0,0,0,0,0,0,0,0,0,0,0,0,0,0,0,0,0,0,0,0,0,0,0,0,0,0,0,0,0,0,0,0,0,0,0,0,0,0,2,0,0,36,33,26,36,0,1,1,2,0,0,0,0,0,0,0,0,0,0,0,0,0,0,0,1,0,0,0,0,0,0,1,1,0,2,1,0,0,0,1,1,1,0,0,0,0,0,0,0,0,6,4,0,6,4,0,0,0,0,1,0,5,0,0,0,0,0,0,0,0,1,0,0,1,1,2,0,0,0,0,0,2,0,0,12,0,0,0,2,0,0,0,1,0,28,0,0,0,0
"InChI=1S/C11H14ClNO/c12-10(11-2-1-7-14-11)8-9-3-5-13-6-4-9/h3-6,10-11H,1-2,7-8H2",1,1,6,0,0,0,0,0,0,0,0,0,0,0,0,0,0,0,0,0,0,0,1,0,0,0,0,0,0,0,0,0,0,3,0,0,0,0,0,0,0,0,0,0,0,0,0,0,0,0,0,0,0,0,0,0,2,0,0,18,17,26,18,0,2,1,2,0,0,0,0,0,0,0,0,0,0,0,0,0,0,0,0,0,0,0,0,0,0,1,1,0,0,0,0,0,0,1,0,0,0,0,0,0,0,0,0,3,6,0,1,6,4,0,0,0,0,2,0,9,0,0,0,0,0,0,0,0,1,0,0,1,3,0,0,0,0,0,0,2,0,0,11,0,0,1,1,0,0,0,1,0,16,0,0,0,0
"InChI=1S/C11H14ClNO/c1-6-7(2)11-10(8(3)9(6)12)13-4-5-14-11/h13H,4-5H2,1-3H3",1,1,5,0,0,0,0,0,0,0,0,0,0,0,0,0,0,0,0,0,1,0,0,0,0,0,0,0,0,0,0,0,0,6,0,0,0,1,0,0,0,3,0,0,0,0,0,0,0,0,0,0,2,0,0,0,2,0,3,9,0,0,9,0,2,1,4,0,2,0,1,2,0,0,0,0,0,0,0,0,0,0,0,2,0,0,3,3,1,1,1,0,2,0,0,0,0,1,0,0,0,0,0,0,0,0,0,3,3,0,1,6,6,0,0,0,0,2,0,2,3,0,3,0,0,6,0,3,1,0,0,1,1,2,0,0,0,0,0,0,0,0,10,0,0,0,2,0,0,0,1,0,9,2,0,0,0
"InChI=1S/C11H14ClNO/c12-11-10(7-4-8-13-11)14-9-5-2-1-3-6-9/h4,7-9H,1-3,5-6H2",1,1,6,0,0,0,0,0,0,0,0,0,0,0,0,0,0,0,0,0,0,0,0,0,0,0,0,0,0,0,0,0,0,0,0,0,0,0,0,0,0,0,0,0,0,0,0,0,0,0,0,0,0,0,0,0,2,0,0,36,33,26,36,0,1,1,2,0,0,0,0,0,0,0,0,0,0,0,0,0,0,0,0,1,0,0,0,0,0,1,1,0,2,1,0,0,0,2,0,0,0,0,0,0,0,0,0,0,6,4,0,6,4,0,0,0,0,1,0,5,0,0,0,0,0,0,0,0,1,0,0,1,1,2,0,0,0,0,0,2,0,0,12,0,0,0,2,0,0,0,1,0,28,0,0,0,0
"InChI=1S/C11H14ClNO/c12-7-3-9-14-11-5-2-1-4-10(11)6-8-13/h1-5,7H,6,8-9,13H2",1,1,3,0,0,0,0,0,0,0,0,0,0,0,0,0,0,0,0,0,1,0,0,0,0,0,0,0,0,0,0,0,0,6,0,0,0,1,0,0,0,3,0,1,2,0,0,0,0,0,0,0,1,0,0,0,2,0,0,9,0,9,9,0,0,1,3,0,0,0,1,0,0,0,0,0,0,0,0,0,0,0,0,0,0,0,3,3,1,0,1,0,2,1,0,0,0,1,0,0,0,0,0,0,0,0,0,3,0,2,0,6,6,0,0,0,0,0,0,18,3,0,0,0,0,0,0,0,1,0,0,1,1,0,0,0,0,0,0,0,1,0,6,0,0,0,1,0,0,0,0,0,6,0,0,0,0
"InChI=1S/C11H14ClNO/c1-11(2)10(13)6-7-5-8(12)3-4-9(7)14-11/h3-5,10H,6,13H2,1-2H3",1,1,5,0,0,0,0,0,0,0,0,0,0,0,0,0,0,0,0,0,1,0,0,0,0,0,0,0,0,0,0,0,0,0,0,0,0,1,0,0,0,3,0,0,0,0,0,0,1,0,0,0,1,0,0,0,2,0,0,0,0,0,0,6,1,1,3,0,0,2,1,0,0,0,0,0,0,0,0,0,0,0,0,1,0,0,0,3,1,0,1,0,2,0,0,0,0,4,0,0,0,0,0,0,0,0,0,0,0,0,1,6,6,0,0,0,0,1,0,1,0,0,2,0,0,0,1,2,1,0,0,1,1,2,0,0,0,0,0,0,1,0,10,0,0,0,2,0,0,0,1,0,11,2,0,0,0
"InChI=1S/C11H14ClNO/c12-11-7-6-10(8-13-11)14-9-4-2-1-3-5-9/h6-9H,1-5H2",1,1,6,0,0,0,0,0,0,0,0,0,0,0,0,0,0,0,0,0,0,0,0,0,0,0,0,0,0,0,0,0,0,0,0,0,0,0,0,0,0,0,0,0,0,0,0,0,0,0,0,0,0,0,0,0,2,0,0,36,33,26,36,0,1,1,2,0,0,0,0,0,0,0,0,0,0,0,0,0,0,0,0,1,0,0,0,0,0,1,1,0,2,1,0,0,0,2,0,0,0,0,0,0,0,0,0,0,6,4,0,6,4,0,0,0,0,1,0,5,0,0,0,0,0,0,0,0,1,0,0,1,1,2,0,0,0,0,0,2,0,0,12,0,0,0,2,0,0,0,1,0,28,0,0,0,0
"InChI=1S/C11H14ClNO/c1-7-5-10-9(8(2)11(7)12)6-13-3-4-14-10/h5,13H,3-4,6H2,1-2H3",1,1,5,0,0,0,0,0,0,0,0,0,0,0,0,0,0,0,0,0,1,0,0,0,0,0,0,0,0,0,0,0,0,9,0,0,0,1,0,0,0,3,0,0,0,0,0,0,0,0,0,0,2,0,0,0,2,0,0,9,9,9,9,3,2,1,6,0,0,0,1,2,0,0,0,0,0,0,0,0,0,0,0,1,0,0,6,3,1,1,1,0,2,0,0,0,0,1,0,0,0,0,1,0,0,0,0,3,3,0,1,6,6,0,0,0,0,2,0,3,6,1,2,0,0,0,0,2,1,0,0,1,1,2,0,0,0,0,0,0,0,0,11,0,0,0,1,1,0,0,0,0,11,2,0,0,0
"InChI=1S/C11H14ClNO/c1-7-4-8(2)11(6-13-14)9(3)10(7)5-12/h4,6,14H,5H2,1-3H3",1,1,4,0,0,0,0,0,0,0,0,0,0,0,0,0,0,0,0,0,0,0,0,0,0,1,0,1,0,0,1,0,1,3,0,0,0,1,0,0,0,0,0,0,0,0,0,0,0,0,0,1,0,0,0,0,0,0,0,0,0,0,0,6,0,1,1,1,0,0,0,0,0,0,0,0,0,0,0,0,0,1,0,0,0,1,0,0,0,0,1,0,0,1,0,0,0,0,0,0,0,0,0,0,0,0,0,0,0,0,0,6,6,0,0,0,0,0,0,6,0,0,3,0,0,0,0,3,1,0,0,1,3,0,0,0,0,0,0,0,0,1,6,0,0,0,1,0,0,0,0,0,6,0,0,0,0
"InChI=1S/C11H14ClNO/c1-8-4-3-5-10(11(8)14)9(6-12)7-13-2/h3-6,13-14H,7H2,1-2H3",1,1,3,0,0,0,0,0,0,0,0,0,0,0,0,0,0,0,0,0,1,0,0,0,0,0,0,0,0,0,0,0,0,3,0,1,0,2,0,0,0,0,0,1,2,0,0,0,0,1,0,0,2,0,0,0,1,0,3,0,0,0,0,0,0,1,6,0,0,0,1,0,0,0,0,0,0,0,0,0,0,0,0,0,0,0,3,0,1,0,1,0,2,1,0,0,0,1,0,0,0,0,0,0,0,0,0,0,0,2,0,6,6,0,0,0,0,0,0,6,3,1,2,0,3,0,0,2,1,0,0,1,1,0,0,0,0,0,0,0,0,1,6,0,0,0,1,0,0,0,0,0,6,0,0,0,0
"InChI=1S/C11H14ClNO/c12-9-5-4-8-11(13-14)10-6-2-1-3-7-10/h1-3,6-7,14H,4-5,8-9H2",1,1,4,0,0,0,0,0,0,0,0,0,0,0,0,0,0,0,0,0,0,0,0,0,0,1,0,1,0,0,1,0,1,3,0,0,0,1,0,0,0,0,0,0,0,0,0,0,0,0,0,1,0,0,0,0,0,3,3,27,9,0,27,0,0,1,1,1,0,0,0,0,0,0,0,0,0,0,0,0,0,1,0,0,0,1,0,3,0,0,1,0,0,1,0,0,0,0,0,0,0,0,0,0,0,0,0,0,0,0,0,6,6,0,0,0,0,0,0,24,0,0,0,0,0,0,0,0,1,0,0,1,3,0,0,0,0,0,0,0,0,1,6,0,0,0,1,0,0,0,0,0,6,0,0,0,0
"InChI=1S/C11H14ClNO/c1-14-10-5-4-8-3-2-6-13-7-9(8)11(10)12/h4-5,13H,2-3,6-7H2,1H3",1,1,5,0,0,0,0,0,0,0,0,0,0,0,0,0,0,0,0,0,1,0,0,0,0,0,0,0,0,0,0,0,0,6,0,1,0,1,0,0,0,3,0,0,0,0,0,0,0,0,0,0,2,0,0,0,2,3,3,18,18,17,18,0,1,1,6,0,0,0,1,2,0,0,0,0,0,0,0,0,0,0,0,0,0,0,6,3,1,1,1,0,2,1,0,0,0,1,0,0,0,0,0,0,0,0,0,0,0,2,0,6,6,0,0,0,0,1,0,4,6,1,1,0,0,0,0,1,1,0,0,1,1,2,0,0,0,0,0,0,0,0,11,0,0,0,1,1,0,0,0,0,15,2,0,0,0
"InChI=1S/C11H14ClNO/c1-3-13-10-8(7(2)11(13)14)5-4-6-9(10)12/h3-6H2,1-2H3",1,0,6,0,0,0,0,0,0,0,0,0,0,0,0,0,0,0,0,0,1,0,1,0,0,0,0,0,0,0,0,0,0,3,0,0,0,0,0,0,0,0,2,2,4,0,0,0,0,2,1,0,3,0,1,1,0,0,0,18,0,26,18,3,1,1,5,0,0,0,1,2,0,0,0,0,0,0,0,0,0,0,1,0,0,0,3,0,0,1,1,1,0,0,0,0,0,0,1,1,0,0,0,0,0,0,0,0,0,2,0,0,0,0,0,0,0,1,0,9,0,0,2,3,0,6,0,2,1,0,0,1,1,2,0,0,0,0,0,0,0,0,9,0,0,1,1,0,0,0,0,0,12,2,0,0,0
"InChI=1S/C11H14ClNO/c1-9-3-4-11(10(7-9)8-13)14-6-2-5-12/h2-5,7H,6,8,13H2,1H3",1,1,3,0,0,0,0,0,0,0,0,0,0,0,0,0,0,0,0,0,1,0,0,0,0,0,0,0,0,0,0,0,0,6,0,0,0,1,0,0,0,0,0,1,2,0,0,0,0,0,0,0,1,0,0,0,2,0,0,0,0,9,0,0,0,1,3,0,0,0,1,0,0,0,0,0,0,0,0,0,0,0,0,0,0,0,3,0,1,0,1,0,2,1,0,0,0,1,0,0,0,0,1,0,0,0,0,3,0,2,0,6,6,0,0,0,0,0,0,12,3,0,1,0,0,3,0,1,1,0,0,1,1,0,0,0,0,0,0,0,1,0,6,0,0,0,1,0,0,0,0,0,6,0,0,0,0
"InChI=1S/C11H14ClNO/c1-14-11-5-4-10(12)9-6-7(13)2-3-8(9)11/h4-5,7H,2-3,6,13H2,1H3",1,1,5,0,0,0,0,0,0,0,0,0,0,0,0,0,0,0,0,0,1,0,0,0,0,0,0,0,0,0,0,0,0,0,0,1,0,1,0,0,0,6,0,0,0,0,0,0,0,0,0,0,1,0,0,0,2,3,0,9,17,8,9,0,0,1,3,0,0,2,1,0,0,0,0,0,0,0,0,0,0,0,0,0,0,0,0,6,1,0,1,0,2,1,0,0,0,1,0,0,0,0,0,0,0,0,0,0,0,2,0,6,6,0,0,0,0,0,0,3,0,0,1,0,0,3,0,1,1,0,0,1,1,2,0,0,0,0,0,0,1,0,10,0,0,0,2,0,0,0,0,0,15,2,0,0,0
"InChI=1S/C11H14ClNO/c1-9(12)7-13-8-10-3-5-11(14-2)6-4-10/h3-6,13H,1,7-8H2,2H3",1,1,3,0,0,0,0,0,0,0,0,0,0,0,0,0,0,0,0,0,1,0,0,0,0,0,0,0,0,0,0,0,0,6,0,1,0,1,0,0,0,0,0,1,2,0,0,0,0,0,0,0,2,0,0,0,2,2,0,0,0,6,0,0,0,1,6,0,0,0,1,0,0,0,0,0,0,0,0,0,0,0,0,0,0,0,6,0,1,0,1,0,2,1,0,0,0,1,0,0,0,0,0,0,0,0,0,0,0,2,0,6,6,0,0,0,0,0,1,15,6,1,1,0,0,0,0,1,1,0,0,1,1,0,0,0,0,0,0,0,0,0,6,0,0,0,1,0,0,0,0,0,6,0,0,0,0
"InChI=1S/C11H14ClNO/c1-9(12)7-13-8-10-4-3-5-11(6-10)14-2/h3-6,13H,1,7-8H2,2H3",1,1,3,0,0,0,0,0,0,0,0,0,0,0,0,0,0,0,0,0,1,0,0,0,0,0,0,0,0,0,0,0,0,6,0,1,0,1,0,0,0,0,0,1,2,0,0,0,0,0,0,0,2,0,0,0,2,2,0,0,0,6,0,0,0,1,6,0,0,0,1,0,0,0,0,0,0,0,0,0,0,0,0,0,0,0,6,0,1,0,1,0,2,1,0,0,0,1,0,0,0,0,0,0,0,0,0,0,0,2,0,6,6,0,0,0,0,0,1,15,6,1,1,0,0,0,0,1,1,0,0,1,1,0,0,0,0,0,0,0,0,0,6,0,0,0,1,0,0,0,0,0,6,0,0,0,0
"InChI=1S/C11H14ClNO/c12-9-6-11(8-13-7-9)14-10-4-2-1-3-5-10/h6-8,10H,1-5H2",1,1,6,0,0,0,0,0,0,0,0,0,0,0,0,0,0,0,0,0,0,0,0,0,0,0,0,0,0,0,0,0,0,0,0,0,0,0,0,0,0,0,0,0,0,0,0,0,0,0,0,0,0,0,0,0,2,0,0,36,33,26,36,0,1,1,2,0,0,0,0,0,0,0,0,0,0,0,0,0,0,0,0,1,0,0,0,0,0,1,1,0,2,1,0,0,0,2,0,0,0,0,0,0,0,0,0,0,6,4,0,6,4,0,0,0,0,1,0,5,0,0,0,0,0,0,0,0,1,0,0,1,1,2,0,0,0,0,0,2,0,0,12,0,0,0,2,0,0,0,1,0,28,0,0,0,0
"InChI=1S/C11H14ClNO/c1-9(12)8-14-11-4-2-10(3-5-11)6-7-13/h2-5H,1,6-8,13H2",1,1,3,0,0,0,0,0,0,0,0,0,0,0,0,0,0,0,0,0,1,0,0,0,0,0,0,0,0,0,0,0,0,6,0,0,0,1,0,0,0,3,0,1,2,0,0,0,0,0,0,0,1,0,0,0,2,0,0,9,0,0,9,0,0,1,3,0,0,0,1,0,0,0,0,0,0,0,0,0,0,0,0,0,0,0,3,3,1,0,1,0,2,1,0,0,0,1,0,0,0,0,0,0,0,0,0,3,0,2,0,6,6,0,0,0,0,0,1,21,3,0,0,0,0,0,0,0,1,0,0,1,1,0,0,0,0,0,0,0,1,0,6,0,0,0,1,0,0,0,0,0,6,0,0,0,0
"InChI=1S/C11H14ClNO/c1-9(12)8-14-11-5-3-10(4-6-11)7-13-2/h3-6,13H,1,7-8H2,2H3",1,1,3,0,0,0,0,0,0,0,0,0,0,0,0,0,0,0,0,0,1,0,0,0,0,0,0,0,0,0,0,0,0,6,0,1,0,1,0,0,0,0,0,1,2,0,0,0,0,0,0,0,2,0,0,0,2,0,0,0,0,0,0,0,0,1,6,0,0,0,1,0,0,0,0,0,0,0,0,0,0,0,0,0,0,0,3,0,1,0,1,0,2,1,0,0,0,1,0,0,0,0,0,0,0,0,0,3,0,2,0,6,6,0,0,0,0,0,1,15,3,1,1,0,3,0,0,1,1,0,0,1,1,0,0,0,0,0,0,0,0,0,6,0,0,0,1,0,0,0,0,0,6,0,0,0,0
"InChI=1S/C11H14ClNO/c12-10(11-5-3-7-14-11)8-9-4-1-2-6-13-9/h1-2,4,6,10-11H,3,5,7-8H2",1,1,6,0,0,0,0,0,0,0,0,0,0,0,0,0,0,0,0,0,0,0,1,0,0,0,0,0,0,0,0,0,0,3,0,0,0,0,0,0,0,0,0,0,0,0,0,0,0,0,0,0,0,0,0,0,2,0,0,18,17,26,18,0,2,1,2,0,0,0,0,0,0,0,0,0,0,0,0,0,0,0,0,0,0,0,0,3,0,1,1,0,0,0,0,0,0,1,0,0,0,0,0,0,0,0,0,3,6,0,1,6,4,0,0,0,0,2,0,9,0,0,0,0,0,0,0,0,1,0,0,1,3,0,0,0,0,0,0,2,0,0,11,0,0,1,1,0,0,0,1,0,16,0,0,0,0
"InChI=1S/C11H14ClNO/c1-14-11-6-3-2-5-10(11)9-13-8-4-7-12/h2-3,5-6,9H,4,7-8H2,1H3",1,1,4,0,0,0,0,0,0,0,0,0,0,0,0,0,0,0,0,0,0,0,0,0,0,0,0,0,0,0,0,0,0,6,0,1,0,0,0,0,0,0,0,0,0,0,0,0,0,0,0,1,1,0,0,0,2,0,0,18,0,0,18,0,0,1,4,1,0,0,0,0,0,0,0,0,0,0,0,0,0,0,0,0,0,0,3,3,0,0,1,0,2,1,0,0,0,1,0,0,0,0,1,0,0,0,0,0,0,2,0,6,6,0,0,0,0,0,0,18,0,0,1,0,0,0,0,1,1,0,0,1,3,0,0,0,0,0,0,0,0,0,6,0,0,0,1,0,0,0,0,0,6,0,0,0,0
"InChI=1S/C11H14ClNO/c12-10-5-6-11(13-7-10)14-8-9-3-1-2-4-9/h5-7,9H,1-4,8H2",1,1,6,0,0,0,0,0,0,0,0,0,0,0,0,0,0,0,0,0,0,0,0,0,0,0,0,0,0,0,0,0,0,3,0,0,0,0,0,0,0,0,0,0,0,0,0,0,1,0,0,0,0,0,0,0,2,0,0,27,38,27,27,0,1,1,2,0,0,0,0,0,0,0,0,0,0,0,0,0,0,0,1,0,0,0,0,0,0,1,1,0,2,1,0,0,0,0,1,1,0,0,0,0,0,0,0,3,0,2,0,6,4,0,0,0,0,1,0,10,0,0,0,0,0,0,0,0,1,0,0,1,1,2,0,0,0,0,0,2,0,0,11,0,0,1,1,0,0,0,1,0,24,0,0,0,0
"InChI=1S/C11H14ClNO/c1-3-9-4-5-10(12)8-11(9)13-6-7-14-2/h3-5,8H,6-7H2,1-2H3",1,0,4,0,0,0,0,0,0,0,0,0,0,0,0,0,0,0,0,0,0,0,0,0,0,0,0,0,0,0,0,0,0,6,0,1,0,0,0,0,0,0,0,3,6,0,0,0,0,1,0,1,1,0,0,0,2,0,0,9,0,0,9,3,0,1,4,1,0,2,0,0,0,0,0,0,0,0,0,0,0,0,0,1,0,0,3,3,0,0,1,0,0,1,0,0,0,0,0,0,0,0,0,0,0,0,0,3,3,0,0,0,0,0,0,0,0,0,0,12,0,1,2,0,3,0,0,2,1,0,0,1,1,2,0,0,0,0,0,0,0,0,6,0,0,0,1,0,0,0,0,0,6,0,0,0,0
"InChI=1S/C11H14ClNO/c1-9(12)8-14-11-5-3-4-10(6-11)7-13-2/h3-6,13H,1,7-8H2,2H3",1,1,3,0,0,0,0,0,0,0,0,0,0,0,0,0,0,0,0,0,1,0,0,0,0,0,0,0,0,0,0,0,0,6,0,1,0,1,0,0,0,0,0,1,2,0,0,0,0,0,0,0,2,0,0,0,2,0,0,0,0,0,0,0,0,1,6,0,0,0,1,0,0,0,0,0,0,0,0,0,0,0,0,0,0,0,3,0,1,0,1,0,2,1,0,0,0,1,0,0,0,0,0,0,0,0,0,3,0,2,0,6,6,0,0,0,0,0,1,15,3,1,1,0,3,0,0,1,1,0,0,1,1,0,0,0,0,0,0,0,0,0,6,0,0,0,1,0,0,0,0,0,6,0,0,0,0
"InChI=1S/C11H14ClNO/c1-14-7-5-9-8(10(12)6-7)3-2-4-11(9)13/h5-6,11H,2-4,13H2,1H3",1,1,5,0,0,0,0,0,0,0,0,0,0,0,0,0,0,0,0,0,1,0,0,0,0,0,0,0,0,0,0,0,0,0,0,1,0,1,0,0,0,3,0,0,0,0,0,0,0,0,0,0,1,0,0,0,2,3,6,18,0,8,18,0,0,1,3,0,0,2,1,0,0,0,0,0,0,0,0,0,0,0,0,0,0,0,0,3,1,0,1,0,2,1,0,0,0,1,0,0,0,0,0,0,0,0,0,0,0,2,0,6,6,0,0,0,0,0,0,3,0,0,1,0,0,0,0,1,1,0,0,1,1,2,0,0,0,0,0,0,1,0,10,0,0,0,2,0,0,0,0,0,15,2,0,0,0
"InChI=1S/C11H14ClNO/c1-9(12)8-14-11-4-2-3-10(7-11)5-6-13/h2-4,7H,1,5-6,8,13H2",1,1,3,0,0,0,0,0,0,0,0,0,0,0,0,0,0,0,0,0,1,0,0,0,0,0,0,0,0,0,0,0,0,6,0,0,0,1,0,0,0,3,0,1,2,0,0,0,0,0,0,0,1,0,0,0,2,0,0,9,0,0,9,0,0,1,3,0,0,0,1,0,0,0,0,0,0,0,0,0,0,0,0,0,0,0,3,3,1,0,1,0,2,1,0,0,0,1,0,0,0,0,0,0,0,0,0,3,0,2,0,6,6,0,0,0,0,0,1,21,3,0,0,0,0,0,0,0,1,0,0,1,1,0,0,0,0,0,0,0,1,0,6,0,0,0,1,0,0,0,0,0,6,0,0,0,0
"InChI=1S/C11H14ClNO/c12-7-1-9-14-11-4-2-10(3-5-11)6-8-13/h1-5,7H,6,8-9,13H2",1,1,3,0,0,0,0,0,0,0,0,0,0,0,0,0,0,0,0,0,1,0,0,0,0,0,0,0,0,0,0,0,0,6,0,0,0,1,0,0,0,3,0,1,2,0,0,0,0,0,0,0,1,0,0,0,2,0,0,9,0,0,9,0,0,1,3,0,0,0,1,0,0,0,0,0,0,0,0,0,0,0,0,0,0,0,3,3,1,0,1,0,2,1,0,0,0,1,0,0,0,0,0,0,0,0,0,3,0,2,0,6,6,0,0,0,0,0,0,18,3,0,0,0,0,0,0,0,1,0,0,1,1,0,0,0,0,0,0,0,1,0,6,0,0,0,1,0,0,0,0,0,6,0,0,0,0
"InChI=1S/C11H14ClNO/c1-13-9-10-3-5-11(6-4-10)14-8-2-7-12/h2-7,13H,8-9H2,1H3",1,1,3,0,0,0,0,0,0,0,0,0,0,0,0,0,0,0,0,0,1,0,0,0,0,0,0,0,0,0,0,0,0,6,0,1,0,1,0,0,0,0,0,1,2,0,0,0,0,0,0,0,2,0,0,0,2,0,0,0,0,0,0,0,0,1,6,0,0,0,1,0,0,0,0,0,0,0,0,0,0,0,0,0,0,0,3,0,1,0,1,0,2,1,0,0,0,1,0,0,0,0,0,0,0,0,0,3,0,2,0,6,6,0,0,0,0,0,0,12,3,1,1,0,3,0,0,1,1,0,0,1,1,0,0,0,0,0,0,0,0,0,6,0,0,0,1,0,0,0,0,0,6,0,0,0,0
"InChI=1S/C11H14ClNO/c1-11(2)5-8-7(9(14)6-11)3-4-10(12)13-8/h3-4,9,14H,5-6H2,1-2H3",1,1,6,0,0,0,0,0,0,0,0,0,0,0,0,0,0,0,0,0,0,0,0,0,0,0,0,0,0,0,0,0,0,0,0,0,0,1,0,0,0,3,0,0,0,0,0,0,1,0,0,0,0,0,0,0,1,0,6,0,0,8,0,0,1,1,2,0,0,0,0,0,0,0,0,0,0,0,0,0,0,0,0,0,0,0,0,3,0,1,1,0,0,1,0,0,0,1,0,0,0,0,1,0,0,0,0,0,3,2,0,6,4,0,0,0,0,1,0,2,0,0,2,0,12,0,1,2,1,0,0,1,1,2,0,0,0,0,0,2,0,1,10,0,0,0,2,0,0,0,1,0,14,2,0,0,0
"InChI=1S/C11H14ClNO/c1-4-5-14-11-8(2)7-13-10(6-12)9(11)3/h4,7H,1,5-6H2,2-3H3",1,1,4,0,0,0,0,0,0,0,0,0,0,0,0,0,0,0,0,0,0,0,0,0,0,0,0,0,0,0,0,0,0,6,0,0,0,0,0,0,0,0,0,1,2,0,0,0,0,0,0,0,0,0,0,0,2,0,0,0,0,0,0,3,1,1,2,0,0,0,0,0,0,0,0,0,0,0,0,0,0,0,0,0,0,0,0,3,0,1,1,0,2,1,0,0,0,1,0,0,0,0,2,0,0,0,0,3,0,2,0,6,4,0,0,0,0,1,1,15,0,0,2,0,0,6,0,2,1,0,0,1,3,0,0,0,0,0,0,2,0,0,6,0,0,0,1,0,0,0,1,0,4,0,0,0,0
"InChI=1S/C11H14ClNO/c1-13-9-10-4-2-5-11(8-10)14-7-3-6-12/h2-6,8,13H,7,9H2,1H3",1,1,3,0,0,0,0,0,0,0,0,0,0,0,0,0,0,0,0,0,1,0,0,0,0,0,0,0,0,0,0,0,0,6,0,1,0,1,0,0,0,0,0,1,2,0,0,0,0,0,0,0,2,0,0,0,2,0,0,0,0,0,0,0,0,1,6,0,0,0,1,0,0,0,0,0,0,0,0,0,0,0,0,0,0,0,3,0,1,0,1,0,2,1,0,0,0,1,0,0,0,0,0,0,0,0,0,3,0,2,0,6,6,0,0,0,0,0,0,12,3,1,1,0,3,0,0,1,1,0,0,1,1,0,0,0,0,0,0,0,0,0,6,0,0,0,1,0,0,0,0,0,6,0,0,0,0
"InChI=1S/C11H14ClNO/c12-10-5-6-13-11(7-10)14-8-9-3-1-2-4-9/h5-7,9H,1-4,8H2",1,1,6,0,0,0,0,0,0,0,0,0,0,0,0,0,0,0,0,0,0,0,0,0,0,0,0,0,0,0,0,0,0,3,0,0,0,0,0,0,0,0,0,0,0,0,0,0,1,0,0,0,0,0,0,0,2,0,0,27,38,27,27,0,1,1,2,0,0,0,0,0,0,0,0,0,0,0,0,0,0,0,1,0,0,0,0,0,0,1,1,0,2,1,0,0,0,0,1,1,0,0,0,0,0,0,0,3,0,2,0,6,4,0,0,0,0,1,0,10,0,0,0,0,0,0,0,0,1,0,0,1,1,2,0,0,0,0,0,2,0,0,11,0,0,1,1,0,0,0,1,0,24,0,0,0,0
"InChI=1S/C11H14ClNO/c12-11-10(6-3-7-13-11)14-8-9-4-1-2-5-9/h3,6-7,9H,1-2,4-5,8H2",1,1,6,0,0,0,0,0,0,0,0,0,0,0,0,0,0,0,0,0,0,0,0,0,0,0,0,0,0,0,0,0,0,3,0,0,0,0,0,0,0,0,0,0,0,0,0,0,1,0,0,0,0,0,0,0,2,0,0,27,38,27,27,0,1,1,2,0,0,0,0,0,0,0,0,0,0,0,0,0,0,0,0,1,0,0,0,0,0,1,1,0,2,1,0,0,0,1,0,0,0,0,0,0,0,0,0,3,0,2,0,6,4,0,0,0,0,1,0,10,0,0,0,0,0,0,0,0,1,0,0,1,1,2,0,0,0,0,0,2,0,0,11,0,0,1,1,0,0,0,1,0,24,0,0,0,0
"InChI=1S/C11H14ClNO/c1-3-6-13(2)10(9-12)8-11-5-4-7-14-11/h1,4-5,7,10H,6,8-9H2,2H3",1,0,5,0,0,0,0,0,0,0,0,0,0,0,0,0,0,0,0,0,1,0,1,0,0,0,0,0,0,0,0,0,0,6,0,1,0,0,0,0,0,0,0,0,0,1,0,0,0,0,0,0,3,0,1,0,0,0,0,0,18,0,0,6,1,1,9,0,0,0,1,0,0,0,0,0,0,0,0,0,0,0,0,0,0,0,3,6,0,0,1,0,0,0,0,0,0,1,0,0,0,0,1,0,0,0,0,0,3,0,1,5,3,0,0,0,0,1,0,18,0,1,1,0,3,0,0,1,1,0,0,1,3,0,0,0,0,0,0,0,0,0,5,0,0,1,0,0,0,0,0,0,3,0,0,0,0
"InChI=1S/C11H14ClNO/c12-11-7-6-10(14-11)8-13-9-4-2-1-3-5-9/h1-2,6-7,9,13H,3-5,8H2",1,0,5,0,0,0,0,0,0,0,0,0,0,0,0,0,0,0,0,0,1,0,1,0,0,0,0,0,0,0,0,0,0,3,0,0,0,1,0,0,0,6,0,1,2,0,0,0,0,0,0,0,2,0,0,0,0,3,0,9,35,17,9,0,1,1,6,0,0,2,1,0,0,0,0,0,0,0,0,0,0,0,0,1,0,0,3,6,1,0,1,0,0,0,0,0,0,1,0,0,0,0,0,0,0,0,0,0,3,0,1,5,3,0,0,0,0,1,0,9,3,0,0,0,0,0,0,0,1,0,0,1,1,2,0,0,0,0,0,0,0,0,11,0,0,1,1,0,0,0,0,0,20,0,0,0,0
"InChI=1S/C11H14ClNO/c1-11(2)10(12)9(13)7-5-3-4-6-8(7)14-11/h3-6,9-10H,13H2,1-2H3",1,1,5,0,0,0,0,0,0,0,0,0,0,0,0,0,0,0,0,0,1,0,0,0,0,0,0,0,0,0,0,0,0,0,0,0,0,1,0,0,0,0,0,0,0,0,0,0,1,0,0,0,1,0,0,0,2,0,0,0,0,0,0,0,1,1,3,0,0,2,1,0,0,0,0,0,0,0,0,0,0,0,0,0,0,0,0,0,1,0,1,0,2,0,0,0,0,4,0,0,0,0,2,0,0,0,0,0,0,0,1,6,6,0,0,0,0,1,0,0,0,0,2,0,0,0,1,2,1,0,0,1,3,2,0,0,0,0,0,0,1,0,10,0,0,0,2,0,0,0,1,0,11,2,0,0,0
"InChI=1S/C11H14ClNO/c12-6-2-8-14-11-4-1-3-10(9-11)5-7-13/h1-4,6,9H,5,7-8,13H2",1,1,3,0,0,0,0,0,0,0,0,0,0,0,0,0,0,0,0,0,1,0,0,0,0,0,0,0,0,0,0,0,0,6,0,0,0,1,0,0,0,3,0,1,2,0,0,0,0,0,0,0,1,0,0,0,2,0,0,9,0,0,9,0,0,1,3,0,0,0,1,0,0,0,0,0,0,0,0,0,0,0,0,0,0,0,3,3,1,0,1,0,2,1,0,0,0,1,0,0,0,0,0,0,0,0,0,3,0,2,0,6,6,0,0,0,0,0,0,18,3,0,0,0,0,0,0,0,1,0,0,1,1,0,0,0,0,0,0,0,1,0,6,0,0,0,1,0,0,0,0,0,6,0,0,0,0
"InChI=1S/C11H14ClNO/c12-8-9-4-3-7-13-11(9)14-10-5-1-2-6-10/h3-4,7,10H,1-2,5-6,8H2",1,1,6,0,0,0,0,0,0,0,0,0,0,0,0,0,0,0,0,0,0,0,0,0,0,0,0,0,0,0,0,0,0,3,0,0,0,0,0,0,0,0,0,0,0,0,0,0,0,0,0,0,0,0,0,0,2,0,0,27,20,12,27,0,1,1,2,0,0,0,0,0,0,0,0,0,0,0,0,0,0,0,1,0,0,0,0,0,0,1,1,0,2,1,0,0,0,1,1,1,0,0,0,0,0,0,0,0,6,4,0,6,4,0,0,0,0,1,0,10,0,0,0,0,0,0,0,0,1,0,0,1,3,0,0,0,0,0,0,2,0,0,11,0,0,1,1,0,0,0,1,0,24,0,0,0,0
"InChI=1S/C11H14ClNO/c12-11(10-3-6-14-8-10)7-9-1-4-13-5-2-9/h1-2,4-5,10-11H,3,6-8H2",1,1,6,0,0,0,0,0,0,0,0,0,0,0,0,0,0,0,0,0,0,0,1,0,0,0,0,0,0,0,0,0,0,6,0,0,0,0,0,0,0,0,0,0,0,0,0,0,1,0,0,0,0,0,0,0,2,0,0,9,32,13,9,0,2,1,2,0,0,0,0,0,0,0,0,0,0,0,0,0,0,0,0,0,0,0,0,0,0,1,1,0,0,0,0,0,0,0,0,0,0,0,0,0,0,0,0,6,3,0,1,6,4,0,0,0,0,2,0,9,0,1,0,0,0,0,0,0,1,0,0,1,3,0,0,0,0,0,0,2,0,0,11,0,0,1,1,0,0,0,1,0,16,0,0,0,0
"InChI=1S/C11H14ClNO/c1-14-11-4-2-3-9(13-11)7-10(12)8-5-6-8/h2-4,8,10H,5-7H2,1H3",1,1,6,0,0,0,0,0,0,0,0,0,0,0,0,0,0,0,0,0,0,0,0,0,0,0,0,0,0,0,0,0,0,0,0,1,0,0,0,0,0,0,0,0,0,0,0,0,1,0,0,0,0,0,0,0,2,0,0,8,15,12,8,0,1,1,2,0,0,0,0,0,0,0,0,0,0,0,0,0,0,0,1,0,0,0,0,3,0,1,1,0,2,1,0,0,0,0,1,1,0,0,0,0,0,0,0,0,0,2,0,6,4,0,0,0,0,1,0,8,0,0,1,0,0,0,0,1,1,0,0,1,3,0,0,0,0,0,0,2,0,0,9,1,0,0,1,0,0,0,1,0,16,0,0,0,0
"InChI=1S/C11H14ClNO/c1-11(8-10(12)4-7-14-11)9-2-5-13-6-3-9/h2-3,5-6,10H,4,7-8H2,1H3",1,1,6,0,0,0,0,0,0,0,0,0,0,0,0,0,0,0,0,0,0,0,0,0,0,0,0,0,0,0,0,0,0,3,0,0,0,0,0,0,0,0,0,0,0,0,0,0,1,0,0,0,0,0,0,0,2,0,0,9,17,8,9,3,2,1,2,0,0,0,0,0,0,0,0,0,0,0,0,0,0,0,0,0,0,0,0,0,0,1,1,0,0,0,0,0,0,3,0,0,0,0,0,0,0,0,0,3,6,0,1,6,4,0,0,0,0,2,0,3,0,0,1,0,3,6,0,1,1,0,0,1,3,2,0,0,0,0,0,2,0,0,12,0,0,0,2,0,0,0,2,1,20,0,0,0,0
"InChI=1S/C11H14ClNO/c1-7-10-6-9(12)3-2-8(10)4-5-13-11(7)14/h2,6-7,9H,3-5H2,1H3,(H,13,14)",1,0,6,0,0,0,0,0,0,0,0,0,0,0,0,0,0,0,0,0,0,0,0,0,0,0,0,0,0,0,0,0,0,3,0,0,0,1,0,0,0,0,2,2,4,0,0,0,1,2,0,1,1,0,0,0,1,3,3,9,9,9,9,0,1,1,4,1,0,0,0,0,0,0,0,0,0,0,0,0,0,0,1,0,0,0,3,3,0,1,1,0,0,1,0,0,0,0,1,1,0,0,0,0,0,0,0,0,0,2,0,0,0,0,0,0,0,1,0,3,0,0,1,0,0,6,0,1,1,0,0,1,3,2,0,0,0,0,0,0,0,1,11,0,0,0,1,1,0,0,0,0,14,2,0,0,0
"InChI=1S/C11H14ClNO/c12-8-9-4-3-7-11(13-9)14-10-5-1-2-6-10/h3-4,7,10H,1-2,5-6,8H2",1,1,6,0,0,0,0,0,0,0,0,0,0,0,0,0,0,0,0,0,0,0,0,0,0,0,0,0,0,0,0,0,0,3,0,0,0,0,0,0,0,0,0,0,0,0,0,0,0,0,0,0,0,0,0,0,2,0,0,27,20,12,27,0,1,1,2,0,0,0,0,0,0,0,0,0,0,0,0,0,0,0,1,0,0,0,0,3,0,1,1,0,2,1,0,0,0,1,1,1,0,0,0,0,0,0,0,0,6,4,0,6,4,0,0,0,0,1,0,10,0,0,0,0,0,0,0,0,1,0,0,1,3,0,0,0,0,0,0,2,0,0,11,0,0,1,1,0,0,0,1,0,24,0,0,0,0
"InChI=1S/C11H14ClNO/c1-14-10-6-7-13-11-8(10)4-2-3-5-9(11)12/h6-7,9H,2-5H2,1H3",1,1,6,0,0,0,0,0,0,0,0,0,0,0,0,0,0,0,0,0,0,0,0,0,0,0,0,0,0,0,0,0,0,0,0,1,0,0,0,0,0,0,0,0,0,0,0,0,0,0,0,0,0,0,0,0,2,0,0,27,9,9,27,0,1,1,2,0,0,0,0,0,0,0,0,0,0,0,0,0,0,0,0,0,0,0,0,0,0,1,1,0,2,1,0,0,0,1,0,0,0,0,2,0,0,0,0,0,0,2,0,6,4,0,0,0,0,1,0,4,0,0,1,0,0,3,0,1,1,0,0,1,3,2,0,0,0,0,0,2,0,0,11,0,0,0,1,1,0,0,1,0,18,2,0,0,0
"InChI=1S/C11H14ClNO/c1-11(2,7-13)8-4-5-9(12)10(6-8)14-3/h6H,4-5H2,1-3H3",1,0,6,0,0,0,0,0,0,0,0,0,0,0,0,0,0,0,0,0,0,0,0,0,0,0,0,0,0,0,0,0,0,0,0,1,0,0,0,0,0,0,0,2,4,0,0,0,1,1,0,0,0,1,0,0,2,0,0,9,0,0,9,6,0,1,0,0,0,0,0,0,0,0,0,0,0,0,0,0,0,0,0,0,0,0,0,0,0,0,1,0,0,1,0,0,0,1,0,0,0,0,0,0,0,0,0,0,0,2,0,0,0,0,0,0,0,0,0,2,0,0,3,0,0,9,1,3,1,0,0,1,1,2,0,0,0,0,0,0,0,0,6,0,0,0,1,0,0,0,0,0,11,0,0,0,0
"InChI=1S/C11H14ClNO/c1-11(8-9(12)5-7-14-11)10-4-2-3-6-13-10/h2-4,6,9H,5,7-8H2,1H3",1,1,6,0,0,0,0,0,0,0,0,0,0,0,0,0,0,0,0,0,0,0,0,0,0,0,0,0,0,0,0,0,0,3,0,0,0,0,0,0,0,0,0,0,0,0,0,0,1,0,0,0,0,0,0,0,2,0,0,9,17,8,9,3,2,1,2,0,0,0,0,0,0,0,0,0,0,0,0,0,0,0,0,1,0,0,0,0,0,1,1,0,0,0,0,0,0,3,0,0,0,0,0,0,0,0,0,3,6,0,1,6,4,0,0,0,0,2,0,3,0,0,1,0,3,6,0,1,1,0,0,1,3,2,0,0,0,0,0,2,0,0,12,0,0,0,2,0,0,0,2,1,20,0,0,0,0
"InChI=1S/C11H14ClNO/c1-11(7-10(12)4-6-14-11)9-3-2-5-13-8-9/h2-3,5,8,10H,4,6-7H2,1H3",1,1,6,0,0,0,0,0,0,0,0,0,0,0,0,0,0,0,0,0,0,0,0,0,0,0,0,0,0,0,0,0,0,3,0,0,0,0,0,0,0,0,0,0,0,0,0,0,1,0,0,0,0,0,0,0,2,0,0,9,17,8,9,3,2,1,2,0,0,0,0,0,0,0,0,0,0,0,0,0,0,0,0,0,0,0,0,0,0,1,1,0,0,0,0,0,0,3,0,0,0,0,1,0,0,0,0,3,6,0,1,6,4,0,0,0,0,2,0,3,0,0,1,0,3,6,0,1,1,0,0,1,3,2,0,0,0,0,0,2,0,0,12,0,0,0,2,0,0,0,2,1,20,0,0,0,0
"InChI=1S/C11H14ClNO/c12-8-9-7-11(5-6-13-9)14-10-3-1-2-4-10/h5-7,10H,1-4,8H2",1,1,6,0,0,0,0,0,0,0,0,0,0,0,0,0,0,0,0,0,0,0,0,0,0,0,0,0,0,0,0,0,0,3,0,0,0,0,0,0,0,0,0,0,0,0,0,0,0,0,0,0,0,0,0,0,2,0,0,27,20,12,27,0,1,1,2,0,0,0,0,0,0,0,0,0,0,0,0,0,0,0,0,0,0,0,0,3,0,1,1,0,2,1,0,0,0,2,0,0,0,0,2,0,0,0,0,0,6,4,0,6,4,0,0,0,0,1,0,10,0,0,0,0,0,0,0,0,1,0,0,1,3,0,0,0,0,0,0,2,0,0,11,0,0,1,1,0,0,0,1,0,24,0,0,0,0
"InChI=1S/C11H14ClNO/c1-14-11-5-3-10(4-6-11)9-13-8-2-7-12/h3-6,9H,2,7-8H2,1H3",1,1,4,0,0,0,0,0,0,0,0,0,0,0,0,0,0,0,0,0,0,0,0,0,0,0,0,0,0,0,0,0,0,6,0,1,0,0,0,0,0,0,0,0,0,0,0,0,0,0,0,1,1,0,0,0,2,0,0,18,0,0,18,0,0,1,4,1,0,0,0,0,0,0,0,0,0,0,0,0,0,0,0,0,0,0,3,3,0,0,1,0,2,1,0,0,0,1,0,0,0,0,0,0,0,0,0,0,0,2,0,6,6,0,0,0,0,0,0,18,0,0,1,0,0,0,0,1,1,0,0,1,3,0,0,0,0,0,0,0,0,0,6,0,0,0,1,0,0,0,0,0,6,0,0,0,0
"InChI=1S/C11H14ClNO/c12-8-9-5-6-13-11(7-9)14-10-3-1-2-4-10/h5-7,10H,1-4,8H2",1,1,6,0,0,0,0,0,0,0,0,0,0,0,0,0,0,0,0,0,0,0,0,0,0,0,0,0,0,0,0,0,0,3,0,0,0,0,0,0,0,0,0,0,0,0,0,0,0,0,0,0,0,0,0,0,2,0,0,27,20,12,27,0,1,1,2,0,0,0,0,0,0,0,0,0,0,0,0,0,0,0,1,0,0,0,0,0,0,1,1,0,2,1,0,0,0,1,1,1,0,0,0,0,0,0,0,0,6,4,0,6,4,0,0,0,0,1,0,10,0,0,0,0,0,0,0,0,1,0,0,1,3,0,0,0,0,0,0,2,0,0,11,0,0,1,1,0,0,0,1,0,24,0,0,0,0
"InChI=1S/C11H14ClNO/c12-7-9-5-6-11(13-8-9)14-10-3-1-2-4-10/h5-6,8,10H,1-4,7H2",1,1,6,0,0,0,0,0,0,0,0,0,0,0,0,0,0,0,0,0,0,0,0,0,0,0,0,0,0,0,0,0,0,3,0,0,0,0,0,0,0,0,0,0,0,0,0,0,0,0,0,0,0,0,0,0,2,0,0,27,20,12,27,0,1,1,2,0,0,0,0,0,0,0,0,0,0,0,0,0,0,0,1,0,0,0,0,0,0,1,1,0,2,1,0,0,0,1,1,1,0,0,0,0,0,0,0,0,6,4,0,6,4,0,0,0,0,1,0,10,0,0,0,0,0,0,0,0,1,0,0,1,3,0,0,0,0,0,0,2,0,0,11,0,0,1,1,0,0,0,1,0,24,0,0,0,0
"InChI=1S/C11H14ClNO/c12-11(9-4-6-14-8-9)7-10-3-1-2-5-13-10/h1-3,5,9,11H,4,6-8H2",1,1,6,0,0,0,0,0,0,0,0,0,0,0,0,0,0,0,0,0,0,0,1,0,0,0,0,0,0,0,0,0,0,6,0,0,0,0,0,0,0,0,0,0,0,0,0,0,1,0,0,0,0,0,0,0,2,0,0,9,32,13,9,0,2,1,2,0,0,0,0,0,0,0,0,0,0,0,0,0,0,0,0,0,0,0,0,3,0,1,1,0,0,0,0,0,0,0,0,0,0,0,0,0,0,0,0,6,3,0,1,6,4,0,0,0,0,2,0,9,0,1,0,0,0,0,0,0,1,0,0,1,3,0,0,0,0,0,0,2,0,0,11,0,0,1,1,0,0,0,1,0,16,0,0,0,0
"InChI=1S/C11H14ClNO/c1-6-4-8(6)10-9(5-12)11(14-13-10)7-2-3-7/h6-8H,2-5H2,1H3",1,0,8,0,0,0,0,0,0,0,0,0,0,0,0,0,0,0,0,0,0,0,1,0,0,1,0,0,0,0,1,0,1,3,0,0,0,0,0,0,0,0,0,0,0,0,0,0,3,0,0,0,0,0,0,0,0,0,0,8,0,24,8,2,2,1,1,0,0,0,0,0,0,0,0,0,0,0,0,0,0,1,0,0,0,0,0,0,0,1,1,0,0,0,0,0,0,1,0,0,0,0,1,0,0,0,0,0,0,0,1,5,2,0,0,0,0,2,0,9,0,0,1,0,3,0,0,1,1,0,0,1,3,0,0,0,0,0,0,1,0,0,11,2,0,1,0,0,0,0,0,2,26,0,0,0,0
"InChI=1S/C11H14ClNO/c1-14-11-5-2-4-10(8-11)9-13-7-3-6-12/h2,4-5,8-9H,3,6-7H2,1H3",1,1,4,0,0,0,0,0,0,0,0,0,0,0,0,0,0,0,0,0,0,0,0,0,0,0,0,0,0,0,0,0,0,6,0,1,0,0,0,0,0,0,0,0,0,0,0,0,0,0,0,1,1,0,0,0,2,0,0,18,0,0,18,0,0,1,4,1,0,0,0,0,0,0,0,0,0,0,0,0,0,0,0,0,0,0,3,3,0,0,1,0,2,1,0,0,0,1,0,0,0,0,0,0,0,0,0,0,0,2,0,6,6,0,0,0,0,0,0,18,0,0,1,0,0,0,0,1,1,0,0,1,3,0,0,0,0,0,0,0,0,0,6,0,0,0,1,0,0,0,0,0,6,0,0,0,0
"InChI=1S/C11H14ClNO/c12-5-6-13-8-10-7-9-3-1-2-4-11(9)14-10/h1-4,10,13H,5-8H2",1,1,5,0,0,0,0,0,0,0,0,0,0,0,0,0,0,0,0,0,1,0,1,0,0,0,0,0,0,0,0,0,0,9,0,0,0,1,0,0,0,3,0,0,0,0,0,0,0,0,0,0,2,0,0,0,2,3,0,9,9,9,9,0,1,1,6,0,0,0,1,0,0,0,0,0,0,0,0,0,0,0,0,1,0,0,6,3,1,0,1,0,2,0,0,0,0,2,0,0,0,0,0,0,0,0,0,0,6,0,1,6,6,0,0,0,0,1,0,19,6,1,0,0,0,0,0,0,1,0,0,1,3,0,0,0,0,0,0,0,0,0,9,0,0,1,1,0,0,0,0,0,7,2,0,0,0
"InChI=1S/C11H14ClNO/c12-8-11(14)13-7-3-5-9-4-1-2-6-10(9)13/h1-2,6,9H,3-5,7-8H2",1,0,6,0,0,0,0,0,0,0,0,0,0,0,0,0,0,0,0,0,1,0,0,0,0,0,0,0,0,0,0,0,0,6,0,0,0,0,0,0,0,0,1,2,4,0,0,0,1,0,1,0,3,0,1,1,0,0,0,18,18,35,18,0,1,1,5,0,0,0,1,2,0,0,0,0,0,0,0,0,0,0,1,0,0,0,3,6,0,1,1,1,0,0,0,0,0,0,1,1,0,0,0,0,0,0,0,0,3,0,0,0,0,0,0,0,0,1,0,10,0,0,0,0,0,0,0,0,1,0,0,1,3,0,0,0,0,0,0,0,0,0,10,0,0,0,2,0,0,0,1,0,18,2,0,0,0
"InChI=1S/C11H14ClNO/c12-8-7-11(14-10-4-9-13)5-2-1-3-6-11/h1-6,10H2",1,0,8,0,0,0,0,0,0,0,0,0,0,0,0,0,0,0,0,0,0,0,0,0,0,0,0,0,0,0,0,0,0,3,0,0,0,0,0,0,0,0,0,0,0,1,0,0,1,0,0,0,0,1,0,0,2,0,0,45,51,62,45,0,0,1,0,0,0,0,0,0,0,0,0,0,0,0,0,0,0,0,0,0,0,0,0,3,0,0,1,0,0,1,0,0,0,3,0,0,0,0,1,0,0,0,0,3,9,2,0,0,0,0,0,0,0,0,0,17,0,0,0,0,0,0,0,0,1,0,0,1,0,0,0,0,0,0,0,0,0,0,6,0,0,0,1,0,0,0,0,0,24,0,0,0,0
"InChI=1S/C11H14ClNO/c1-11-6-4-3-5-9(11)13(2)10(14)8(12)7-11/h5,7H,3-4,6H2,1-2H3",1,0,6,0,0,0,0,0,0,0,0,0,0,0,0,0,0,0,0,0,1,0,0,0,0,0,0,0,0,0,0,0,0,0,0,1,0,0,0,0,0,0,1,2,4,0,0,0,1,0,1,0,3,0,1,1,0,0,0,18,0,8,18,3,1,1,5,0,0,0,1,2,0,0,0,0,0,0,0,0,0,0,1,0,0,0,0,0,0,1,1,1,0,0,0,0,0,0,1,1,0,0,0,0,0,0,0,0,0,2,0,0,0,0,0,0,0,1,0,3,0,0,2,0,3,12,0,2,1,0,0,1,1,2,0,0,0,0,0,0,0,0,10,0,0,0,2,0,0,0,1,0,16,2,0,0,0
"InChI=1S/C11H14ClNO/c1-2-3-4-6-10-9-13-11(14-10)7-5-8-12/h1,9H,3-8H2",1,0,6,0,0,0,0,0,0,0,0,0,0,0,0,0,0,0,0,0,0,0,1,0,0,0,0,0,0,0,0,0,0,3,0,0,0,0,0,0,0,0,0,0,0,1,0,0,0,0,0,0,0,0,0,0,0,0,0,36,0,9,36,0,2,1,2,0,0,0,0,0,0,0,0,0,0,0,0,0,0,0,1,1,0,0,0,3,0,1,1,0,0,0,0,0,0,1,1,1,0,0,0,0,0,0,0,0,6,0,1,5,1,0,0,0,0,2,0,36,0,0,0,0,0,0,0,0,1,0,0,1,3,0,0,0,0,0,0,2,0,0,5,0,0,1,0,0,0,0,0,0,1,0,0,0,0
"InChI=1S/C11H14ClNO/c12-10-4-3-9(14-10)11-5-1-7-13(11)8-2-6-11/h3-4H,1-2,5-8H2",1,0,7,0,0,0,0,0,0,0,0,0,0,0,0,0,0,0,0,0,1,0,3,0,0,0,0,0,0,0,0,0,0,6,0,0,0,0,0,0,0,0,0,0,0,0,0,0,1,0,0,0,3,0,1,0,0,0,0,36,70,94,36,0,2,1,9,0,0,0,1,0,0,0,0,0,0,0,0,0,0,0,0,1,0,0,6,12,0,1,1,0,0,0,0,0,0,1,0,0,0,0,0,0,0,0,0,0,0,0,1,5,3,0,0,0,0,2,0,6,0,1,0,0,0,0,0,0,1,0,0,1,1,2,0,0,0,0,0,0,0,0,13,0,0,3,0,0,1,0,0,1,23,2,0,0,0
"InChI=1S/C11H14ClNO/c1-11(2)9(12)6-10(11)14-8-4-3-5-13-7-8/h3-5,7,9-10H,6H2,1-2H3",1,1,6,0,0,0,0,0,0,0,0,0,0,0,0,0,0,0,0,0,0,0,0,0,0,0,0,0,0,0,0,0,0,0,0,0,0,0,0,0,0,0,0,0,0,0,0,0,1,0,0,0,0,0,0,0,2,0,0,0,0,0,0,10,1,1,2,0,0,0,0,0,0,0,0,0,0,0,0,0,0,0,0,1,0,0,0,0,0,1,1,0,2,1,0,0,0,2,0,0,0,0,0,0,0,0,0,0,3,4,0,6,4,0,0,0,0,1,0,1,0,0,2,0,0,0,1,2,1,0,0,1,3,2,0,0,0,0,0,2,0,0,10,0,1,0,1,0,0,0,1,0,20,0,0,0,0
"InChI=1S/C11H14ClNO/c1-14-11-3-2-9-4-6-13(12)7-5-10(9)8-11/h2-3,8H,4-7H2,1H3",1,1,5,0,0,0,0,0,0,0,0,0,0,0,0,0,0,0,0,0,1,0,0,0,0,1,0,0,0,0,1,0,0,6,0,1,1,0,0,0,0,0,0,0,0,0,0,0,0,0,0,0,2,0,0,0,2,0,0,18,27,25,18,0,1,1,6,0,0,0,1,2,0,0,0,0,0,0,0,0,0,0,0,0,0,0,6,6,0,1,1,0,2,1,0,0,0,1,0,0,0,0,0,0,0,0,0,0,0,2,0,6,6,0,0,0,0,1,0,4,0,1,1,0,0,0,0,1,1,0,0,1,1,2,0,0,0,0,0,0,0,0,11,0,0,0,1,1,0,0,0,0,15,2,0,0,0
"InChI=1S/C11H14ClNO/c1-14-11-5-4-9-3-2-6-13(12)8-10(9)7-11/h4-5,7H,2-3,6,8H2,1H3",1,1,5,0,0,0,0,0,0,0,0,0,0,0,0,0,0,0,0,0,1,0,0,0,0,1,0,0,0,0,1,0,0,6,0,1,1,0,0,0,0,0,0,0,0,0,0,0,0,0,0,0,2,0,0,0,2,0,0,18,18,17,18,0,1,1,6,0,0,0,1,2,0,0,0,0,0,0,0,0,0,0,0,0,0,0,6,3,0,1,1,0,2,1,0,0,0,1,0,0,0,0,0,0,0,0,0,0,0,2,0,6,6,0,0,0,0,1,0,4,0,1,1,0,0,0,0,1,1,0,0,1,1,2,0,0,0,0,0,0,0,0,11,0,0,0,1,1,0,0,0,0,15,2,0,0,0
"InChI=1S/C11H14ClNO/c1-14-11-5-4-10-8-13(12)6-2-3-9(10)7-11/h4-5,7H,2-3,6,8H2,1H3",1,1,5,0,0,0,0,0,0,0,0,0,0,0,0,0,0,0,0,0,1,0,0,0,0,1,0,0,0,0,1,0,0,6,0,1,1,0,0,0,0,0,0,0,0,0,0,0,0,0,0,0,2,0,0,0,2,0,0,18,18,17,18,0,1,1,6,0,0,0,1,2,0,0,0,0,0,0,0,0,0,0,0,0,0,0,6,3,0,1,1,0,2,1,0,0,0,1,0,0,0,0,0,0,0,0,0,0,0,2,0,6,6,0,0,0,0,1,0,4,0,1,1,0,0,0,0,1,1,0,0,1,1,2,0,0,0,0,0,0,0,0,11,0,0,0,1,1,0,0,0,0,15,2,0,0,0
"InChI=1S/C11H14ClNO/c12-11(6-13)5-8-1-2-10(11,7-14)9(8)3-4-9/h8,14H,1-5,7H2",1,0,10,0,0,0,0,0,0,0,0,0,0,0,0,0,0,0,0,0,0,0,0,0,0,0,0,0,0,0,0,0,0,3,0,0,0,1,0,0,0,0,0,0,0,0,0,0,4,0,0,0,0,1,0,0,1,3,11,17,95,127,17,0,0,1,0,0,0,0,0,0,0,0,0,0,0,0,0,0,0,0,0,0,0,0,0,0,0,0,1,0,0,1,0,0,0,0,0,0,0,0,0,0,0,0,0,3,0,0,0,0,0,0,0,0,0,0,0,11,3,0,0,0,0,0,0,0,1,0,0,1,3,2,0,0,0,0,0,0,0,1,9,1,0,2,1,0,0,0,0,0,20,6,0,0,0
"InChI=1S/C11H14ClNO/c1-7(12)9-4-8-10(5-13-9)14-6-11(8,2)3/h4-5,7H,6H2,1-3H3",1,1,6,0,0,0,0,0,0,0,0,0,0,0,0,0,0,0,0,0,0,0,1,0,0,0,0,0,0,0,0,0,0,3,0,0,0,0,0,0,0,0,0,0,0,0,0,0,1,0,0,0,0,0,0,0,2,0,0,0,0,0,0,0,2,1,2,0,0,0,0,0,0,0,0,0,0,0,0,0,0,0,0,1,0,0,0,0,0,1,1,0,2,0,0,0,0,1,0,0,0,0,0,0,0,0,0,3,0,0,1,6,4,0,0,0,0,2,0,1,0,0,3,0,6,0,1,3,1,0,0,1,3,0,0,0,0,0,0,2,0,0,9,0,0,1,1,0,0,0,1,0,5,2,0,0,0
"InChI=1S/C11H14ClNO/c12-5-11-13-6-10(14-11)9-4-7-1-2-8(9)3-7/h6-9H,1-5H2",1,0,8,0,0,0,0,0,0,0,0,0,0,0,0,0,0,0,0,0,0,0,1,0,0,0,0,0,0,0,0,0,0,3,0,0,0,0,0,0,0,0,0,0,0,0,0,0,3,0,0,0,0,0,0,0,0,0,0,9,39,21,9,0,2,1,2,0,0,0,0,0,0,0,0,0,0,0,0,0,0,0,1,1,0,0,0,3,0,1,1,0,0,0,0,0,0,1,1,1,0,0,0,0,0,0,0,0,3,0,1,5,1,0,0,0,0,2,0,10,0,0,0,0,0,0,0,0,1,0,0,1,3,0,0,0,0,0,0,2,0,0,12,0,0,3,1,0,0,0,0,1,21,2,0,0,0
